# q (inverse Anstrom)	f(q): 1s	f(q): 2s	f(q): 2p	f(q): 3s	f(q): 3p	f(q): 3d	f(q): 4s	f(q): total
1.000000000000000021e-02	1.997492380499505504e+00	1.997983436604294560e+00	5.994700939380104288e+00	1.998055093067693244e+00	9.991061674583475716e-01	0.000000000000000000e+00	0.000000000000000000e+00	1.298733801700994483e+01
1.355778894472361717e-01	1.997462434626198657e+00	1.997266481767140167e+00	5.992567962220907596e+00	1.985727122477559003e+00	9.881983805692037270e-01	0.000000000000000000e+00	0.000000000000000000e+00	1.296122238166100971e+01
2.611557788944723346e-01	1.997380816006896875e+00	1.995314067452750306e+00	5.986760300967461923e+00	1.952536927643866216e+00	9.591418084244329734e-01	0.000000000000000000e+00	0.000000000000000000e+00	1.289113392049540963e+01
3.867336683417085252e-01	1.997247539168275576e+00	1.992130237129979164e+00	5.977292392752786121e+00	1.899587646339273128e+00	9.137156755128124086e-01	0.000000000000000000e+00	0.000000000000000000e+00	1.277997349090312440e+01
5.123115577889446604e-01	1.997062620649241893e+00	1.987721573876926051e+00	5.964187720677714744e+00	1.828600839752434482e+00	8.545832788510913103e-01	0.000000000000000000e+00	0.000000000000000000e+00	1.263215603380740859e+01
6.378894472361807955e-01	1.996826083291192822e+00	1.982097174143780283e+00	5.947478687250565166e+00	1.741810118456601941e+00	7.849922894270470186e-01	0.000000000000000000e+00	0.000000000000000000e+00	1.245320435256918579e+01
7.634673366834170416e-01	1.996537956287668170e+00	1.975268610531444535e+00	5.927206437540057493e+00	1.641829386924095191e+00	7.084409560706481646e-01	0.000000000000000000e+00	0.000000000000000000e+00	1.224928334735391289e+01
8.890452261306531767e-01	1.996198275184497772e+00	1.967249884611096400e+00	5.903420635909159664e+00	1.531508180271210495e+00	6.283629576149872831e-01	0.000000000000000000e+00	0.000000000000000000e+00	1.202673993359095128e+01
1.014623115577889312e+00	1.995807081871738164e+00	1.958057370117017637e+00	5.876179198505334433e+00	1.413786607816329699e+00	5.478717173626940218e-01	0.000000000000000000e+00	0.000000000000000000e+00	1.179170197567311540e+01
1.140201005025125447e+00	1.995364424572324324e+00	1.947709746902162697e+00	5.845547984065902369e+00	1.291560931843725557e+00	4.695870039872870882e-01	0.000000000000000000e+00	0.000000000000000000e+00	1.154977009137140342e+01
1.265778894472361582e+00	1.994870357828457008e+00	1.936227926104991059e+00	5.811600445959105521e+00	1.167568225882648969e+00	3.955482097184245815e-01	0.000000000000000000e+00	0.000000000000000000e+00	1.130581516549362497e+01
1.391356783919597717e+00	1.994324942486009888e+00	1.923634967031116361e+00	5.774417248702139460e+00	1.044295422972929099e+00	3.272040187690815616e-01	0.000000000000000000e+00	0.000000000000000000e+00	1.106387659996127759e+01
1.516934673366834074e+00	1.993728245677061084e+00	1.909955986303331965e+00	5.734085852471670464e+00	9.239149216890150118e-01	2.654592702980513308e-01	0.000000000000000000e+00	0.000000000000000000e+00	1.082714427643912991e+01
1.642512562814070209e+00	1.993080340800600592e+00	1.895218059878019057e+00	5.690700069347151668e+00	8.082461990906104621e-01	2.107567394936840921e-01	0.000000000000000000e+00	0.000000000000000000e+00	1.059800140861006668e+01
1.768090452261306345e+00	1.992381307501431831e+00	1.879450118564500727e+00	5.644359595200460156e+00	6.987408530262922968e-01	1.631731314759488072e-01	0.000000000000000000e+00	0.000000000000000000e+00	1.037810500576863326e+01
1.893668341708542480e+00	1.991631231647291944e+00	1.862682837716237216e+00	5.595169521266341484e+00	5.964872531992048144e-01	1.225131299340484342e-01	0.000000000000000000e+00	0.000000000000000000e+00	1.016848397376312541e+01
2.019246231155778393e+00	1.990830205304204403e+00	1.844948521788686513e+00	5.543239829496592996e+00	5.022304641552890470e-01	8.839120358734792182e-02	0.000000000000000000e+00	0.000000000000000000e+00	9.969640224332120937e+00
2.144824120603014528e+00	1.989978326710078127e+00	1.826280984478081626e+00	5.488684875818139908e+00	4.164031579216228574e-01	6.029666660218600815e-02	0.000000000000000000e+00	0.000000000000000000e+00	9.781644011530108429e+00
2.270402010050250663e+00	1.989075700246570655e+00	1.806715425168239575e+00	5.431622865382832011e+00	3.391636609544254610e-01	3.764220951990410180e-02	0.000000000000000000e+00	0.000000000000000000e+00	9.604219861271971581e+00
2.395979899497486798e+00	1.988122436409226701e+00	1.786288302418892693e+00	5.372175323817590886e+00	2.704378882848978982e-01	1.979916041212147551e-02	0.000000000000000000e+00	0.000000000000000000e+00	9.436823111342729220e+00
2.521557788944722933e+00	1.987118651775912959e+00	1.765037205229044170e+00	5.310466568360848072e+00	2.099625582002145330e-01	6.123906263879653512e-03	0.000000000000000000e+00	0.000000000000000000e+00	9.278708889829900386e+00
2.647135678391959068e+00	1.986064468973562480e+00	1.743000722802691582e+00	5.246623182608890268e+00	1.573276621570705303e-01	-4.020584615571030571e-03	0.000000000000000000e+00	0.000000000000000000e+00	9.128995451926643412e+00
2.772713567839195203e+00	1.984960016643247727e+00	1.720218313532220211e+00	5.180773498398084875e+00	1.120166513732212127e-01	-1.124577905818479294e-02	0.000000000000000000e+00	0.000000000000000000e+00	8.986722700888590154e+00
2.898291457286431339e+00	1.983805429403599607e+00	1.696730173897155414e+00	5.113047088120810990e+00	7.344319893422529555e-02	-1.612067307372776898e-02	0.000000000000000000e+00	0.000000000000000000e+00	8.850905217282063475e+00
3.023869346733667918e+00	1.982600847812590716e+00	1.672577107953189701e+00	5.043574270519036951e+00	4.098372922758425352e-02	-1.915796542351210288e-02	0.000000000000000000e+00	0.000000000000000000e+00	8.720577990088889564e+00
3.149447236180904053e+00	1.981346418327707637e+00	1.647800398058872018e+00	4.972485632725009097e+00	1.400519987453133219e-02	-2.080483335088443783e-02	0.000000000000000000e+00	0.000000000000000000e+00	8.594832815635236045e+00
3.275025125628140188e+00	1.980042293264525410e+00	1.622441677455566778e+00	4.899911571028408019e+00	-8.112112940772790715e-03	-2.143929957358813379e-02	0.000000000000000000e+00	0.000000000000000000e+00	8.472844129234140098e+00
3.400603015075376323e+00	1.978688630753711930e+00	1.596542805280725341e+00	4.825981852548532736e+00	-2.595684025292785760e-02	-2.137190141443693139e-02	0.000000000000000000e+00	0.000000000000000000e+00	8.353884546915605114e+00
3.526180904522612458e+00	1.977285594696479576e+00	1.570145744555724976e+00	4.750825199683269773e+00	-4.007358090341682499e-02	-2.085096879636231040e-02	0.000000000000000000e+00	0.000000000000000000e+00	8.237331989235695318e+00
3.651758793969848593e+00	1.975833354718511181e+00	1.543292443648015322e+00	4.674568898898457725e+00	-5.095448420730305100e-02	-2.006898257851442990e-02	0.000000000000000000e+00	0.000000000000000000e+00	8.122671230479166837e+00
3.777336683417084728e+00	1.974332086122382757e+00	1.516024721663652652e+00	4.597338435115600142e+00	-5.903495849186408961e-02	-1.916769601434973117e-02	0.000000000000000000e+00	0.000000000000000000e+00	8.009492588395421109e+00
3.902914572864320863e+00	1.972781969838503846e+00	1.488384158181015104e+00	4.519257152656869003e+00	-6.469306165376909057e-02	-1.824098011852498535e-02	0.000000000000000000e+00	0.000000000000000000e+00	7.897489238904094044e+00
4.028492462311556999e+00	1.971183192374604598e+00	1.460411987690102276e+00	4.440445943417101304e+00	-6.825209041602718629e-02	-1.733619544434936849e-02	0.000000000000000000e+00	0.000000000000000000e+00	7.786452837621432366e+00
4.154070351758793578e+00	1.969535945763793316e+00	1.432148999054884131e+00	4.361022962656070590e+00	-6.998582754404597539e-02	-1.645644441154445886e-02	0.000000000000000000e+00	0.000000000000000000e+00	7.676265635519158081e+00
4.279648241206029269e+00	1.967840427511214463e+00	1.403635440269112244e+00	4.281103372543276997e+00	-7.012581979960261225e-02	-1.556648599122833175e-02	0.000000000000000000e+00	0.000000000000000000e+00	7.566886934532773168e+00
4.405226130653265848e+00	1.966096840539322876e+00	1.374910928729359050e+00	4.200799113343866686e+00	-6.886995601599747718e-02	-1.460401131416719581e-02	0.000000000000000000e+00	0.000000000000000000e+00	7.458332915282384512e+00
4.530804020100501539e+00	1.964305393131819732e+00	1.346014367203232753e+00	4.120218701909761805e+00	-6.639152775316983779e-02	-1.349572400883012648e-02	0.000000000000000000e+00	0.000000000000000000e+00	7.350651210482814335e+00
4.656381909547738118e+00	1.962466298876258897e+00	1.316983865626071948e+00	4.039467056935865052e+00	-6.284792661933694125e-02	-1.217525340879561761e-02	0.000000000000000000e+00	0.000000000000000000e+00	7.243894041410062989e+00
4.781959798994973809e+00	1.960579776605367197e+00	1.287856668816422800e+00	3.958645350258243489e+00	-5.838819514271802180e-02	-1.059858903098659030e-02	0.000000000000000000e+00	0.000000000000000000e+00	7.138095011506329080e+00
4.907537688442210388e+00	1.958646050337100153e+00	1.258669090159431736e+00	3.877850883309818641e+00	-5.315880965445180656e-02	-8.753259291653565227e-03	0.000000000000000000e+00	0.000000000000000000e+00	7.033253954860245294e+00
5.033115577889446079e+00	1.956665349213465355e+00	1.229456451268360562e+00	3.797176987709662388e+00	-4.730731127915151213e-02	-6.659730523578768872e-03	0.000000000000000000e+00	0.000000000000000000e+00	6.929331746388758262e+00
5.158693467336682659e+00	1.954637907438141031e+00	1.200253027597844691e+00	3.716712948844173692e+00	-4.098366960595517527e-02	-4.366362223324140798e-03	0.000000000000000000e+00	0.000000000000000000e+00	6.826253852050879090e+00
5.284271356783918350e+00	1.952563964212924885e+00	1.171091999948601137e+00	3.636543951201953728e+00	-3.433951270403321626e-02	-1.941247760171190863e-03	0.000000000000000000e+00	0.000000000000000000e+00	6.723919154899275163e+00
5.409849246231154929e+00	1.950443763673040731e+00	1.142005411772065937e+00	3.556751044148278584e+00	-2.752555031045898770e-02	5.355763737668917416e-04	0.000000000000000000e+00	0.000000000000000000e+00	6.622210245656693139e+00
5.535427135678390620e+00	1.948277554821334467e+00	1.113024132155123747e+00	3.477411126769042404e+00	-2.068764230610502242e-02	2.977654874237073510e-03	0.000000000000000000e+00	0.000000000000000000e+00	6.521002826313632816e+00
5.661005025125627199e+00	1.946065591461393129e+00	1.084177824339648932e+00	3.398596950376678194e+00	-1.396203298532533790e-02	5.295726003388213053e-03	0.000000000000000000e+00	0.000000000000000000e+00	6.420174059195783656e+00
5.786582914572862890e+00	1.943808132129619004e+00	1.055494919609139437e+00	3.320377137250888122e+00	-7.470304673197171279e-03	7.401348074953764851e-03	0.000000000000000000e+00	0.000000000000000000e+00	6.319611232391403099e+00
5.912160804020099469e+00	1.941505440026288110e+00	1.027002596355165887e+00	3.242816214183604995e+00	-1.314618354207435771e-03	9.212537176899278021e-03	0.000000000000000000e+00	0.000000000000000000e+00	6.219222169387751187e+00
6.037738693467336049e+00	1.939157782945629682e+00	9.987267641197784540e-01	3.165974659409229730e+00	4.426195151510392729e-03	1.066209371435236815e-02	0.000000000000000000e+00	0.000000000000000000e+00	6.118947495340501419e+00
6.163316582914571740e+00	1.936765433204961750e+00	9.706920523961903857e-01	3.089908961526323772e+00	9.699167478053572281e-03	1.170743545309325256e-02	0.000000000000000000e+00	0.000000000000000000e+00	6.018773050058623397e+00
6.288894472361808319e+00	1.934328667572906113e+00	9.429218039590260281e-01	3.014671689054196690e+00	1.447791492956555445e-02	1.233937880851333595e-02	0.000000000000000000e+00	0.000000000000000000e+00	5.918739454324207117e+00
6.414472361809044010e+00	1.931847767196729126e+00	9.154380724869737307e-01	2.940311569315735785e+00	1.876127836906174920e-02	1.258706508906064919e-02	0.000000000000000000e+00	0.000000000000000000e+00	5.818945752457560516e+00
6.540050251256280589e+00	1.929323017528835837e+00	8.882616242347121105e-01	2.866873575394812690e+00	2.256983420487857286e-02	1.251713757926924651e-02	0.000000000000000000e+00	0.000000000000000000e+00	5.719545188942508851e+00
6.665628140703516280e+00	1.926754708252449433e+00	8.614119435073216424e-01	2.794399019981361310e+00	2.594049429946912108e-02	1.222684702943190385e-02	0.000000000000000000e+00	0.000000000000000000e+00	5.620733013070033479e+00
6.791206030150752859e+00	1.924143133206514644e+00	8.349072416888745352e-01	2.722925654988144206e+00	2.891967490654465123e-02	1.183231109292578152e-02	0.000000000000000000e+00	0.000000000000000000e+00	5.522728015883004105e+00
6.916783919597988550e+00	1.921488590309859745e+00	8.087644695773286152e-01	2.652487775899051492e+00	3.155573054712600828e-02	1.145412920078761436e-02	0.000000000000000000e+00	0.000000000000000000e+00	5.425750695534153678e+00
7.042361809045225129e+00	1.918791381484646008e+00	7.829993327800504055e-01	2.583116329888065277e+00	3.389148221191153748e-02	1.120274576477531606e-02	0.000000000000000000e+00	0.000000000000000000e+00	5.330001272129448964e+00
7.167939698492460820e+00	1.916051812579147917e+00	7.576263099280676760e-01	2.514839026829537527e+00	3.595770086563428863e-02	1.116549816290577854e-02	0.000000000000000000e+00	0.000000000000000000e+00	5.235640348365294017e+00
7.293517587939697400e+00	1.913270193289890120e+00	7.326586734722904115e-01	2.447680452402923201e+00	3.776833513056589847e-02	1.139653373541566622e-02	0.000000000000000000e+00	0.000000000000000000e+00	5.142774188031085103e+00
7.419095477386933091e+00	1.910446837083182636e+00	7.081085128312697430e-01	2.381662182577465536e+00	3.931810827343588249e-02	1.191010651682332042e-02	0.000000000000000000e+00	0.000000000000000000e+00	5.051445747282177656e+00
7.544673366834169670e+00	1.907582061116085637e+00	6.839867596673775418e-01	2.316802898843421055e+00	4.058287370119369880e-02	1.267740712179656927e-02	0.000000000000000000e+00	0.000000000000000000e+00	4.961632000449874624e+00
7.670251256281405361e+00	1.904676186156840201e+00	6.603032150764159836e-01	2.253118503635375358e+00	4.152283159665929452e-02	1.362706787223657429e-02	0.000000000000000000e+00	0.000000000000000000e+00	4.873247804337527356e+00
7.795829145728641940e+00	1.901729536504797924e+00	6.370665784844141699e-01	2.190622235469010359e+00	4.208839340958885067e-02	1.464966516811357436e-02	0.000000000000000000e+00	0.000000000000000000e+00	4.786156409035925208e+00
7.921407035175877631e+00	1.898742439909887336e+00	6.142844780545991812e-01	2.129324783384718867e+00	4.222815811341721487e-02	1.560666077318499309e-02	0.000000000000000000e+00	0.000000000000000000e+00	4.700186520235807741e+00
8.046984924623114210e+00	1.895715227491649335e+00	5.919635024170485371e-01	2.069234400358879178e+00	4.189816137981453720e-02	1.634404752531817828e-02	0.000000000000000000e+00	0.000000000000000000e+00	4.615155339172709148e+00
8.172562814070349901e+00	1.892648233657877155e+00	5.701092335432501601e-01	2.010357015405990655e+00	4.107131028475394935e-02	1.671037226562522085e-02	0.000000000000000000e+00	0.000000000000000000e+00	4.530896165157496824e+00
8.298140703517587369e+00	1.889541796022894404e+00	5.487262805975270386e-01	1.952696344151631180e+00	3.974576283314652791e-02	1.657784638649670642e-02	0.000000000000000000e+00	0.000000000000000000e+00	4.447288029991695701e+00
8.423718592964823060e+00	1.886396255325509141e+00	5.278183146069805876e-01	1.896253997707079364e+00	3.795099620707916704e-02	1.586412820327462100e-02	0.000000000000000000e+00	0.000000000000000000e+00	4.364283692049922614e+00
8.549296482412058751e+00	1.883211955346672184e+00	5.073881038011033295e-01	1.841029589721147719e+00	3.575046512273791222e-02	1.455137796809032220e-02	0.000000000000000000e+00	0.000000000000000000e+00	4.281931491959751312e+00
8.674874371859294442e+00	1.879989242826881179e+00	4.874375494814903731e-01	1.787020841523214720e+00	3.324009702938426208e-02	1.269867465019416074e-02	0.000000000000000000e+00	0.000000000000000000e+00	4.200386405511164156e+00
8.800452261306531909e+00	1.876728467383357746e+00	4.679677222910123557e-01	1.734223685303565965e+00	3.054238782569319507e-02	1.044412071395242961e-02	0.000000000000000000e+00	0.000000000000000000e+00	4.119906383517581538e+00
8.926030150753767600e+00	1.873429981427035429e+00	4.489788987603990367e-01	1.682632365303117217e+00	2.779649593681955688e-02	7.994109046857666295e-03	0.000000000000000000e+00	0.000000000000000000e+00	4.040831850474229547e+00
9.051608040201003291e+00	1.870094140079390233e+00	4.304705980183376468e-01	1.632239537004484875e+00	2.514539271935952933e-02	5.599274088988923440e-03	0.000000000000000000e+00	0.000000000000000000e+00	3.963548941910561396e+00
9.177185929648238982e+00	1.866721301089148355e+00	4.124416185589307449e-01	1.583036364330641987e+00	2.272169630941246396e-02	3.519360861489004288e-03	0.000000000000000000e+00	0.000000000000000000e+00	3.888440341149622448e+00
9.302763819095476450e+00	1.863311824748901557e+00	3.948900749676261812e-01	1.535012614866236191e+00	2.063417262407828134e-02	1.982128581658020028e-03	0.000000000000000000e+00	0.000000000000000000e+00	3.815830815788500363e+00
9.428341708542712141e+00	1.859866073811669018e+00	3.778134345135659711e-01	1.488156753120702280e+00	1.895693261208068400e-02	1.143739126162278278e-03	0.000000000000000000e+00	0.000000000000000000e+00	3.745936933184180528e+00
9.553919597989947832e+00	1.856384413407426992e+00	3.612085535226740585e-01	1.442456031851962583e+00	1.772304127949369396e-02	1.059048255484693665e-03	0.000000000000000000e+00	0.000000000000000000e+00	3.678831088317042308e+00
9.679497487437183523e+00	1.852867210959652011e+00	3.450717134517634066e-01	1.397896581465461141e+00	1.692360509900466686e-02	1.669165298955678587e-03	0.000000000000000000e+00	0.000000000000000000e+00	3.614428276274836538e+00
9.805075376884420990e+00	1.849314836101897175e+00	3.293986565894780894e-01	1.354463497496061875e+00	1.651252031505172357e-02	2.810412879983114568e-03	0.000000000000000000e+00	0.000000000000000000e+00	3.552499923382471891e+00
9.930653266331656681e+00	1.845727660594442376e+00	3.141846213150655820e-01	1.312140926170714650e+00	1.641610751518745095e-02	4.243980269847584010e-03	0.000000000000000000e+00	0.000000000000000000e+00	3.492713295865257805e+00
1.005623115577889237e+01	1.842106058241042232e+00	2.994243768507898196e-01	1.270912148038332301e+00	1.654601833968181654e-02	5.700416029902209865e-03	0.000000000000000000e+00	0.000000000000000000e+00	3.434689017499748420e+00
1.018180904522612984e+01	1.838450404805807459e+00	2.851122574483316297e-01	1.230759659640817016e+00	1.681325283208763219e-02	6.929265832230846293e-03	0.000000000000000000e+00	0.000000000000000000e+00	3.378064840559274806e+00
1.030738693467336553e+01	1.834761077930247897e+00	2.712421959537629768e-01	1.191665253186152018e+00	1.714098517077097469e-02	7.742931658071748775e-03	0.000000000000000000e+00	0.000000000000000000e+00	3.322552443899005947e+00
1.043296482412060122e+01	1.831038457050506718e+00	2.578077566997166170e-01	1.153610094171723111e+00	1.747418625631822625e-02	8.045619304318447559e-03	0.000000000000000000e+00	0.000000000000000000e+00	3.267976113482583322e+00
1.055854271356783691e+01	1.827282923314815566e+00	2.448021676772080824e-01	1.116574796894025834e+00	1.778468321660328644e-02	7.842384391181988698e-03	0.000000000000000000e+00	0.000000000000000000e+00	3.214286955493834697e+00
1.068412060301507438e+01	1.823494859501201715e+00	2.322183519432461651e-01	1.080539497770271584e+00	1.807116171230374949e-02	7.228349184438626063e-03	0.000000000000000000e+00	0.000000000000000000e+00	3.161552220111462308e+00
1.080969849246231007e+01	1.819674649935470345e+00	2.200489582239318620e-01	1.045483926388576013e+00	1.835451307087372294e-02	6.362572120877106434e-03	0.000000000000000000e+00	0.000000000000000000e+00	3.109924619739729224e+00
1.093527638190954576e+01	1.815822680409497680e+00	2.082863906762082995e-01	1.011387474196808300e+00	1.866967916102926089e-02	5.433698178154358280e-03	0.000000000000000000e+00	0.000000000000000000e+00	3.059599922621698109e+00
1.106085427135678145e+01	1.811939338099854302e+00	1.969228377748324377e-01	9.782292607361671166e-01	1.905562547646090857e-02	4.625044435444094874e-03	0.000000000000000000e+00	0.000000000000000000e+00	3.010772106522759284e+00
1.118643216080401892e+01	1.808025011486794176e+00	1.859503002944797867e-01	9.459881973242908471e-01	1.954521943094520917e-02	4.085509876160933924e-03	0.000000000000000000e+00	0.000000000000000000e+00	2.963594238412671000e+00
1.131201005025125461e+01	1.804080090273627590e+00	1.753606183602177127e-01	9.146430480944510721e-01	2.015662183437522820e-02	3.910360832157683784e-03	0.000000000000000000e+00	0.000000000000000000e+00	2.918150739394829163e+00
1.143758793969849030e+01	1.800104965306511096e+00	1.651454975428617578e-01	8.841724883020943837e-01	2.088738883990171741e-02	4.133317482675059711e-03	0.000000000000000000e+00	0.000000000000000000e+00	2.874443657474043956e+00
1.156316582914572599e+01	1.796100028494674872e+00	1.552965339790015054e-01	8.545551598177266728e-01	2.171193642775858662e-02	4.729076265240619859e-03	0.000000000000000000e+00	0.000000000000000000e+00	2.832392734984402249e+00
1.168874371859296346e+01	1.792065672731117720e+00	1.458052384987137406e-01	8.257697237356709241e-01	2.258245235609288720e-02	5.623818751468539351e-03	0.000000000000000000e+00	0.000000000000000000e+00	2.791846906073063295e+00
1.181432160804019915e+01	1.788002291813788114e+00	1.366630597471821529e-01	7.977949100414220007e-01	2.343284656737259011e-02	6.710503223469591397e-03	0.000000000000000000e+00	0.000000000000000000e+00	2.752603611393234395e+00
1.193989949748743484e+01	1.783910280367279944e+00	1.278614062896006598e-01	7.706095642958389336e-01	2.418497355864434456e-02	7.865742007090481200e-03	0.000000000000000000e+00	0.000000000000000000e+00	2.714431966518454420e+00
1.206547738693467231e+01	1.779790033765064505e+00	1.193916676918272829e-01	7.441926913118904752e-01	2.475616617495409941e-02	8.965640805850643574e-03	0.000000000000000000e+00	0.000000000000000000e+00	2.677096199749586791e+00
1.219105527638190800e+01	1.775641948052282482e+00	1.112452345722688002e-01	7.185234958186618170e-01	2.506708429089888474e-02	9.898857551721675779e-03	0.000000000000000000e+00	0.000000000000000000e+00	2.640376620285834086e+00
1.231663316582914369e+01	1.771466419869116793e+00	1.034135176233811626e-01	6.935814201273479140e-01	2.504897558619766096e-02	1.057606251048043289e-02	0.000000000000000000e+00	0.000000000000000000e+00	2.604086395716523672e+00
1.244221105527637938e+01	1.767263846374768743e+00	9.588796560396080360e-02	6.693461788344888808e-01	2.464962923171227019e-02	1.093573019873008215e-02	0.000000000000000000e+00	0.000000000000000000e+00	2.568083350243660856e+00
1.256778894472361685e+01	1.763034625172058778e+00	8.866008230603447671e-02	6.457977906181425753e-01	2.383753566755128506e-02	1.094664169432844544e-02	0.000000000000000000e+00	0.000000000000000000e+00	2.532276675458115189e+00
1.269336683417085254e+01	1.758779154232672948e+00	8.172144250262947107e-02	6.229166072025319467e-01	2.260401150236500054e-02	1.060761506706847830e-02	0.000000000000000000e+00	0.000000000000000000e+00	2.496628830507268137e+00
1.281894472361808823e+01	1.754497831823072396e+00	7.506370688498111010e-02	6.006833395853125035e-01	2.096328155401505980e-02	9.944909829238358576e-03	0.000000000000000000e+00	0.000000000000000000e+00	2.461153069676619953e+00
1.294452261306532392e+01	1.750191056431090075e+00	6.867863599981810507e-02	5.790790816385288364e-01	1.895071238136754321e-02	9.007625536885751141e-03	0.000000000000000000e+00	0.000000000000000000e+00	2.425907111987690268e+00
1.307010050251256139e+01	1.745859226693227573e+00	6.255810319921559226e-02	5.580853312089566476e-01	1.661955163931522900e-02	7.861384749240968653e-03	0.000000000000000000e+00	0.000000000000000000e+00	2.390983597489956036e+00
1.319567839195979708e+01	1.741502741322673575e+00	5.669410661713501082e-02	5.376840088555094876e-01	1.403663707482076702e-02	6.580736004466595720e-03	0.000000000000000000e+00	0.000000000000000000e+00	2.356498229874605332e+00
1.332125628140703277e+01	1.737121999038063969e+00	5.107878018816283672e-02	5.178574743702664129e-01	1.127759211847528809e-02	5.241004376841745804e-03	0.000000000000000000e+00	0.000000000000000000e+00	2.322576850091810474e+00
1.344683417085426846e+01	1.732717398492992444e+00	4.570440372511737348e-02	4.985885412352088486e-01	8.422018970944411542e-03	3.910621791897902697e-03	0.000000000000000000e+00	0.000000000000000000e+00	2.289342984216160559e+00
1.357241206030150593e+01	1.728289338206298709e+00	4.056341207312188363e-02	4.798604891686745200e-01	5.549137138610393122e-03	2.645100318729313831e-03	0.000000000000000000e+00	0.000000000000000000e+00	2.256907476905434695e+00
1.369798994974874162e+01	1.723838216493139619e+00	3.564840335845337327e-02	4.616570749137832719e-01	2.734205114613436332e-03	1.483618417280523853e-03	0.000000000000000000e+00	0.000000000000000000e+00	2.225361518297270358e+00
1.382356783919597731e+01	1.719364431396867232e+00	3.095214635098724604e-02	4.439625414156401217e-01	4.592263771136148554e-05	4.486457518006335319e-04	0.000000000000000000e+00	0.000000000000000000e+00	2.194773687553006170e+00
1.394914572864321300e+01	1.714868380621720423e+00	2.646758695938938172e-02	4.267616255250942792e-01	-2.455136560236230794e-03	-4.517228896012413547e-04	0.000000000000000000e+00	0.000000000000000000e+00	2.165190733656366717e+00
1.407472361809045047e+01	1.710350461466350058e+00	2.218785387838479242e-02	4.100395643544417212e-01	-4.717143050377869441e-03	-1.219745950057719722e-03	0.000000000000000000e+00	0.000000000000000000e+00	2.136640990698741138e+00
1.420030150753768616e+01	1.705811070758189940e+00	1.810626340749011895e-02	3.937821003950524590e-01	-6.696859878452038860e-03	-1.863679928581961354e-03	0.000000000000000000e+00	0.000000000000000000e+00	2.109138894753698423e+00
1.432587939698492185e+01	1.701250604788682175e+00	1.421632346056744996e-02	3.779754854888959792e-01	-8.358954327410962962e-03	-2.394249618220279426e-03	0.000000000000000000e+00	0.000000000000000000e+00	2.082689209792514262e+00
1.445145728643215932e+01	1.696669459249372736e+00	1.051173678547410485e-02	3.626064837258691220e-01	-9.675022096643072153e-03	-2.822451721994064053e-03	0.000000000000000000e+00	0.000000000000000000e+00	2.057290205942078565e+00
1.457703517587939501e+01	1.692068029168890320e+00	6.986403412995079512e-03	3.476623733173050956e-01	-1.062255867580348852e-02	-3.158409399588873318e-03	0.000000000000000000e+00	0.000000000000000000e+00	2.032935837823798053e+00
1.470261306532663070e+01	1.687446708850814270e+00	3.634422354175651047e-03	3.331309474737131349e-01	-1.118408231653843579e-02	-3.410483992434835878e-03	0.000000000000000000e+00	0.000000000000000000e+00	2.009617512369729742e+00
1.482819095477386639e+01	1.682805891812445775e+00	4.500925651730027714e-04	3.190005142924182135e-01	-1.134657547914704606e-02	-3.583906429638364366e-03	0.000000000000000000e+00	0.000000000000000000e+00	1.987326016761251424e+00
1.495376884422110386e+01	1.678145970724490788e+00	-2.572086801151386888e-03	3.052598956390475404e-01	-1.110136936423073740e-02	-3.678783695499886121e-03	0.000000000000000000e+00	0.000000000000000000e+00	1.966053626502656249e+00
1.507934673366833955e+01	1.673467337351664419e+00	-5.437416837444094576e-03	2.918984249865116398e-01	-1.044454592166922657e-02	-3.688105284975488635e-03	0.000000000000000000e+00	0.000000000000000000e+00	1.945795694294087275e+00
1.520492462311557524e+01	1.668770382494224602e+00	-8.150999998022318352e-03	2.789059441569839981e-01	-9.377869360398857074e-03	-3.596835374051640839e-03	0.000000000000000000e+00	0.000000000000000000e+00	1.926550621918736050e+00
1.533050251256281094e+01	1.664055495930442996e+00	-1.071774186854528368e-02	2.662727988970807758e-01	-7.910184890913697642e-03	-3.383017028019688881e-03	0.000000000000000000e+00	0.000000000000000000e+00	1.908317351040044851e+00
1.545608040201004840e+01	1.659323066360021803e+00	-1.314235356796634134e-02	2.539898332046034990e-01	-6.059143914811972176e-03	-3.021094143750458795e-03	0.000000000000000000e+00	0.000000000000000000e+00	1.891090307938096515e+00
1.558165829145728409e+01	1.654573481348460273e+00	-1.542935476052983458e-02	2.420483823173772420e-01	-3.853046087642571314e-03	-2.486763579713585637e-03	0.000000000000000000e+00	0.000000000000000000e+00	1.874852699237951503e+00
1.570723618090451978e+01	1.649807127272381768e+00	-1.758307725435800592e-02	2.304402642713281046e-01	-1.332544861977607090e-03	-1.762077139088379183e-03	0.000000000000000000e+00	0.000000000000000000e+00	1.859569692288286058e+00
1.583281407035175548e+01	1.645024389265824061e+00	-1.960766916173638588e-02	2.191577699363038423e-01	1.448045411529681661e-03	-8.395000934177267561e-04	0.000000000000000000e+00	0.000000000000000000e+00	1.845183035358503476e+00
1.595839195979899294e+01	1.640225651167496412e+00	-2.150709959457273654e-02	2.081936514444224229e-01	4.420074853288168820e-03	2.758490678226227836e-04	0.000000000000000000e+00	0.000000000000000000e+00	1.831608126938456760e+00
1.608396984924623041e+01	1.635411295469013648e+00	-2.328516386669209418e-02	1.975411089369555895e-01	7.500693939359905950e-03	1.565811516728915585e-03	0.000000000000000000e+00	0.000000000000000000e+00	1.818733745995366080e+00
1.620954773869346610e+01	1.630581703264105009e+00	-2.494548917266606325e-02	1.871937755717880680e-01	1.059390800703122019e-02	3.000090613241144892e-03	0.000000000000000000e+00	0.000000000000000000e+00	1.806423988283499371e+00
1.633512562814070179e+01	1.625737254198804216e+00	-2.649154071079930922e-02	1.771457007540276629e-01	1.359258885627642049e-02	4.537665358095847000e-03	0.000000000000000000e+00	0.000000000000000000e+00	1.794521668456404706e+00
1.646070351758793748e+01	1.620878326422626525e+00	-2.792662821574219342e-02	1.673913315769654797e-01	1.638142204980975666e-02	6.128118867955859202e-03	0.000000000000000000e+00	0.000000000000000000e+00	1.782852570701615402e+00
1.658628140703517673e+01	1.616005296540729885e+00	-2.925391286402768271e-02	1.579254924886398237e-01	1.884072085882316366e-02	7.712701320354830095e-03	0.000000000000000000e+00	0.000000000000000000e+00	1.771230298344520060e+00
1.671185929648241242e+01	1.611118539567064856e+00	-3.047641451367543233e-02	1.487433632300957653e-01	2.085099895313053883e-02	9.225356990631884344e-03	0.000000000000000000e+00	0.000000000000000000e+00	1.759461844227247829e+00
1.683743718592964811e+01	1.606218428878516180e+00	-3.159701923694053366e-02	1.398404551241213822e-01	2.229815799612886243e-02	1.059416022925330041e-02	0.000000000000000000e+00	0.000000000000000000e+00	1.747354182991079030e+00
1.696301507537688380e+01	1.601305336170033344e+00	-3.261848710334435547e-02	1.312125858269273526e-01	2.307910864013962976e-02	1.174355771833758035e-02	0.000000000000000000e+00	0.000000000000000000e+00	1.734722101252093474e+00
1.708859296482411949e+01	1.596379631410755007e+00	-3.354346016838272854e-02	1.228558526888509778e-01	2.310760302775841102e-02	1.259756514372038436e-02	0.000000000000000000e+00	0.000000000000000000e+00	1.721397192102702034e+00
1.721417085427135518e+01	1.591441682801123969e+00	-3.437447062180005314e-02	1.147666049027287888e-01	2.232001661127587522e-02	1.308375591893135188e-02	0.000000000000000000e+00	0.000000000000000000e+00	1.707237589612259798e+00
1.733974874371859087e+01	1.586491856730993799e+00	-3.511394904811007689e-02	1.069414146490199058e-01	2.068078185451313958e-02	1.313765395261395907e-02	0.000000000000000000e+00	0.000000000000000000e+00	1.692137758139030890e+00
1.746532663316582656e+01	1.581530517738723773e+00	-3.576423275116681622e-02	9.937704747410786021e-02	1.818715084545734911e-02	1.270709107703089751e-02	0.000000000000000000e+00	0.000000000000000000e+00	1.676037574384152906e+00
1.759090452261306581e+01	1.576558028471267026e+00	-3.632757409409275579e-02	9.207043216150985476e-02	1.487295063270734768e-02	1.175621580283369924e-02	0.000000000000000000e+00	0.000000000000000000e+00	1.658930052974225244e+00
1.771648241206030150e+01	1.571574749645241686e+00	-3.680614880577859349e-02	8.501863037417037305e-02	1.081099454802790863e-02	1.026906747411286507e-02	0.000000000000000000e+00	0.000000000000000000e+00	1.640867293235774405e+00
1.784206030150753719e+01	1.566581040008988790e+00	-3.720206420550489779e-02	7.821880635890000877e-02	6.113824447177019714e-03	8.252838254591204209e-03	0.000000000000000000e+00	0.000000000000000000e+00	1.621964444864152144e+00
1.796763819095477288e+01	1.561577256305613171e+00	-3.751736729801615627e-02	7.166819701084187200e-02	9.324839117295884291e-04	5.741018261695931928e-03	0.000000000000000000e+00	0.000000000000000000e+00	1.602401588191864290e+00
1.809321608040200857e+01	1.556563753237001135e+00	-3.775405269260288105e-02	6.536408259621624695e-02	-4.546933912669433482e-03	2.796489123518737865e-03	0.000000000000000000e+00	0.000000000000000000e+00	1.582423338351464093e+00
1.821879396984924426e+01	1.551540883428818018e+00	-3.791407030141194512e-02	5.930375842540951820e-02	-1.010914840004760278e-02	-4.856942765745756352e-04	0.000000000000000000e+00	0.000000000000000000e+00	1.562335728876193430e+00
1.834437185929647995e+01	1.546508997396472740e+00	-3.799933277429606848e-02	5.348450775576299443e-02	-1.551803566550968502e-02	-3.976532956893573563e-03	0.000000000000000000e+00	0.000000000000000000e+00	1.542499603755536741e+00
1.846994974874371920e+01	1.541468443512053144e+00	-3.801172262999907153e-02	4.790357618448382732e-02	-2.052736308256895501e-02	-7.513439843392035258e-03	0.000000000000000000e+00	0.000000000000000000e+00	1.523319494140577213e+00
1.859552763819095489e+01	1.536419567972224343e+00	-3.795309904632566261e-02	4.255814776741083383e-02	-2.489360242971914647e-02	-1.090407610800327859e-02	0.000000000000000000e+00	0.000000000000000000e+00	1.505226938155587169e+00
1.872110552763819058e+01	1.531362714767083633e+00	-3.782530427511970189e-02	3.744532306959114792e-02	-2.839024332174781493e-02	-1.393493324377314407e-02	0.000000000000000000e+00	0.000000000000000000e+00	1.488657556996034304e+00
1.884668341708542627e+01	1.526298225649968643e+00	-3.763016965131942004e-02	3.256209931963211651e-02	-3.082274095074695811e-02	-1.638541141694244835e-02	0.000000000000000000e+00	0.000000000000000000e+00	1.474022002950591936e+00
1.897226130653266196e+01	1.521226440108212508e+00	-3.736952116902875903e-02	2.790535280252727859e-02	-3.204296668635903123e-02	-1.804718413502189728e-02	0.000000000000000000e+00	0.000000000000000000e+00	1.461672120920330054e+00
1.909783919597989765e+01	1.516147695334840950e+00	-3.704518460136698582e-02	2.347182358626694054e-02	-3.196184217375000469e-02	-1.874733439785694275e-02	0.000000000000000000e+00	0.000000000000000000e+00	1.451865157748133850e+00
1.922341708542713334e+01	1.511062326201201955e+00	-3.665899014479630930e-02	1.925810263713186379e-02	-3.055878474002401979e-02	-1.837234533038774320e-02	0.000000000000000000e+00	0.000000000000000000e+00	1.444730308623126014e+00
1.934899497487436903e+01	1.505970665230525585e+00	-3.621277657259244082e-02	1.526062133839849004e-02	-2.788671978356435308e-02	-1.688891082236067612e-02	0.000000000000000000e+00	0.000000000000000000e+00	1.440242879390406738e+00
1.947457286432160828e+01	1.500873042572401062e+00	-3.570839488608401613e-02	1.147564338835415504e-02	-2.407174336301274448e-02	-1.435714014001649927e-02	0.000000000000000000e+00	0.000000000000000000e+00	1.438211407571642120e+00
1.960015075376884397e+01	1.495769785978174227e+00	-3.514771145616480547e-02	7.899259017222607510e-03	-1.930702668132546623e-02	-1.093241565364848691e-02	0.000000000000000000e+00	0.000000000000000000e+00	1.438281891204257867e+00
1.972572864321607966e+01	1.490661220777242058e+00	-3.453261065134297786e-02	4.527381429784993645e-03	-1.384118387427149544e-02	-6.853999985338839543e-03	0.000000000000000000e+00	0.000000000000000000e+00	1.439960807696073708e+00
1.985130653266331535e+01	1.485547669854253572e+00	-3.386499695217416034e-02	1.355745352087691681e-03	-7.961982124642660169e-03	-2.421148604759324353e-03	0.000000000000000000e+00	0.000000000000000000e+00	1.442655287524764907e+00
1.997688442211055104e+01	1.480429453627196912e+00	-3.314679655530573810e-02	-1.620092462683852663e-03	-1.976849217339795173e-03	2.039737771658742781e-03	0.000000000000000000e+00	0.000000000000000000e+00	1.445725453163526186e+00
2.010246231155778673e+01	1.475306890026366613e+00	-3.237995847348979633e-02	-4.404750931749179359e-03	3.807973308534752955e-03	6.211341362115163807e-03	0.000000000000000000e+00	0.000000000000000000e+00	1.448541495291777670e+00
2.022804020100502242e+01	1.470180294474209726e+00	-3.156645514079780418e-02	-7.003020718034255743e-03	9.107643054610689570e-03	9.818802120020023172e-03	0.000000000000000000e+00	0.000000000000000000e+00	1.450537263790008469e+00
2.035361809045226167e+01	1.465049979866029473e+00	-3.070828253485620787e-02	-9.419858863277598415e-03	1.367644133287205382e-02	1.265492276564644802e-02	0.000000000000000000e+00	0.000000000000000000e+00	1.451253202566414213e+00
2.047919597989949736e+01	1.459916256551550662e+00	-2.980745983023422654e-02	-1.166038215883166348e-02	1.732153165666018915e-02	1.459401376500395545e-02	0.000000000000000000e+00	0.000000000000000000e+00	1.450363959984148909e+00
2.060477386934673305e+01	1.454779432317324872e+00	-2.886602859913585742e-02	-1.372985942832402433e-02	1.991181821313845607e-02	1.559379555554703083e-02	0.000000000000000000e+00	0.000000000000000000e+00	1.447689158058550474e+00
2.073035175879396874e+01	1.449639812369976744e+00	-2.788605157730454295e-02	-1.563370288561670429e-02	2.138158138424731472e-02	1.568709132523119637e-02	0.000000000000000000e+00	0.000000000000000000e+00	1.443188730616534077e+00
2.085592964824120443e+01	1.444497699320276718e+00	-2.686961101454682019e-02	-1.737745871646219006e-02	2.172914457981330039e-02	1.496653079017500575e-02	0.000000000000000000e+00	0.000000000000000000e+00	1.436946304959256127e+00
2.098150753768844012e+01	1.439353393168026685e+00	-2.581880663055072245e-02	-1.896679701374917940e-02	2.101128902057710149e-02	1.356596727459031225e-02	0.000000000000000000e+00	0.000000000000000000e+00	1.429145045818894122e+00
2.110708542713567581e+01	1.434207191287758310e+00	-2.473575319774014986e-02	-2.040750117520269760e-02	1.933443292979767497e-02	1.164192850260881845e-02	0.000000000000000000e+00	0.000000000000000000e+00	1.420040298347222008e+00
2.123266331658291151e+01	1.429059388415223175e+00	-2.362257777380526169e-02	-2.170545684987712498e-02	1.684371787599552722e-02	9.357496552659497896e-03	0.000000000000000000e+00	0.000000000000000000e+00	1.409932568220195748e+00
2.135824120603015075e+01	1.423910276634671845e+00	-2.248141660730278157e-02	-2.286664049675379146e-02	1.371111815248201964e-02	6.869898196796017133e-03	0.000000000000000000e+00	0.000000000000000000e+00	1.399143235879893421e+00
2.148381909547738644e+01	1.418760145366909864e+00	-2.131441174038125469e-02	-2.389710759629415371e-02	1.012354980610441491e-02	4.322071015016578505e-03	0.000000000000000000e+00	0.000000000000000000e+00	1.387994246851355529e+00
2.160939698492462213e+01	1.413609281358114034e+00	-2.012370733326952418e-02	-2.480298053482254961e-02	6.271752458741007216e-03	1.837732444728259118e-03	0.000000000000000000e+00	0.000000000000000000e+00	1.376792078393491048e+00
2.173497487437185782e+01	1.408457968669408977e+00	-1.891144573571580320e-02	-2.559043616300791385e-02	2.340493913068107147e-03	-4.809120207609558946e-04	0.000000000000000000e+00	0.000000000000000000e+00	1.365815668662992310e+00
2.186055276381909351e+01	1.403306488667182883e+00	-1.767976333110289969e-02	-2.626569301424117042e-02	-1.499561911604495616e-03	-2.553749016831054902e-03	0.000000000000000000e+00	0.000000000000000000e+00	1.355307721393403275e+00
2.198613065326632920e+01	1.398155120014138442e+00	-1.643078617951192893e-02	-2.683499815693755203e-02	-5.098159553882560154e-03	-4.322373358670218539e-03	0.000000000000000000e+00	0.000000000000000000e+00	1.345468802765136251e+00
2.211170854271356490e+01	1.393004138661063207e+00	-1.516662548658822586e-02	-2.730461364721059256e-02	-8.329901878523034500e-03	-5.749182776031201356e-03	0.000000000000000000e+00	0.000000000000000000e+00	1.336453814872710089e+00
2.223728643216080414e+01	1.387853817839310500e+00	-1.388937292568172277e-02	-2.768080254518957492e-02	-1.109691838735994349e-02	-6.816090859999322966e-03	0.000000000000000000e+00	0.000000000000000000e+00	1.328370633121080058e+00
2.236286432160803983e+01	1.382704428053981305e+00	-1.260109584139770464e-02	-2.796981445959377879e-02	-1.332989630564829914e-02	-7.522798072275018247e-03	0.000000000000000000e+00	0.000000000000000000e+00	1.321280823375066582e+00
2.248844221105527552e+01	1.377556237077788737e+00	-1.130383236340535592e-02	-2.817787059094670546e-02	-1.498766850549486385e-02	-7.884516172478209933e-03	0.000000000000000000e+00	0.000000000000000000e+00	1.315202349445463437e+00
2.261402010050251121e+01	1.372409509945604622e+00	-9.999586460093072560e-03	-2.831114825371552207e-02	-1.605558604409133838e-02	-7.929139877194863600e-03	0.000000000000000000e+00	0.000000000000000000e+00	1.310114049310509898e+00
2.273959798994974690e+01	1.367264508949665114e+00	-8.690322962424015807e-03	-2.837576487133605316e-02	-1.654292329366074954e-02	-7.694033059014218287e-03	0.000000000000000000e+00	0.000000000000000000e+00	1.305961464763230051e+00
2.286517587939698259e+01	1.362121493635433778e+00	-7.377962589108651680e-03	-2.837776145493274560e-02	-1.647957084658314281e-02	-7.222749670389872617e-03	0.000000000000000000e+00	0.000000000000000000e+00	1.302663449074419333e+00
2.299075376884421829e+01	1.356980720798101947e+00	-6.064377004945160736e-03	-2.832308559595689626e-02	-1.591226590983473022e-02	-6.562056724204389305e-03	0.000000000000000000e+00	0.000000000000000000e+00	1.300118935563160827e+00
2.311633165829145398e+01	1.351842444479721239e+00	-4.751383944862638299e-03	-2.821757402419557831e-02	-1.490059339464300595e-02	-5.759529437949034020e-03	0.000000000000000000e+00	0.000000000000000000e+00	1.298213363678070609e+00
2.324190954773869322e+01	1.346706915966954687e+00	-3.440742436786838141e-03	-2.806693480485498299e-02	-1.351296680102822244e-02	-4.861775636380676058e-03	0.000000000000000000e+00	0.000000000000000000e+00	1.296824496287903861e+00
2.336748743718592891e+01	1.341574383789431835e+00	-2.134148156918235558e-03	-2.787672927091396774e-02	-1.182277071663629699e-02	-3.913108208462133183e-03	0.000000000000000000e+00	0.000000000000000000e+00	1.295827627436501484e+00
2.349306532663316460e+01	1.336445093718700683e+00	-8.332289513153340018e-04	-2.765235380886065311e-02	-9.904819982437265691e-03	-2.954338168910910795e-03	0.000000000000000000e+00	0.000000000000000000e+00	1.295100352807176503e+00
2.361864321608040029e+01	1.331319288767760733e+00	4.604594422129395831e-04	-2.739902163649641370e-02	-7.832265566687634031e-03	-2.021395915658084994e-03	0.000000000000000000e+00	0.000000000000000000e+00	1.294527065091131579e+00
2.374422110552763598e+01	1.326197209191168458e+00	1.745437438019494880e-03	-2.712174473003229475e-02	-5.674052035513504205e-03	-1.143714226861009247e-03	0.000000000000000000e+00	0.000000000000000000e+00	1.294003135636781154e+00
2.386979899497487168e+01	1.321079092485704098e+00	3.020305378830274914e-03	-2.682531607354999778e-02	-3.493002089213857481e-03	-3.426326660042276740e-04	0.000000000000000000e+00	0.000000000000000000e+00	1.293438447035766048e+00
2.399537688442210737e+01	1.315965173391580922e+00	4.283747011409676231e-03	-2.651429241655602065e-02	-1.344565932022819422e-03	3.696540190447268636e-04	0.000000000000000000e+00	0.000000000000000000e+00	1.292759716073456522e+00
2.412095477386934661e+01	1.310855683894197155e+00	5.534532629808189969e-03	-2.619297773436922785e-02	7.237738735166639875e-04	9.900438959527695700e-04	0.000000000000000000e+00	0.000000000000000000e+00	1.291911056559105431e+00
2.424653266331658230e+01	1.305750853226407493e+00	6.771521855619378263e-03	-2.586540759115195723e-02	2.672504369850946769e-03	1.523072773490111902e-03	0.000000000000000000e+00	0.000000000000000000e+00	1.290852544634216059e+00
2.437211055276381799e+01	1.300650907871311324e+00	7.993666026300479122e-03	-2.553533460636030553e-02	4.469604011498012897e-03	1.978233262964878853e-03	0.000000000000000000e+00	0.000000000000000000e+00	1.289557076565714500e+00
2.449768844221105368e+01	1.295556071565539202e+00	9.200010164584647779e-03	-2.520621522215139507e-02	6.089735750312711901e-03	2.366721701699393485e-03	0.000000000000000000e+00	0.000000000000000000e+00	1.288006323959984378e+00
2.462326633165828937e+01	1.290466565303031166e+00	1.038969450431500262e-02	-2.488119796194612418e-02	7.513280582027457265e-03	2.698493442217607743e-03	0.000000000000000000e+00	0.000000000000000000e+00	1.286186835869645106e+00
2.474884422110552507e+01	1.285382607339293548e+00	1.156195555066544776e-02	-2.456311335904073218e-02	8.725374552852346519e-03	2.980346320695890453e-03	0.000000000000000000e+00	0.000000000000000000e+00	1.284087170404466516e+00
2.487442211055276076e+01	1.280304413196122315e+00	1.271612665565140417e-02	-2.425446571919668767e-02	9.715085155570062081e-03	3.215275282044727928e-03	0.000000000000000000e+00	0.000000000000000000e+00	1.281696434570191778e+00
2.500000000000000000e+01	1.275232195666782253e+00	1.385163809306295436e-02	-2.395742686285616888e-02	1.047482296759669716e-02	3.402803141875209748e-03	0.000000000000000000e+00	0.000000000000000000e+00	1.279004033006460705e+00
