# q (inverse Anstrom)	f(q): 1s	f(q): 2s	f(q): 2p	f(q): 3s	f(q): 3p	f(q): 3d	f(q): 4s	f(q): total
1.000000000000000021e-02	1.998010546699901635e+00	1.998227988004606326e+00	1.998247835141560236e+00	0.000000000000000000e+00	0.000000000000000000e+00	0.000000000000000000e+00	0.000000000000000000e+00	5.994486369846068641e+00
1.355778894472361717e-01	1.997859797912848290e+00	1.993478625690514150e+00	1.992170327791454421e+00	0.000000000000000000e+00	0.000000000000000000e+00	0.000000000000000000e+00	0.000000000000000000e+00	5.983508751394817082e+00
2.611557788944723346e-01	1.997449058401786326e+00	1.980602955479777716e+00	1.975739255636377090e+00	0.000000000000000000e+00	0.000000000000000000e+00	0.000000000000000000e+00	0.000000000000000000e+00	5.953791269517941132e+00
3.867336683417085252e-01	1.996778584970502202e+00	1.959786390753695873e+00	1.949313753788754378e+00	0.000000000000000000e+00	0.000000000000000000e+00	0.000000000000000000e+00	0.000000000000000000e+00	5.905878729512952674e+00
5.123115577889446604e-01	1.995848793376983288e+00	1.931325460971732522e+00	1.913460561590996312e+00	0.000000000000000000e+00	0.000000000000000000e+00	0.000000000000000000e+00	0.000000000000000000e+00	5.840634815939711899e+00
6.378894472361807955e-01	1.994660259651358736e+00	1.895619120940472913e+00	1.868927307625333656e+00	0.000000000000000000e+00	0.000000000000000000e+00	0.000000000000000000e+00	0.000000000000000000e+00	5.759206688217164860e+00
7.634673366834170416e-01	1.993213719293903230e+00	1.853157323828215519e+00	1.816608637998098130e+00	0.000000000000000000e+00	0.000000000000000000e+00	0.000000000000000000e+00	0.000000000000000000e+00	5.662979681120217101e+00
8.890452261306531767e-01	1.991510066224516651e+00	1.804507415408046045e+00	1.757507808098025315e+00	0.000000000000000000e+00	0.000000000000000000e+00	0.000000000000000000e+00	0.000000000000000000e+00	5.553525289730588455e+00
1.014623115577889312e+00	1.989550351504864256e+00	1.750298986432528681e+00	1.692696497849818904e+00	0.000000000000000000e+00	0.000000000000000000e+00	0.000000000000000000e+00	0.000000000000000000e+00	5.432545835787212063e+00
1.140201005025125447e+00	1.987335781838714510e+00	1.691207855245854486e+00	1.623275463701458143e+00	0.000000000000000000e+00	0.000000000000000000e+00	0.000000000000000000e+00	0.000000000000000000e+00	5.301819100786026695e+00
1.265778894472361582e+00	1.984867717854836400e+00	1.627939844102904710e+00	1.550338261548421581e+00	0.000000000000000000e+00	0.000000000000000000e+00	0.000000000000000000e+00	0.000000000000000000e+00	5.163145823506162913e+00
1.391356783919597717e+00	1.982147672177045905e+00	1.561214964648857784e+00	1.474939741881705846e+00	0.000000000000000000e+00	0.000000000000000000e+00	0.000000000000000000e+00	0.000000000000000000e+00	5.018302378707609535e+00
1.516934673366834074e+00	1.979177307286435150e+00	1.491752548047639237e+00	1.398070416568161445e+00	0.000000000000000000e+00	0.000000000000000000e+00	0.000000000000000000e+00	0.000000000000000000e+00	4.869000271902235610e+00
1.642512562814070209e+00	1.975958433181298712e+00	1.420257752656746142e+00	1.320637202524916676e+00	0.000000000000000000e+00	0.000000000000000000e+00	0.000000000000000000e+00	0.000000000000000000e+00	4.716853388362961752e+00
1.768090452261306345e+00	1.972493004840759845e+00	1.347409767001288783e+00	1.243450519948158473e+00	0.000000000000000000e+00	0.000000000000000000e+00	0.000000000000000000e+00	0.000000000000000000e+00	4.563353291790207322e+00
1.893668341708542480e+00	1.968783119498554557e+00	1.273851907856492938e+00	1.167217298787245561e+00	0.000000000000000000e+00	0.000000000000000000e+00	0.000000000000000000e+00	0.000000000000000000e+00	4.409852326142292611e+00
2.019246231155778393e+00	1.964831013733860932e+00	1.200183701078608500e+00	1.092539143201237017e+00	0.000000000000000000e+00	0.000000000000000000e+00	0.000000000000000000e+00	0.000000000000000000e+00	4.257553858013706005e+00
2.144824120603014528e+00	1.960639060386482724e+00	1.126954933220958743e+00	1.019914719543325354e+00	0.000000000000000000e+00	0.000000000000000000e+00	0.000000000000000000e+00	0.000000000000000000e+00	4.107508713150767043e+00
2.270402010050250663e+00	1.956209765304069315e+00	1.054661579628765944e+00	9.497453572992575754e-01	0.000000000000000000e+00	0.000000000000000000e+00	0.000000000000000000e+00	0.000000000000000000e+00	3.960616702232092834e+00
2.395979899497486798e+00	1.951545763929399158e+00	9.837434521659097486e-01	8.823428661259528072e-01	0.000000000000000000e+00	0.000000000000000000e+00	0.000000000000000000e+00	0.000000000000000000e+00	3.817632082221261491e+00
2.521557788944722933e+00	1.946649817736092025e+00	9.145833675397335716e-01	8.179386547618250347e-01	0.000000000000000000e+00	0.000000000000000000e+00	0.000000000000000000e+00	0.000000000000000000e+00	3.679171840037650743e+00
2.647135678391959068e+00	1.941524810521377375e+00	8.475076142288174852e-01	7.566933681048239047e-01	0.000000000000000000e+00	0.000000000000000000e+00	0.000000000000000000e+00	0.000000000000000000e+00	3.545725792855018543e+00
2.772713567839195203e+00	1.936173744564826160e+00	7.827874898809156212e-01	6.987064176999933096e-01	0.000000000000000000e+00	0.000000000000000000e+00	0.000000000000000000e+00	0.000000000000000000e+00	3.417667652145734980e+00
2.898291457286431339e+00	1.930599736662151233e+00	7.206416884952292490e-01	6.440249511413690398e-01	0.000000000000000000e+00	0.000000000000000000e+00	0.000000000000000000e+00	0.000000000000000000e+00	3.295266376298749744e+00
3.023869346733667918e+00	1.924806014043388691e+00	6.612393340878230941e-01	5.926519730744009840e-01	0.000000000000000000e+00	0.000000000000000000e+00	0.000000000000000000e+00	0.000000000000000000e+00	3.178697321205612880e+00
3.149447236180904053e+00	1.918795910184912357e+00	6.047034811904148377e-01	5.445534829016422940e-01	0.000000000000000000e+00	0.000000000000000000e+00	0.000000000000000000e+00	0.000000000000000000e+00	3.068052874276969266e+00
3.275025125628140188e+00	1.912572860524858198e+00	5.511149290755281704e-01	4.996646228546818835e-01	0.000000000000000000e+00	0.000000000000000000e+00	0.000000000000000000e+00	0.000000000000000000e+00	2.963352412455067864e+00
3.400603015075376323e+00	1.906140398091626720e+00	5.005162231952786644e-01	4.578949282301124080e-01	0.000000000000000000e+00	0.000000000000000000e+00	0.000000000000000000e+00	0.000000000000000000e+00	2.864551549517017737e+00
3.526180904522612458e+00	1.899502149055169120e+00	4.529157418183293315e-01	4.191328353722516553e-01	0.000000000000000000e+00	0.000000000000000000e+00	0.000000000000000000e+00	0.000000000000000000e+00	2.771550726245750162e+00
3.651758793969848593e+00	1.892661828210802977e+00	4.082917868625721147e-01	3.832496314518071823e-01	0.000000000000000000e+00	0.000000000000000000e+00	0.000000000000000000e+00	0.000000000000000000e+00	2.684203246525182163e+00
3.777336683417084728e+00	1.885623234405272797e+00	3.665966148125961444e-01	3.501030255461294871e-01	0.000000000000000000e+00	0.000000000000000000e+00	0.000000000000000000e+00	0.000000000000000000e+00	2.602322874763998595e+00
3.902914572864320863e+00	1.878390245914732581e+00	3.277603564100615707e-01	3.195404886013054613e-01	0.000000000000000000e+00	0.000000000000000000e+00	0.000000000000000000e+00	0.000000000000000000e+00	2.525691090926099669e+00
4.028492462311556999e+00	1.870966815784261161e+00	2.916947830653097706e-01	2.914024590168409756e-01	0.000000000000000000e+00	0.000000000000000000e+00	0.000000000000000000e+00	0.000000000000000000e+00	2.454064057866411908e+00
4.154070351758793578e+00	1.863356967138402043e+00	2.582968845566783189e-01	2.655254510944943802e-01	0.000000000000000000e+00	0.000000000000000000e+00	0.000000000000000000e+00	0.000000000000000000e+00	2.387179302789574908e+00
4.279648241206029269e+00	1.855564788472099602e+00	2.274522276017635625e-01	2.417450460366744325e-01	0.000000000000000000e+00	0.000000000000000000e+00	0.000000000000000000e+00	0.000000000000000000e+00	2.324762062110537375e+00
4.405226130653265848e+00	1.847594428931235155e+00	1.990380692978944988e-01	2.198986990250247353e-01	0.000000000000000000e+00	0.000000000000000000e+00	0.000000000000000000e+00	0.000000000000000000e+00	2.266531197254154417e+00
4.530804020100501539e+00	1.839450093591787461e+00	1.729262040263867262e-01	1.998282682311688374e-01	0.000000000000000000e+00	0.000000000000000000e+00	0.000000000000000000e+00	0.000000000000000000e+00	2.212204565849343219e+00
4.656381909547738118e+00	1.831136038746428385e+00	1.489855276686218588e-01	1.813821662761821718e-01	0.000000000000000000e+00	0.000000000000000000e+00	0.000000000000000000e+00	0.000000000000000000e+00	2.161503732691232305e+00
4.781959798994973809e+00	1.822656567207135536e+00	1.270843089986835039e-01	1.644170519253588536e-01	0.000000000000000000e+00	0.000000000000000000e+00	0.000000000000000000e+00	0.000000000000000000e+00	2.114157928131177755e+00
4.907537688442210388e+00	1.814016023632142538e+00	1.070921646585635129e-01	1.487990163241658670e-01	0.000000000000000000e+00	0.000000000000000000e+00	0.000000000000000000e+00	0.000000000000000000e+00	2.069907204614871876e+00
5.033115577889446079e+00	1.805218789885290720e+00	8.888174068464871347e-02	1.344042672493242219e-01	0.000000000000000000e+00	0.000000000000000000e+00	0.000000000000000000e+00	0.000000000000000000e+00	2.028504797819263850e+00
5.158693467336682659e+00	1.796269280435533133e+00	7.233010949828881653e-02	1.211193676439363959e-01	0.000000000000000000e+00	0.000000000000000000e+00	0.000000000000000000e+00	0.000000000000000000e+00	1.989718757577758401e+00
5.284271356783918350e+00	1.787171937804054256e+00	5.731989597428404498e-02	1.088411309994702370e-01	0.000000000000000000e+00	0.000000000000000000e+00	0.000000000000000000e+00	0.000000000000000000e+00	1.953332964777808378e+00
5.409849246231154929e+00	1.777931228066138125e+00	4.374014919941946605e-02	9.747630642299431880e-02	0.000000000000000000e+00	0.000000000000000000e+00	0.000000000000000000e+00	0.000000000000000000e+00	1.919147683688551709e+00
5.535427135678390620e+00	1.768551636414584349e+00	3.148697765226055739e-02	8.694119343058140381e-02	0.000000000000000000e+00	0.000000000000000000e+00	0.000000000000000000e+00	0.000000000000000000e+00	1.886979807497426442e+00
5.661005025125627199e+00	1.759037662791127499e+00	2.046396494531860233e-02	7.716130763916365098e-02	0.000000000000000000e+00	0.000000000000000000e+00	0.000000000000000000e+00	0.000000000000000000e+00	1.856662935375609891e+00
5.786582914572862890e+00	1.749393817591964106e+00	1.058238148118391397e-02	6.807117559495474979e-02	0.000000000000000000e+00	0.000000000000000000e+00	0.000000000000000000e+00	0.000000000000000000e+00	1.828047374668102742e+00
5.912160804020099469e+00	1.739624617453124689e+00	1.761205154837687222e-03	5.961427702054036826e-02	0.000000000000000000e+00	0.000000000000000000e+00	0.000000000000000000e+00	0.000000000000000000e+00	1.801000099628502715e+00
6.037738693467336049e+00	1.729734581121066928e+00	-6.073037527257859648e-03	5.174308691266115562e-02	0.000000000000000000e+00	0.000000000000000000e+00	0.000000000000000000e+00	0.000000000000000000e+00	1.775404630506470127e+00
6.163316582914571740e+00	1.719728225413492018e+00	-1.298659901775242945e-02	4.441911155594131799e-02	0.000000000000000000e+00	0.000000000000000000e+00	0.000000000000000000e+00	0.000000000000000000e+00	1.751160737951680924e+00
6.288894472361808319e+00	1.709610061275009585e+00	-1.903899470351979456e-02	3.761277479967419651e-02	0.000000000000000000e+00	0.000000000000000000e+00	0.000000000000000000e+00	0.000000000000000000e+00	1.728183841371163876e+00
6.414472361809044010e+00	1.699384589931911993e+00	-2.428362754506831894e-02	3.130300410539015032e-02	0.000000000000000000e+00	0.000000000000000000e+00	0.000000000000000000e+00	0.000000000000000000e+00	1.706403966492233693e+00
6.540050251256280589e+00	1.689056299149930274e+00	-2.876853239363261899e-02	2.547639468769884175e-02	0.000000000000000000e+00	0.000000000000000000e+00	0.000000000000000000e+00	0.000000000000000000e+00	1.685764161443996434e+00
6.665628140703516280e+00	1.678629659598486867e+00	-3.253721268611298872e-02	2.012589208998253817e-02	0.000000000000000000e+00	0.000000000000000000e+00	0.000000000000000000e+00	0.000000000000000000e+00	1.666218339002356386e+00
6.791206030150752859e+00	1.668109121324580446e+00	-3.562953590384556474e-02	1.524901861878226461e-02	0.000000000000000000e+00	0.000000000000000000e+00	0.000000000000000000e+00	0.000000000000000000e+00	1.647728604039517153e+00
6.916783919597988550e+00	1.657499110339081927e+00	-3.808264908125009313e-02	1.084576063188785224e-02	0.000000000000000000e+00	0.000000000000000000e+00	0.000000000000000000e+00	0.000000000000000000e+00	1.630262221889719809e+00
7.042361809045225129e+00	1.646804025317854636e+00	-3.993187289185688021e-02	6.916311795581314877e-03	0.000000000000000000e+00	0.000000000000000000e+00	0.000000000000000000e+00	0.000000000000000000e+00	1.613788464221578955e+00
7.167939698492460820e+00	1.636028234419773630e+00	-4.121153322686908760e-02	3.458913248534528986e-03	0.000000000000000000e+00	0.000000000000000000e+00	0.000000000000000000e+00	0.000000000000000000e+00	1.598275614441439174e+00
7.293517587939697400e+00	1.625176072223357471e+00	-4.195569301867632661e-02	4.680322578922165955e-04	0.000000000000000000e+00	0.000000000000000000e+00	0.000000000000000000e+00	0.000000000000000000e+00	1.583688411462573331e+00
7.419095477386933091e+00	1.614251836783412442e+00	-4.219875406970109016e-02	-2.066926517596605947e-03	0.000000000000000000e+00	0.000000000000000000e+00	0.000000000000000000e+00	0.000000000000000000e+00	1.569986156196114813e+00
7.544673366834169670e+00	1.603259786808750809e+00	-4.197590800468394695e-02	-4.162269949214388205e-03	0.000000000000000000e+00	0.000000000000000000e+00	0.000000000000000000e+00	0.000000000000000000e+00	1.557121608854852512e+00
7.670251256281405361e+00	1.592204138961734960e+00	-4.132342596583578331e-02	-5.840025784217539422e-03	0.000000000000000000e+00	0.000000000000000000e+00	0.000000000000000000e+00	0.000000000000000000e+00	1.545040687211681751e+00
7.795829145728641940e+00	1.581089065280102623e+00	-4.027878696471173803e-02	-7.127416008996902315e-03	0.000000000000000000e+00	0.000000000000000000e+00	0.000000000000000000e+00	0.000000000000000000e+00	1.533682862306394057e+00
7.921407035175877631e+00	1.569918690721235466e+00	-3.888065366832867131e-02	-8.055973140697276005e-03	0.000000000000000000e+00	0.000000000000000000e+00	0.000000000000000000e+00	0.000000000000000000e+00	1.522982063912209583e+00
8.046984924623114210e+00	1.558697090828749854e+00	-3.716871097128247869e-02	-8.660508922590187328e-03	0.000000000000000000e+00	0.000000000000000000e+00	0.000000000000000000e+00	0.000000000000000000e+00	1.512867870934877290e+00
8.172562814070349901e+00	1.547428289521040723e+00	-3.518338664783993153e-02	-8.978125786722981894e-03	0.000000000000000000e+00	0.000000000000000000e+00	0.000000000000000000e+00	0.000000000000000000e+00	1.503266777086477823e+00
8.298140703517587369e+00	1.536116257001142626e+00	-3.296547489116860574e-02	-9.047400686676133202e-03	0.000000000000000000e+00	0.000000000000000000e+00	0.000000000000000000e+00	0.000000000000000000e+00	1.494103381423298016e+00
8.423718592964823060e+00	1.524764907787044654e+00	-3.055568328398988384e-02	-8.907786845682889171e-03	0.000000000000000000e+00	0.000000000000000000e+00	0.000000000000000000e+00	0.000000000000000000e+00	1.485301437657371881e+00
8.549296482412058751e+00	1.513378098861372090e+00	-2.799412261551884051e-02	-8.599194801912289285e-03	0.000000000000000000e+00	0.000000000000000000e+00	0.000000000000000000e+00	0.000000000000000000e+00	1.476784781443940986e+00
8.674874371859294442e+00	1.501959627939137842e+00	-2.531975788848368769e-02	-8.161651359198426881e-03	0.000000000000000000e+00	0.000000000000000000e+00	0.000000000000000000e+00	0.000000000000000000e+00	1.468478218691455783e+00
8.800452261306531909e+00	1.490513231852072185e+00	-2.256983855830360999e-02	-7.634907920381375085e-03	0.000000000000000000e+00	0.000000000000000000e+00	0.000000000000000000e+00	0.000000000000000000e+00	1.460308485373387200e+00
8.926030150753767600e+00	1.479042585047864122e+00	-1.977932684734231422e-02	-7.057882174971427669e-03	0.000000000000000000e+00	0.000000000000000000e+00	0.000000000000000000e+00	0.000000000000000000e+00	1.452205376025550443e+00
9.051608040201003291e+00	1.467551298202470544e+00	-1.698034477184479432e-02	-6.467863022570360422e-03	0.000000000000000000e+00	0.000000000000000000e+00	0.000000000000000000e+00	0.000000000000000000e+00	1.444103090408055401e+00
9.177185929648238982e+00	1.456042916943513399e+00	-1.420166280105023861e-02	-5.899474273477227880e-03	0.000000000000000000e+00	0.000000000000000000e+00	0.000000000000000000e+00	0.000000000000000000e+00	1.435941779868985968e+00
9.302763819095476450e+00	1.444520920682631715e+00	-1.146825506674670030e-02	-5.383461211500016261e-03	0.000000000000000000e+00	0.000000000000000000e+00	0.000000000000000000e+00	0.000000000000000000e+00	1.427669204404385050e+00
9.428341708542712141e+00	1.432988721554542932e+00	-8.800946910732821218e-03	-4.945419851327997190e-03	0.000000000000000000e+00	0.000000000000000000e+00	0.000000000000000000e+00	0.000000000000000000e+00	1.419242354792482175e+00
9.553919597989947832e+00	1.421449663460447210e+00	-6.216179569774756518e-03	-4.604620562150953632e-03	0.000000000000000000e+00	0.000000000000000000e+00	0.000000000000000000e+00	0.000000000000000000e+00	1.410628863328521332e+00
9.679497487437183523e+00	1.409907021213316014e+00	-3.725913503861469009e-03	-4.373080860543172854e-03	0.000000000000000000e+00	0.000000000000000000e+00	0.000000000000000000e+00	0.000000000000000000e+00	1.401808026848911481e+00
9.805075376884420990e+00	1.398363999782519684e+00	-1.337686197420343785e-03	-4.255018149742820742e-03	0.000000000000000000e+00	0.000000000000000000e+00	0.000000000000000000e+00	0.000000000000000000e+00	1.392771295435356604e+00
9.930653266331656681e+00	1.386823733635174083e+00	9.451674850793446514e-04	-4.246768597326796256e-03	0.000000000000000000e+00	0.000000000000000000e+00	0.000000000000000000e+00	0.000000000000000000e+00	1.383522132522926551e+00
1.005623115577889237e+01	1.375289286171523129e+00	3.123133491414291796e-03	-4.337202771130621234e-03	0.000000000000000000e+00	0.000000000000000000e+00	0.000000000000000000e+00	0.000000000000000000e+00	1.374075216891806894e+00
1.018180904522612984e+01	1.363763649251625409e+00	5.199986195919044200e-03	-4.508612379066093134e-03	0.000000000000000000e+00	0.000000000000000000e+00	0.000000000000000000e+00	0.000000000000000000e+00	1.364455023068478434e+00
1.030738693467336553e+01	1.352249742810575528e+00	7.182125754954398617e-03	-4.737994489736620761e-03	0.000000000000000000e+00	0.000000000000000000e+00	0.000000000000000000e+00	0.000000000000000000e+00	1.354693874075793447e+00
1.043296482412060122e+01	1.340750414559450876e+00	9.077813798632894740e-03	-4.998626252745175420e-03	0.000000000000000000e+00	0.000000000000000000e+00	0.000000000000000000e+00	0.000000000000000000e+00	1.344829602105338529e+00
1.055854271356783691e+01	1.329268439769168975e+00	1.089634250392776046e-02	-5.261807273432128791e-03	0.000000000000000000e+00	0.000000000000000000e+00	0.000000000000000000e+00	0.000000000000000000e+00	1.334902974999664593e+00
1.068412060301507438e+01	1.317806521134416542e+00	1.264717631433377905e-02	-5.498647882971219314e-03	0.000000000000000000e+00	0.000000000000000000e+00	0.000000000000000000e+00	0.000000000000000000e+00	1.324955049565779142e+00
1.080969849246231007e+01	1.306367288714813668e+00	1.433910742653857727e-02	-5.681796225727581834e-03	0.000000000000000000e+00	0.000000000000000000e+00	0.000000000000000000e+00	0.000000000000000000e+00	1.315024599915624703e+00
1.093527638190954576e+01	1.294953299950482473e+00	1.597946575921819698e-02	-5.787020238075589983e-03	0.000000000000000000e+00	0.000000000000000000e+00	0.000000000000000000e+00	0.000000000000000000e+00	1.305145745471625096e+00
1.106085427135678145e+01	1.283567039749200722e+00	1.757342173101701308e-02	-5.794586545429080381e-03	0.000000000000000000e+00	0.000000000000000000e+00	0.000000000000000000e+00	0.000000000000000000e+00	1.295345874934788810e+00
1.118643216080401892e+01	1.272210920642338428e+00	1.912341617319162496e-02	-5.690401969138234387e-03	0.000000000000000000e+00	0.000000000000000000e+00	0.000000000000000000e+00	0.000000000000000000e+00	1.285643934846391945e+00
1.131201005025125461e+01	1.260887283006804971e+00	2.062874646563984601e-02	-5.466901038036917938e-03	0.000000000000000000e+00	0.000000000000000000e+00	0.000000000000000000e+00	0.000000000000000000e+00	1.276049128434407987e+00
1.143758793969849030e+01	1.249598395350256075e+00	2.208533183463773711e-02	-5.123672808831123728e-03	0.000000000000000000e+00	0.000000000000000000e+00	0.000000000000000000e+00	0.000000000000000000e+00	1.266560054376062672e+00
1.156316582914572599e+01	1.238346454656858331e+00	2.348567391228192219e-02	-4.667822466520987930e-03	0.000000000000000000e+00	0.000000000000000000e+00	0.000000000000000000e+00	0.000000000000000000e+00	1.257164306102619200e+00
1.168874371859296346e+01	1.227133586790939868e+00	2.481902125381309568e-02	-4.114059281737544524e-03	0.000000000000000000e+00	0.000000000000000000e+00	0.000000000000000000e+00	0.000000000000000000e+00	1.247838548763015476e+00
1.181432160804019915e+01	1.215961846955899928e+00	2.607173858165351410e-02	-3.484495416266535344e-03	0.000000000000000000e+00	0.000000000000000000e+00	0.000000000000000000e+00	0.000000000000000000e+00	1.238549090121287000e+00
1.193989949748743484e+01	1.204833220205804523e+00	2.722787308184009339e-02	-2.808133300576103053e-03	0.000000000000000000e+00	0.000000000000000000e+00	0.000000000000000000e+00	0.000000000000000000e+00	1.229252959987068516e+00
1.206547738693467231e+01	1.193749622007134414e+00	2.826990115243617832e-02	-2.120016398079059040e-03	0.000000000000000000e+00	0.000000000000000000e+00	0.000000000000000000e+00	0.000000000000000000e+00	1.219899506761491503e+00
1.219105527638190800e+01	1.182712898848222283e+00	2.917962971283159443e-02	-1.460022076595980699e-03	0.000000000000000000e+00	0.000000000000000000e+00	0.000000000000000000e+00	0.000000000000000000e+00	1.210432506484457882e+00
1.231663316582914369e+01	1.171724828893946135e+00	2.993921678098900030e-02	-8.712878642091993146e-04	0.000000000000000000e+00	0.000000000000000000e+00	0.000000000000000000e+00	0.000000000000000000e+00	1.200792757810726030e+00
1.244221105527637938e+01	1.160787122683326844e+00	3.053226692997286496e-02	-3.982839367850826468e-04	0.000000000000000000e+00	0.000000000000000000e+00	0.000000000000000000e+00	0.000000000000000000e+00	1.190921105676514546e+00
1.256778894472361685e+01	1.149901423867718320e+00	3.094494902813547596e-02	-8.457406717814217945e-05	0.000000000000000000e+00	0.000000000000000000e+00	0.000000000000000000e+00	0.000000000000000000e+00	1.180761798828675602e+00
1.269336683417085254e+01	1.139069309987345902e+00	3.116707706870791919e-02	2.965811790486025555e-05	0.000000000000000000e+00	0.000000000000000000e+00	0.000000000000000000e+00	0.000000000000000000e+00	1.170266045173958824e+00
1.281894472361808823e+01	1.128292293283999159e+00	3.119309070368636583e-02	-8.979554884261433116e-05	0.000000000000000000e+00	0.000000000000000000e+00	0.000000000000000000e+00	0.000000000000000000e+00	1.159395588438842939e+00
1.294452261306532392e+01	1.117571821547757915e+00	3.102287111259238381e-02	-4.685978489269204727e-04	0.000000000000000000e+00	0.000000000000000000e+00	0.000000000000000000e+00	0.000000000000000000e+00	1.148126094811423359e+00
1.307010050251256139e+01	1.106909278995670265e+00	3.066233076068104399e-02	-1.121495792318002354e-03	0.000000000000000000e+00	0.000000000000000000e+00	0.000000000000000000e+00	0.000000000000000000e+00	1.136450113964033282e+00
1.319567839195979708e+01	1.096305987180375974e+00	3.012372293580453317e-02	-2.050340543101687642e-03	0.000000000000000000e+00	0.000000000000000000e+00	0.000000000000000000e+00	0.000000000000000000e+00	1.124379369573078824e+00
1.332125628140703277e+01	1.085763205926715935e+00	2.942562890346695284e-02	-3.242691048146730762e-03	0.000000000000000000e+00	0.000000000000000000e+00	0.000000000000000000e+00	0.000000000000000000e+00	1.111946143782036156e+00
1.344683417085426846e+01	1.075282134294428316e+00	2.859259691116130403e-02	-4.671180732749009509e-03	0.000000000000000000e+00	0.000000000000000000e+00	0.000000000000000000e+00	0.000000000000000000e+00	1.099203550472840574e+00
1.357241206030150593e+01	1.064863911565091525e+00	2.765442749609054590e-02	-6.293794308862364628e-03	0.000000000000000000e+00	0.000000000000000000e+00	0.000000000000000000e+00	0.000000000000000000e+00	1.086224544752319776e+00
1.369798994974874162e+01	1.054509618251516567e+00	2.664512254050443313e-02	-8.055150778047390908e-03	0.000000000000000000e+00	0.000000000000000000e+00	0.000000000000000000e+00	0.000000000000000000e+00	1.073099590013973703e+00
1.382356783919597731e+01	1.044220277127859031e+00	2.560153978305794095e-02	-9.888820339597700210e-03	0.000000000000000000e+00	0.000000000000000000e+00	0.000000000000000000e+00	0.000000000000000000e+00	1.059932996571319341e+00
1.394914572864321300e+01	1.033996854278760313e+00	2.456181818783276932e-02	-1.172062026871554218e-02	0.000000000000000000e+00	0.000000000000000000e+00	0.000000000000000000e+00	0.000000000000000000e+00	1.046838052197877733e+00
1.407472361809045047e+01	1.023840260165886695e+00	2.356366062772917436e-02	-1.347274320225682297e-02	0.000000000000000000e+00	0.000000000000000000e+00	0.000000000000000000e+00	0.000000000000000000e+00	1.033931177591359107e+00
1.420030150753768616e+01	1.013751350710275112e+00	2.264257664487142468e-02	-1.506847823867266990e-02	0.000000000000000000e+00	0.000000000000000000e+00	0.000000000000000000e+00	0.000000000000000000e+00	1.021325449116473827e+00
1.432587939698492185e+01	1.003730928388946619e+00	2.183019766890503810e-02	-1.643720054547708961e-02	0.000000000000000000e+00	0.000000000000000000e+00	0.000000000000000000e+00	0.000000000000000000e+00	1.009123925512374509e+00
1.445145728643215932e+01	9.937797433442955297e-01	2.115277847282144227e-02	-1.751924004462204754e-02	0.000000000000000000e+00	0.000000000000000000e+00	0.000000000000000000e+00	0.000000000000000000e+00	9.974132817724949973e-01
1.457703517587939501e+01	9.838984945047967168e-01	2.062999092592881015e-02	-1.827020584420045030e-02	0.000000000000000000e+00	0.000000000000000000e+00	0.000000000000000000e+00	0.000000000000000000e+00	9.862582795865250107e-01
1.470261306532663070e+01	9.740878307156258797e-01	2.027409918266655578e-02	-1.866435056284394128e-02	0.000000000000000000e+00	0.000000000000000000e+00	0.000000000000000000e+00	0.000000000000000000e+00	9.756975793354484283e-01
1.482819095477386639e+01	9.643483518778236396e-01	2.008958016931677512e-02	-1.869661396067998430e-02	0.000000000000000000e+00	0.000000000000000000e+00	0.000000000000000000e+00	0.000000000000000000e+00	9.657413180864603541e-01
1.495376884422110386e+01	9.546806100946720886e-01	2.007322137783475180e-02	-1.838308873615634303e-02	0.000000000000000000e+00	0.000000000000000000e+00	0.000000000000000000e+00	0.000000000000000000e+00	9.563707427363504765e-01
1.507934673366833955e+01	9.450851108239933795e-01	2.021469214740487588e-02	-1.775979573123574740e-02	0.000000000000000000e+00	0.000000000000000000e+00	0.000000000000000000e+00	0.000000000000000000e+00	9.475400072401625184e-01
1.520492462311557524e+01	9.355623140351123634e-01	2.049754799715650805e-02	-1.687982598088278580e-02	0.000000000000000000e+00	0.000000000000000000e+00	0.000000000000000000e+00	0.000000000000000000e+00	9.391800360513861134e-01
1.533050251256281094e+01	9.261126353692680224e-01	2.090059360756782100e-02	-1.580908157384877319e-02	0.000000000000000000e+00	0.000000000000000000e+00	0.000000000000000000e+00	0.000000000000000000e+00	9.312041474029870702e-01
1.545608040201004840e+01	9.167364473022838744e-01	2.139950203167455614e-02	-1.462100166834089804e-02	0.000000000000000000e+00	0.000000000000000000e+00	0.000000000000000000e+00	0.000000000000000000e+00	9.235149476656174805e-01
1.558165829145728409e+01	9.074340803083466023e-01	2.196856840774548750e-02	-1.339077123022813093e-02	0.000000000000000000e+00	0.000000000000000000e+00	0.000000000000000000e+00	0.000000000000000000e+00	9.160118774858639901e-01
1.570723618090451978e+01	8.982058240237729141e-01	2.258246771547093093e-02	-1.218956126424179665e-02	0.000000000000000000e+00	0.000000000000000000e+00	0.000000000000000000e+00	0.000000000000000000e+00	9.085987304750020588e-01
1.583281407035175548e+01	8.890519284096761732e-01	2.321788872232794995e-02	-1.107933327755428188e-02	0.000000000000000000e+00	0.000000000000000000e+00	0.000000000000000000e+00	0.000000000000000000e+00	9.011904838544498864e-01
1.595839195979899294e+01	8.799726049124775296e-01	2.385492975521885314e-02	-1.010866133046975888e-02	0.000000000000000000e+00	0.000000000000000000e+00	0.000000000000000000e+00	0.000000000000000000e+00	8.937188733372266602e-01
1.608396984924623041e+01	8.709680276212328209e-01	2.447816472390799275e-02	-9.309896222792352072e-03	0.000000000000000000e+00	0.000000000000000000e+00	0.000000000000000000e+00	0.000000000000000000e+00	8.861362961223484547e-01
1.620954773869346610e+01	8.620383344207803722e-01	2.507731742695669744e-02	-8.697838941400288723e-03	0.000000000000000000e+00	0.000000000000000000e+00	0.000000000000000000e+00	0.000000000000000000e+00	8.784178129063368035e-01
1.633512562814070179e+01	8.531836281397436883e-01	2.564751551774050939e-02	-8.269927747682889393e-03	0.000000000000000000e+00	0.000000000000000000e+00	0.000000000000000000e+00	0.000000000000000000e+00	8.705612159098012892e-01
1.646070351758793748e+01	8.444039776924509022e-01	2.618912933212170363e-02	-8.007796591304142120e-03	0.000000000000000000e+00	0.000000000000000000e+00	0.000000000000000000e+00	0.000000000000000000e+00	8.625853104332684707e-01
1.658628140703517673e+01	8.356994192138677002e-01	2.670723199941324455e-02	-7.879947983904541167e-03	0.000000000000000000e+00	0.000000000000000000e+00	0.000000000000000000e+00	0.000000000000000000e+00	8.545267032293764053e-01
1.671185929648241242e+01	8.270699571866614308e-01	2.721074330121255741e-02	-7.845210090604017375e-03	0.000000000000000000e+00	0.000000000000000000e+00	0.000000000000000000e+00	0.000000000000000000e+00	8.464354903972699518e-01
1.683743718592964811e+01	8.185155655595509616e-01	2.771133877148678967e-02	-7.856617525287691584e-03	0.000000000000000000e+00	0.000000000000000000e+00	0.000000000000000000e+00	0.000000000000000000e+00	8.383702868057500979e-01
1.696301507537688380e+01	8.100361888561262713e-01	2.822221655980100899e-02	-7.865364227491530510e-03	0.000000000000000000e+00	0.000000000000000000e+00	0.000000000000000000e+00	0.000000000000000000e+00	8.303930411884358209e-01
1.708859296482411949e+01	8.016317432733435222e-01	2.875681747420062023e-02	-7.824516992428717441e-03	0.000000000000000000e+00	0.000000000000000000e+00	0.000000000000000000e+00	0.000000000000000000e+00	8.225640437551154927e-01
1.721417085427135518e+01	7.933021177689444370e-01	2.932758900541678274e-02	-7.692239983833435747e-03	0.000000000000000000e+00	0.000000000000000000e+00	0.000000000000000000e+00	0.000000000000000000e+00	8.149374667905278091e-01
1.733974874371859087e+01	7.850471751370651230e-01	2.994487322852147290e-02	-7.434353986354370891e-03	0.000000000000000000e+00	0.000000000000000000e+00	0.000000000000000000e+00	0.000000000000000000e+00	8.075576943792321938e-01
1.746532663316582656e+01	7.768667530713408986e-01	3.061598289338155615e-02	-7.026130386569540490e-03	0.000000000000000000e+00	0.000000000000000000e+00	0.000000000000000000e+00	0.000000000000000000e+00	8.004566055781529021e-01
1.759090452261306581e+01	7.687606652148384345e-01	3.134451154561759822e-02	-6.453291736813874559e-03	0.000000000000000000e+00	0.000000000000000000e+00	0.000000000000000000e+00	0.000000000000000000e+00	7.936518850236421452e-01
1.771648241206030150e+01	7.607287021961804951e-01	3.212990394927920518e-02	-5.712253012232191424e-03	0.000000000000000000e+00	0.000000000000000000e+00	0.000000000000000000e+00	0.000000000000000000e+00	7.871463531332274499e-01
1.784206030150753719e+01	7.527706326512525470e-01	3.296729402525089975e-02	-4.809686970579091572e-03	0.000000000000000000e+00	0.000000000000000000e+00	0.000000000000000000e+00	0.000000000000000000e+00	7.809282397059243985e-01
1.796763819095477288e+01	7.448862042299279063e-01	3.384760030400035119e-02	-3.761531718339732565e-03	0.000000000000000000e+00	0.000000000000000000e+00	0.000000000000000000e+00	0.000000000000000000e+00	7.749722728155885587e-01
1.809321608040200857e+01	7.370751445872575358e-01	3.475785449134051464e-02	-2.591578463872170907e-03	0.000000000000000000e+00	0.000000000000000000e+00	0.000000000000000000e+00	0.000000000000000000e+00	7.692414206147258904e-01
1.821879396984924426e+01	7.293371623586224484e-01	3.568172775563741711e-02	-1.329783441706075542e-03	0.000000000000000000e+00	0.000000000000000000e+00	0.000000000000000000e+00	0.000000000000000000e+00	7.636891066725537414e-01
1.834437185929647995e+01	7.216719481183632157e-01	3.660021199313332613e-02	-1.044195618848951901e-05	0.000000000000000000e+00	0.000000000000000000e+00	0.000000000000000000e+00	0.000000000000000000e+00	7.582617181553080732e-01
1.846994974874371920e+01	7.140791753214431603e-01	3.749240952277703431e-02	1.329653090373682581e-03	0.000000000000000000e+00	0.000000000000000000e+00	0.000000000000000000e+00	0.000000000000000000e+00	7.529012379345938477e-01
1.859552763819095489e+01	7.065585012277253441e-01	3.833638405660027421e-02	2.652968010799179599e-03	0.000000000000000000e+00	0.000000000000000000e+00	0.000000000000000000e+00	0.000000000000000000e+00	7.475478532951247423e-01
1.872110552763819058e+01	6.991095678084789933e-01	3.911002786359668582e-02	3.922825943522344032e-03	0.000000000000000000e+00	0.000000000000000000e+00	0.000000000000000000e+00	0.000000000000000000e+00	7.421424216155979581e-01
1.884668341708542627e+01	6.917320026347624218e-01	3.979190417722125450e-02	5.104796646591910209e-03	0.000000000000000000e+00	0.000000000000000000e+00	0.000000000000000000e+00	0.000000000000000000e+00	7.366287034585755622e-01
1.897226130653266196e+01	6.844254197473543799e-01	4.036202945417075028e-02	6.167853283733826415e-03	0.000000000000000000e+00	0.000000000000000000e+00	0.000000000000000000e+00	0.000000000000000000e+00	7.309553024852589731e-01
1.909783919597989765e+01	6.771894205079447282e-01	4.080256648681213072e-02	7.085289772064583096e-03	0.000000000000000000e+00	0.000000000000000000e+00	0.000000000000000000e+00	0.000000000000000000e+00	7.250772767668214325e-01
1.922341708542713334e+01	6.700235944313143177e-01	4.109840610870315464e-02	7.835405124141043079e-03	0.000000000000000000e+00	0.000000000000000000e+00	0.000000000000000000e+00	0.000000000000000000e+00	7.189574056641585553e-01
1.934899497487436903e+01	6.629275199982720412e-01	4.123762193682115745e-02	8.401967995744483164e-03	0.000000000000000000e+00	0.000000000000000000e+00	0.000000000000000000e+00	0.000000000000000000e+00	7.125671099308376055e-01
1.947457286432160828e+01	6.559007654491393335e-01	4.121178901426928581e-02	8.774476164981498752e-03	0.000000000000000000e+00	0.000000000000000000e+00	0.000000000000000000e+00	0.000000000000000000e+00	7.058870306283900886e-01
1.960015075376884397e+01	6.489428895576011547e-01	4.101616321180819036e-02	8.948223533045269323e-03	0.000000000000000000e+00	0.000000000000000000e+00	0.000000000000000000e+00	0.000000000000000000e+00	6.989072763024546386e-01
1.972572864321607966e+01	6.420534423847681360e-01	4.064972375425951467e-02	8.924183537387877715e-03	0.000000000000000000e+00	0.000000000000000000e+00	0.000000000000000000e+00	0.000000000000000000e+00	6.916273496764155926e-01
1.985130653266331535e+01	6.352319660133227686e-01	4.011508624007262963e-02	8.708714786107003489e-03	0.000000000000000000e+00	0.000000000000000000e+00	0.000000000000000000e+00	0.000000000000000000e+00	6.840557670395024381e-01
1.997688442211055104e+01	6.284779952616400545e-01	3.941829800521155086e-02	8.313094168026799111e-03	0.000000000000000000e+00	0.000000000000000000e+00	0.000000000000000000e+00	0.000000000000000000e+00	6.762093874348784617e-01
2.010246231155778673e+01	6.217910583778047950e-01	3.856853160537836167e-02	7.752885970691365987e-03	0.000000000000000000e+00	0.000000000000000000e+00	0.000000000000000000e+00	0.000000000000000000e+00	6.681124759538744629e-01
2.022804020100502242e+01	6.151706777134601234e-01	3.757769546784612419e-02	7.047163076955415516e-03	0.000000000000000000e+00	0.000000000000000000e+00	0.000000000000000000e+00	0.000000000000000000e+00	6.597955362582617056e-01
2.035361809045226167e+01	6.086163703774508660e-01	3.645998326386711702e-02	6.217607498289512945e-03	0.000000000000000000e+00	0.000000000000000000e+00	0.000000000000000000e+00	0.000000000000000000e+00	6.512939611396074691e-01
2.047919597989949736e+01	6.021276488692380857e-01	3.523138511274560153e-02	5.287530684849012057e-03	0.000000000000000000e+00	0.000000000000000000e+00	0.000000000000000000e+00	0.000000000000000000e+00	6.426465646668326759e-01
2.060477386934673305e+01	5.957040216920821418e-01	3.390918418846935317e-02	4.280866738556399556e-03	0.000000000000000000e+00	0.000000000000000000e+00	0.000000000000000000e+00	0.000000000000000000e+00	6.338940726191079067e-01
2.073035175879396874e+01	5.893449939460081444e-01	3.251146154018597773e-02	3.221200940563124365e-03	0.000000000000000000e+00	0.000000000000000000e+00	0.000000000000000000e+00	0.000000000000000000e+00	6.250776564267572777e-01
2.085592964824120443e+01	5.830500679005832243e-01	3.105662992241142381e-02	2.130899145481808792e-03	0.000000000000000000e+00	0.000000000000000000e+00	0.000000000000000000e+00	0.000000000000000000e+00	6.162375969684764643e-01
2.098150753768844012e+01	5.768187435475461422e-01	2.956301423847092213e-02	1.030398635153242579e-03	0.000000000000000000e+00	0.000000000000000000e+00	0.000000000000000000e+00	0.000000000000000000e+00	6.074121564211703017e-01
2.110708542713567581e+01	5.706505191333469673e-01	2.804849204045122002e-02	-6.229266930221509697e-05	0.000000000000000000e+00	0.000000000000000000e+00	0.000000000000000000e+00	0.000000000000000000e+00	5.986367185044959571e-01
2.123266331658291151e+01	5.645448916716612198e-01	2.653020273251074229e-02	-1.131863152580431025e-03	0.000000000000000000e+00	0.000000000000000000e+00	0.000000000000000000e+00	0.000000000000000000e+00	5.899432312515915378e-01
2.135824120603015075e+01	5.585013574359595223e-01	2.502432911315347411e-02	-2.165731569066520635e-03	0.000000000000000000e+00	0.000000000000000000e+00	0.000000000000000000e+00	0.000000000000000000e+00	5.813599549800464450e-01
2.148381909547738644e+01	5.525194124322152511e-01	2.354595012330796752e-02	-3.153876617081458750e-03	0.000000000000000000e+00	0.000000000000000000e+00	0.000000000000000000e+00	0.000000000000000000e+00	5.729114859384417668e-01
2.160939698492462213e+01	5.465985528518475522e-01	2.210895956722523994e-02	-4.088514062940295027e-03	0.000000000000000000e+00	0.000000000000000000e+00	0.000000000000000000e+00	0.000000000000000000e+00	5.646189983561324954e-01
2.173497487437185782e+01	5.407382755050011980e-01	2.072604247082533019e-02	-4.963688737813944443e-03	0.000000000000000000e+00	0.000000000000000000e+00	0.000000000000000000e+00	0.000000000000000000e+00	5.565006292380125785e-01
2.186055276381909351e+01	5.349380782342716412e-01	1.940869881392651847e-02	-5.774852274048837032e-03	0.000000000000000000e+00	0.000000000000000000e+00	0.000000000000000000e+00	0.000000000000000000e+00	5.485719247741492888e-01
2.198613065326632920e+01	5.291974603089910634e-01	1.816730361571413863e-02	-6.518488019921333046e-03	0.000000000000000000e+00	0.000000000000000000e+00	0.000000000000000000e+00	0.000000000000000000e+00	5.408462759047838464e-01
2.211170854271356490e+01	5.235159228001916576e-01	1.701119258968104148e-02	-7.191823684836007313e-03	0.000000000000000000e+00	0.000000000000000000e+00	0.000000000000000000e+00	0.000000000000000000e+00	5.333352917050366848e-01
2.223728643216080414e+01	5.178929689363757083e-01	1.594876350442666138e-02	-7.792644196511888839e-03	0.000000000000000000e+00	0.000000000000000000e+00	0.000000000000000000e+00	0.000000000000000000e+00	5.260490882442904192e-01
2.236286432160803983e+01	5.123281044402160367e-01	1.498758461481153152e-02	-8.319188336012903195e-03	0.000000000000000000e+00	0.000000000000000000e+00	0.000000000000000000e+00	0.000000000000000000e+00	5.189965007190147084e-01
2.248844221105527552e+01	5.068208378463235908e-01	1.413450270712171900e-02	-8.770089976996143719e-03	0.000000000000000000e+00	0.000000000000000000e+00	0.000000000000000000e+00	0.000000000000000000e+00	5.121852505764491470e-01
2.261402010050251121e+01	5.013706808002177384e-01	1.339574417272783834e-02	-9.144314113651604362e-03	0.000000000000000000e+00	0.000000000000000000e+00	0.000000000000000000e+00	0.000000000000000000e+00	5.056221108592939828e-01
2.273959798994974690e+01	4.959771483386400948e-01	1.277700298172499555e-02	-9.441042423723124480e-03	0.000000000000000000e+00	0.000000000000000000e+00	0.000000000000000000e+00	0.000000000000000000e+00	4.993131088966419329e-01
2.286517587939698259e+01	4.906397591513602663e-01	1.228350953906174638e-02	-9.659482067934517871e-03	0.000000000000000000e+00	0.000000000000000000e+00	0.000000000000000000e+00	0.000000000000000000e+00	4.932637866224874879e-01
2.299075376884421829e+01	4.853580358246206705e-01	1.192007438858566117e-02	-9.798599990554440406e-03	0.000000000000000000e+00	0.000000000000000000e+00	0.000000000000000000e+00	0.000000000000000000e+00	4.874795102226519017e-01
2.311633165829145398e+01	4.801315050663795825e-01	1.169110089186561723e-02	-9.856815524190700936e-03	0.000000000000000000e+00	0.000000000000000000e+00	0.000000000000000000e+00	0.000000000000000000e+00	4.819657904340544641e-01
2.324190954773869322e+01	4.749596979135117247e-01	1.160056165902377534e-02	-9.831708184023801173e-03	0.000000000000000000e+00	0.000000000000000000e+00	0.000000000000000000e+00	0.000000000000000000e+00	4.767285513885117232e-01
2.336748743718592891e+01	4.698421499211381525e-01	1.165193487485834817e-02	-9.719808313437394015e-03	0.000000000000000000e+00	0.000000000000000000e+00	0.000000000000000000e+00	0.000000000000000000e+00	4.717742764825590962e-01
2.349306532663316460e+01	4.647784013342562415e-01	1.184809882004034080e-02	-9.516532407749803829e-03	0.000000000000000000e+00	0.000000000000000000e+00	0.000000000000000000e+00	0.000000000000000000e+00	4.671099677465467837e-01
2.361864321608040029e+01	4.597679972418597383e-01	1.219118572521641491e-02	-9.216303643401533782e-03	0.000000000000000000e+00	0.000000000000000000e+00	0.000000000000000000e+00	0.000000000000000000e+00	4.627428793236746385e-01
2.374422110552763598e+01	4.548104877137386648e-01	1.268239933556520628e-02	-8.812866565601439744e-03	0.000000000000000000e+00	0.000000000000000000e+00	0.000000000000000000e+00	0.000000000000000000e+00	4.586800204837024331e-01
2.386979899497487168e+01	4.499054279201649131e-01	1.332180380764686964e-02	-8.299770701348872792e-03	0.000000000000000000e+00	0.000000000000000000e+00	0.000000000000000000e+00	0.000000000000000000e+00	4.549274610264629204e-01
2.399537688442210737e+01	4.450523782346779145e-01	1.410809437624176675e-02	-7.670969025547914183e-03	0.000000000000000000e+00	0.000000000000000000e+00	0.000000000000000000e+00	0.000000000000000000e+00	4.514895035853717653e-01
2.412095477386934661e+01	4.402509043202004202e-01	1.503836223622357499e-02	-6.921459876705587065e-03	0.000000000000000000e+00	0.000000000000000000e+00	0.000000000000000000e+00	0.000000000000000000e+00	4.483678066797184281e-01
2.424653266331658230e+01	4.355005771987256469e-01	1.610786703173475165e-02	-6.047898053366252726e-03	0.000000000000000000e+00	0.000000000000000000e+00	0.000000000000000000e+00	0.000000000000000000e+00	4.455605461770941744e-01
2.437211055276381799e+01	4.308009733048321910e-01	1.730983015436144204e-02	-5.049111776424800545e-03	0.000000000000000000e+00	0.000000000000000000e+00	0.000000000000000000e+00	0.000000000000000000e+00	4.430616916827688212e-01
2.449768844221105368e+01	4.261516745233031589e-01	1.863526082690470861e-02	-3.926483300265096350e-03	0.000000000000000000e+00	0.000000000000000000e+00	0.000000000000000000e+00	0.000000000000000000e+00	4.408604520499427859e-01
2.462326633165828937e+01	4.215522682111376152e-01	2.007282494328663930e-02	-2.684176740289275550e-03	0.000000000000000000e+00	0.000000000000000000e+00	0.000000000000000000e+00	0.000000000000000000e+00	4.389409164141350184e-01
2.474884422110552507e+01	4.170023472042657664e-01	2.160876419327148815e-02	-1.329221400504001713e-03	0.000000000000000000e+00	0.000000000000000000e+00	0.000000000000000000e+00	0.000000000000000000e+00	4.372818899970332684e-01
2.487442211055276076e+01	4.125015098092955634e-01	2.322687048771853932e-02	1.285222136149195631e-04	0.000000000000000000e+00	0.000000000000000000e+00	0.000000000000000000e+00	0.000000000000000000e+00	4.358569025106290296e-01
2.500000000000000000e+01	4.080493597806410522e-01	2.490851843118195227e-02	1.676476305110466284e-03	0.000000000000000000e+00	0.000000000000000000e+00	0.000000000000000000e+00	0.000000000000000000e+00	4.346343545169334965e-01
