# q (inverse Anstrom)	f(q): 1s	f(q): 2s	f(q): 2p	f(q): 3s	f(q): 3p	f(q): 3d	f(q): 4s	f(q): total
1.000000000000000021e-02	1.995300712165273938e+00	1.997783522383797195e+00	5.994676164712843480e+00	1.999263752744595113e+00	5.995450052602773638e+00	5.994768642498159217e+00	1.998119609189305201e+00	2.597536245629674667e+01
1.355778894472361717e-01	1.995293600505020359e+00	1.997651125515333081e+00	5.994357005375110070e+00	1.998057868057588671e+00	5.991320898464389977e+00	5.987576273512409841e+00	1.979013048417345821e+00	2.594326981984719893e+01
2.611557788944723346e-01	1.995274193849453814e+00	1.997290354657323297e+00	5.993487311613567847e+00	1.994775170993562163e+00	5.980083367680141038e+00	5.968044065139742393e+00	1.927919726609604423e+00	2.585687419054339742e+01
3.867336683417085252e-01	1.995242501809071811e+00	1.996701342131848023e+00	5.992067383441781914e+00	1.989425704813498674e+00	5.961780087570071274e+00	5.936361176686679286e+00	1.847456399563321305e+00	2.571903459601627162e+01
5.123115577889446604e-01	1.995198525490857522e+00	1.995884300840288450e+00	5.990097701468968694e+00	1.982025806247116995e+00	5.936480309258427290e+00	5.892831291063384214e+00	1.741605806247051857e+00	2.553412374061609569e+01
6.378894472361807955e-01	1.995142266223459249e+00	1.994839525962257776e+00	5.987578932002420196e+00	1.972598014986019166e+00	5.904279395979846967e+00	5.837865341814434395e+00	1.615345959461404135e+00	2.530764943642984477e+01
7.634673366834170416e-01	1.995073725671385301e+00	1.993567394775907609e+00	5.984511926650097458e+00	1.961170948464923347e+00	5.865298120160652218e+00	5.771971903621802902e+00	1.474218116835268821e+00	2.504581213618003943e+01
8.890452261306531767e-01	1.994992905852323695e+00	1.992068366401198665e+00	5.980897721732894468e+00	1.947779143596974460e+00	5.819681779646777464e+00	5.695745674289122817e+00	1.323891182223616347e+00	2.475505677374291125e+01
1.014623115577889312e+00	1.994899809141489566e+00	1.990342981484185980e+00	5.976737537559619895e+00	1.932462866861999418e+00	5.767599144087919072e+00	5.609854536919387513e+00	1.169772842355051523e+00	2.444166971840964919e+01
1.140201005025125447e+00	1.994794438272987191e+00	1.988391861824796436e+00	5.972032777571829598e+00	1.915267894407792548e+00	5.709241244420494965e+00	5.515025719642480340e+00	1.016703002473500428e+00	2.411145693861388395e+01
1.265778894472361582e+00	1.994676796340239200e+00	1.986215709948959462e+00	5.966785027360805849e+00	1.896245264068665115e+00	5.644820020089275303e+00	5.412031566497344848e+00	8.687474801351160458e-01	2.376952186444040649e+01
1.391356783919597717e+00	1.994546886796060736e+00	1.983815308625704210e+00	5.960996053558242025e+00	1.875451001425743724e+00	5.574566840071200957e+00	5.301675400577310349e+00	7.290934517379882296e-01	2.342014494279224834e+01
1.516934673366834074e+00	1.994404713452568867e+00	1.981191520329817379e+00	5.954667802602111593e+00	1.852945822227118677e+00	5.498730914894331079e+00	5.184777905082107452e+00	6.000354544865335038e-01	2.306675413307458911e+01
1.642512562814070209e+00	1.994250280480998727e+00	1.978345286650687651e+00	5.947802399379234828e+00	1.828794813650879592e+00	5.417577617667932444e+00	5.062164376493317519e+00	4.830328640607819413e-01	2.271196763838383603e+01
1.768090452261306345e+00	1.994083592411468375e+00	1.975277627648021506e+00	5.940402145746218388e+00	1.803067097028876242e+00	5.331386732652270588e+00	4.934653124027674309e+00	3.788164616178233413e-01	2.235768678113235097e+01
1.893668341708542480e+00	1.993904654132696574e+00	1.971989641155163175e+00	5.932469518930548524e+00	1.775835474752736731e+00	5.240450650101836416e+00	4.803045207664494498e+00	2.875220226622168807e-01	2.200521716939969252e+01
2.019246231155778393e+00	1.993713470891690598e+00	1.968482502030814318e+00	5.924007169813769735e+00	1.747176064155788522e+00	5.145072526024101478e+00	4.668115629131287747e+00	2.088316380326669941e-01	2.165539900008011998e+01
2.144824120603014528e+00	1.993510048293400949e+00	1.964757461359994295e+00	5.915017921098785436e+00	1.717167921205183356e+00	5.045564425124131169e+00	4.530606020539171830e+00	1.421076419180448414e-01	2.130873143953871107e+01
2.270402010050250663e+00	1.993294392300350326e+00	1.960815845605154983e+00	5.905504765363492226e+00	1.685892656848155813e+00	4.942245464575997893e+00	4.391218816565505279e+00	8.650872433089618063e-02	2.096548066558955270e+01
2.395979899497486798e+00	1.993066509232235717e+00	1.956659055708388051e+00	5.895470863003041018e+00	1.653434048836026182e+00	4.835439975401926382e+00	4.250612849353236022e+00	4.108243418050869233e-02	2.062576573571536187e+01
2.521557788944722933e+00	1.992826405765504960e+00	1.952288566145751414e+00	5.884919540063171084e+00	1.619877651800624152e+00	4.725475697180194778e+00	4.109400270533907218e+00	4.832424810193505262e-03	2.028962055629934724e+01
2.647135678391959068e+00	1.992574088932907994e+00	1.947705923934752503e+00	5.873854285967170519e+00	1.585310408282058825e+00	4.612682020576063024e+00	3.968144680949570180e+00	-2.323780413114533497e-02	1.995703360451137698e+01
2.772713567839195203e+00	1.992309566123023012e+00	1.942912747596108325e+00	5.862278751139133881e+00	1.549820263306259216e+00	4.497388290830993007e+00	3.827360334144797260e+00	-4.410042611082572866e-02	1.962796952702948516e+01
2.898291457286431339e+00	1.992032845079761749e+00	1.937910726070922074e+00	5.850196744526291681e+00	1.513495784987815895e+00	4.379922183889132903e+00	3.687512272693043158e+00	-5.869236845628490046e-02	1.930237818879068357e+01
3.023869346733667918e+00	1.991743933901845676e+00	1.932701617594482890e+00	5.837612231023298293e+00	1.476425793490929950e+00	4.260608165320495466e+00	3.549017255130462623e+00	-6.791188796746282230e-02	1.898019710849405328e+01
3.149447236180904053e+00	1.991442841042260659e+00	1.927287248527915553e+00	5.824529328801467010e+00	1.438699000521418192e+00	4.139766040650482815e+00	3.412245334152677945e+00	-7.261725510411462525e-02	1.866135253859210863e+01
3.275025125628140188e+00	1.991129575307689414e+00	1.921669512148967307e+00	5.810952306546015578e+00	1.400403661348531559e+00	4.017709604155562886e+00	3.277521952577729270e+00	-7.362368678392831878e-02	1.834576292530056918e+01
3.400603015075376323e+00	1.990804145857916652e+00	1.915850367403244547e+00	5.796885580604499211e+00	1.361627241169693248e+00	3.894745391662790102e+00	3.145130431528003978e+00	-7.169668110732697885e-02	1.803334647711881900e+01
3.526180904522612458e+00	1.990466562205214673e+00	1.909831837617253614e+00	5.782333712049684493e+00	1.322456097436928824e+00	3.771171541420504258e+00	3.015314734762343907e+00	-6.754195674389674997e-02	1.772403252874803314e+01
3.651758793969848593e+00	1.990116834213699892e+00	1.903616009174633694e+00	5.767301403660169079e+00	1.282975179563562218e+00	3.647276765709522639e+00	2.888282403723859026e+00	-6.179385065437321273e-02	1.741777474539107473e+01
3.777336683417084728e+00	1.989754972098673802e+00	1.897205030156996486e+00	5.751793496822177332e+00	1.243267747226327158e+00	3.523339434555196270e+00	2.764207569388446917e+00	-5.500495751703786407e-02	1.711456329273077870e+01
3.902914572864320863e+00	1.989380986425932196e+00	1.890601108950829223e+00	5.735814968355967380e+00	1.203415108273921730e+00	3.399626771693543326e+00	2.643233959154207557e+00	-4.763984453588758494e-02	1.681443305831851376e+01
4.028492462311556999e+00	1.988994888111057069e+00	1.883806512821925905e+00	5.719370927270398752e+00	1.163496377050587949e+00	3.276394161848418474e+00	2.525477829527825513e+00	-4.007486979249366699e-02	1.651746582683772147e+01
4.154070351758793578e+00	1.988596688418683867e+00	1.876823566458855286e+00	5.702466611449223066e+00	1.123588253744654208e+00	3.153884567396791017e+00	2.411030767931344077e+00	-3.260467677806596493e-02	1.622378577862148319e+01
4.279648241206029269e+00	1.988186398961742540e+00	1.869654650486987979e+00	5.685107384272729547e+00	1.083764825179110769e+00	3.032328051637880773e+00	2.299962319252844445e+00	-2.545420262303920572e-02	1.593354942716825740e+01
4.405226130653265848e+00	1.987764031700681500e+00	1.862302199954618764e+00	5.667298731178431304e+00	1.044097387275891853e+00	2.911941405138505967e+00	2.192322404512097922e+00	-1.879349955210033243e-02	1.564693266020812779e+01
4.530804020100501539e+00	1.987329598942663811e+00	1.854768702792755963e+00	5.649046256164474755e+00	1.004654289249102161e+00	2.792927870998323847e+00	2.088143509998754421e+00	-1.275180011257213801e-02	1.536411842803350325e+01
4.656381909547738118e+00	1.986883113340742302e+00	1.847056698250142404e+00	5.630355678239529205e+00	9.655007994161778351e-01	2.675476964359512433e+00	1.987442635359087051e+00	-7.427383148107388408e-03	1.508528850581708625e+01
4.781959798994973809e+00	1.986424587893013127e+00	1.839168775305108472e+00	5.611232827822905556e+00	9.266989923609553204e-01	2.559764381069087325e+00	1.890222998348381811e+00	-2.890981333814857199e-03	1.481062158146563590e+01
4.907537688442210388e+00	1.985954035941744023e+00	1.831107571055849315e+00	5.591683643098701140e+00	8.883076570395683769e-01	2.445951990080493132e+00	1.796475502381221556e+00	8.175393190194065341e-04	1.454029793891659850e+01
5.033115577889446079e+00	1.985471471172483238e+00	1.822875769090738673e+00	5.571714166327745410e+00	8.503822252896275913e-01	2.334187903945792897e+00	1.706179980655226469e+00	3.697227263827049162e-03	1.427450874374544298e+01
5.158693467336682659e+00	1.984976907613143826e+00	1.814476097840292290e+00	5.551330540121160340e+00	8.129747200855752531e-01	2.224606621591612043e+00	1.619306237487348143e+00	5.794945332111739282e-03	1.401346607007124412e+01
5.284271356783918350e+00	1.984470359633067282e+00	1.805911328912400915e+00	5.530539003679337817e+00	7.761337227786738735e-01	2.117329237482127979e+00	1.535814913468291909e+00	7.210417130554758192e-03	1.375740898308445459e+01
5.409849246231154929e+00	1.983951841942063199e+00	1.797184275412449406e+00	5.509345889000115903e+00	7.399043584687530206e-01	2.012463711242020725e+00	1.455658205870543620e+00	8.093342156824301706e-03	1.350660162409277021e+01
5.535427135678390620e+00	1.983421369589429162e+00	1.788297790249941288e+00	5.487757617059963344e+00	7.043282985765175752e-01	1.910105191833333604e+00	1.378780479108629775e+00	8.630586208874866175e-03	1.326132133262668766e+01
5.661005025125627199e+00	1.982878957962946220e+00	1.779254764433249703e+00	5.465780693971930226e+00	6.694437796195815693e-01	1.810336390445031363e+00	1.305118801597886069e+00	9.024487768638757984e-03	1.302183787579926033e+01
5.786582914572862890e+00	1.982324622787855706e+00	1.770058125354093015e+00	5.443421707124111997e+00	6.352856371421388149e-01	1.713227996356126548e+00	1.234603444818019424e+00	9.466370330289278559e-03	1.278838790391263380e+01
5.912160804020099469e+00	1.981758380125811403e+00	1.760710835063350688e+00	5.420687321302367856e+00	6.018853537067485604e-01	1.618839130166468188e+00	1.167158377656976498e+00	1.011132549539463937e-02	1.256115072351711781e+01
6.037738693467336049e+00	1.981180246373810849e+00	1.751215888539802368e+00	5.397584274800968807e+00	5.692711198266477979e-01	1.527217828948886247e+00	1.102701784317013711e+00	1.106039711634473205e-02	1.234023153992347410e+01
6.163316582914571740e+00	1.980590238263108871e+00	1.741576311953377587e+00	5.374119375524849751e+00	5.374679066976030262e-01	1.438401558057862850e+00	1.041146627578199979e+00	1.235426260805494968e-02	1.212565628068305834e+01
6.288894472361808319e+00	1.979988372858102252e+00	1.731795160924477717e+00	5.350299497087055656e+00	5.064975495790104976e-01	1.352417744529970101e+00	9.824012716015569913e-01	1.397900061824437073e-02	1.191737859719841630e+01
6.414472361809044010e+00	1.979374667555200862e+00	1.721875518780927594e+00	5.326131574904988675e+00	4.763788406739964398e-01	1.269284327226984477e+00	9.263701703862832204e-01	1.588082021687225662e-02	1.171529591974525175e+01
6.540050251256280589e+00	1.978749140081675906e+00	1.711820494814086713e+00	5.301622602298933451e+00	4.471276303669735608e-01	1.189010319101488911e+00	8.729546201378358683e-01	1.798411216200341764e-02	1.151926891896299843e+01
6.665628140703516280e+00	1.978111808494481316e+00	1.701633222535632761e+00	5.276779626596368900e+00	4.187569356937827503e-01	1.111596377205098518e+00	8.220535667120830725e-01	2.020680949279178226e-02	1.132913834673023779e+01
6.791206030150752859e+00	1.977462691179064036e+00	1.691316857936518314e+00	5.251609745245422900e+00	3.912770549434169132e-01	1.037035376309279222e+00	7.735644533579616455e-01	2.246887336404917307e-02	1.114473505233571160e+01
6.916783919597988550e+00	1.976801806848146326e+00	1.680874577749559728e+00	5.226120101940871621e+00	3.646956873207325422e-01	9.653129822667896320e-01	7.273840893844111255e-01	2.469291783076839678e-02	1.096588216334128063e+01
7.042361809045225129e+00	1.976129174540490530e+00	1.670309577717111083e+00	5.200317882765896016e+00	3.390180566357610115e-01	8.964082215064349546e-01	6.834095171746504827e-01	2.679922410569491459e-02	1.079239165444603898e+01
7.167939698492460820e+00	1.975444813619643636e+00	1.659625070865240692e+00	5.174210312352856889e+00	3.142470380265725005e-01	8.302940433237375739e-01	6.415388531277259609e-01	2.869943811147178392e-02	1.062405956942724750e+01
7.293517587939697400e+00	1.974748743772660742e+00	1.648824285785797095e+00	5.147804650066180265e+00	2.903832867684578156e-01	7.669378719037537318e-01	6.016720775765230789e-01	3.029345564912573965e-02	1.046066437152249939e+01
7.419095477386933091e+00	1.974040985008810090e+00	1.637910464927732734e+00	5.121108186210430624e+00	2.674253682718290004e-01	7.063021452880239304e-01	5.637117495006965795e-01	3.147251136532951132e-02	1.030197141057285037e+01
7.544673366834169670e+00	1.973321557658255232e+00	1.626886862899007857e+00	5.094128238266540265e+00	2.453698884240931577e-01	6.483448387738479646e-01	5.275636239530911986e-01	3.212904081748089308e-02	1.014774405079231734e+01
7.670251256281405361e+00	1.972590482370719878e+00	1.615756744780383558e+00	5.066872147159074302e+00	2.242116234862482627e-01	5.930199705090547502e-01	4.931371535925040961e-01	3.217144526518544295e-02	9.997759567163170047e+00
7.795829145728641940e+00	1.971847780114133641e+00	1.604523384452358314e+00	5.039347273557364559e+00	2.039436488125047076e-01	5.402780873173385068e-01	4.603458605619071831e-01	3.154025893271979186e-02	9.851826293748326080e+00
7.921407035175877631e+00	1.971093472173257810e+00	1.593190062936491236e+00	5.011560994213200004e+00	1.845574657203591373e-01	4.900667290564400536e-01	4.291075710591814585e-01	3.022179518571154258e-02	9.709798090344644805e+00
8.046984924623114210e+00	1.970327580148288904e+00	1.581760066752296634e+00	4.983520698337721377e+00	1.660431258987004333e-01	4.423308700722112796e-01	3.993445120528168468e-01	2.825607980238693112e-02	9.571582933064423315e+00
8.172562814070349901e+00	1.969550125953448028e+00	1.570236686290878314e+00	4.955233784020045107e+00	1.483893528022834640e-01	3.970133365645345247e-01	3.709832772687703950e-01	2.573738176966896066e-02	9.437143944669628581e+00
8.298140703517587369e+00	1.968761131815548904e+00	1.558623214206418250e+00	4.926707654690066995e+00	1.315836595417785304e-01	3.540551989247717746e-01	3.439546772504451511e-01	2.280739441649888913e-02	9.306492930845529088e+00
8.423718592964823060e+00	1.967960620272546146e+00	1.546922943826611663e+00	4.897949715627777145e+00	1.156124628392219134e-01	3.133961383379603727e-01	3.181934953303386937e-01	1.964260575620940460e-02	9.179677981990666424e+00
8.549296482412058751e+00	1.967148614172066878e+00	1.535139167583083886e+00	4.868967370521354532e+00	1.004611926786264653e-01	2.749747871655107145e-01	2.936381771137152596e-01	1.643829025403040212e-02	9.056767599488386722e+00
8.674874371859294442e+00	1.966325136669922369e+00	1.523275175462802444e+00	4.839768018076168410e+00	8.611439734043593863e-02	2.387290428353347205e-01	2.702304850134923386e-01	1.339173603822985809e-02	8.937833991436386682e+00
8.800452261306531909e+00	1.965490211228603679e+00	1.511334253481445566e+00	4.810359048676749794e+00	7.255584356604727336e-02	2.045963551658787627e-01	2.479151510956557614e-01	1.068688258985277424e-02	8.822937745804233955e+00
8.926030150753767600e+00	1.964643861615755993e+00	1.499319682179651947e+00	4.780747841103694107e+00	5.976861165449313951e-02	1.725139872386540485e-01	2.266395607915829835e-01	8.481723711483122458e-03	8.712115268295313797e+00
9.051608040201003291e+00	1.963786111902638520e+00	1.487234735143033726e+00	4.750941759307311330e+00	4.773518534726276658e-02	1.424192501107924835e-01	2.063534969034759581e-01	6.898925601761755205e-03	8.605369464316277472e+00
9.177185929648238982e+00	1.962916986462563518e+00	1.475082677546799559e+00	4.720948149239813318e+00	3.643753640888125478e-02	1.142497118254518912e-01	1.870089679521930448e-01	6.019381131706487593e-03	8.502663410567407709e+00
9.302763819095476450e+00	1.962036509969319331e+00	1.462866764725780033e+00	4.690774335747653900e+00	2.585720385999665943e-02	8.794338133402269941e-02	1.685601376268845986e-01	5.878030665003186432e-03	8.403916363928660260e+00
9.428341708542712141e+00	1.961144707395577669e+00	1.450590240770617934e+00	4.660427619525580489e+00	1.597536786613644802e-02	6.343886809069225474e-02	1.509633633443716594e-01	6.461268936738900036e-03	8.309001435929717516e+00
9.553919597989947832e+00	1.960241604011280003e+00	1.438256337150840558e+00	4.629915274133840519e+00	6.772918328747734064e-03	4.067551821736019313e-02	1.341773422499198676e-01	7.705564399897351160e-03	8.217744558491887119e+00
9.679497487437183523e+00	1.959327225382009319e+00	1.425868271365480000e+00	4.599244543079881176e+00	-1.769481734529858860e-03	1.959352826555405686e-02	1.181633529889188627e-01	9.497408434170469260e-03	8.129924847781483166e+00
9.805075376884420990e+00	1.958401597367346536e+00	1.413429245621883323e+00	4.568422636965784989e+00	-9.671337896389164621e-03	1.340377218475708029e-04	1.028855718958500698e-01	1.167521726181540431e-02	8.045276968938139817e+00
9.930653266331656681e+00	1.957464746119205401e+00	1.400942445543290837e+00	4.537456730702599472e+00	-1.695227095563141620e-02	-1.776079848583139373e-02	8.831143356065972172e-02	1.403415960023636500e-02	7.963496446084529445e+00
1.005623115577889237e+01	1.956516698080156713e+00	1.388411038905737360e+00	4.506353960792567115e+00	-2.363196831464444911e-02	-3.414775612225352114e-02	7.441199873563121570e-02	1.633494614550910079e-02	7.884248918222703573e+00
1.018180904522612984e+01	1.955557479981732349e+00	1.375838174404775627e+00	4.475121422680238048e+00	-2.973013988470451716e-02	-4.908250496951714614e-02	6.116228791445119800e-02	1.831733256234017310e-02	7.807184052689315479e+00
1.030738693467336553e+01	1.954587118842714188e+00	1.363226980452491244e+00	4.443766168173293174e+00	-3.526647828264149048e-02	-6.261958781287900455e-02	4.854153726178555422e-02	1.971848189084502226e-02	7.731954220525608434e+00
1.043296482412060122e+01	1.953605641967408157e+00	1.350580564005224860e+00	4.412295202933823823e+00	-4.026062306362186705e-02	-7.481241349157560783e-02	3.653333537922658775e-02	2.029550535347341214e-02	7.658237213083959993e+00
1.055854271356783691e+01	1.952613076943901627e+00	1.337902009422389238e+00	4.380715484040742957e+00	-4.473212871982416156e-02	-8.571326236577819779e-02	2.512560493753208252e-02	1.985059397830451697e-02	7.585761378237268815e+00
1.068412060301507438e+01	1.951609451642305260e+00	1.325194377356716524e+00	4.349033917623864376e+00	-4.870043616360995170e-02	-9.537330251390767344e-02	1.431040247447935669e-02	1.825631586327643857e-02	7.514330726283123596e+00
1.080969849246231007e+01	1.950594794212980654e+00	1.312460703676241236e+00	4.317257356570150861e+00	-5.218484740637098496e-02	-1.038426149547411609e-01	4.083522287979742503e-03	1.547802039639179818e-02	7.443846934782631486e+00
1.093527638190954576e+01	1.949569133084751327e+00	1.299703998418277884e+00	4.285392598302479428e+00	-5.520450314049640123e-02	-1.111702261873617203e-01	-5.556094410050772120e-03	1.158997732851741597e-02	7.374324883396117691e+00
1.106085427135678145e+01	1.948532496963099714e+00	1.286927244775614820e+00	4.253446382631244305e+00	-5.777836293173095605e-02	-1.174041463599601598e-01	-1.460712721241671196e-02	6.781982189735804960e-03	7.305898470055587346e+00
1.118643216080401892e+01	1.947484914828349734e+00	1.274133398115114391e+00	4.221425389678980622e+00	-5.992518773246099245e-02	-1.225914114164396856e-01	-2.306678653996275391e-02	1.353753704151337139e-03	7.238814070637732634e+00
1.131201005025125461e+01	1.946426415933834919e+00	1.261325385028859269e+00	4.189336237878148239e+00	-6.166352443297427183e-02	-1.267781276277418212e-01	-3.093181637186636496e-02	-4.304428926685623102e-03	7.173410141481574520e+00
1.143758793969849030e+01	1.945357029804050564e+00	1.248506102417961117e+00	4.157185482042106806e+00	-6.301169217730609451e-02	-1.300095169924707084e-01	-3.819952843634035616e-02	-9.744770545254089963e-03	7.110083106112747409e+00
1.156316582914572599e+01	1.944276786232793874e+00	1.235678416609102825e+00	4.124979611509233202e+00	-6.398777018265751348e-02	-1.323299620877573801e-01	-4.486879988553253706e-02	-1.450657537756926824e-02	7.049241706817613640e+00
1.168874371859296346e+01	1.943185715281290138e+00	1.222845162503853444e+00	4.092725048360075668e+00	-6.460958681629806744e-02	-1.337830490649164483e-01	-5.094096581727942247e-02	-1.816811192276747075e-02	6.991254212523958067e+00
1.181432160804019915e+01	1.942083847276302455e+00	1.210009142760764878e+00	4.060428145707346559e+00	-6.489470970104994907e-02	-1.344116076133209936e-01	-5.642054397417874123e-02	-2.039938178552709938e-02	6.936394892670337597e+00
1.193989949748743484e+01	1.940971212808232371e+00	1.197173127010214611e+00	4.028095186058477495e+00	-6.486043663959321914e-02	-1.342577468576664768e-01	-6.131574137446203082e-02	-2.100809115772456562e-02	6.884797509847478736e+00
1.206547738693467231e+01	1.939847842729202743e+00	1.184339851101939622e+00	3.995732379750406071e+00	-6.452378716859566432e-02	-1.333628863056579295e-01	-6.563871054602286870e-02	-1.997094930052895068e-02	6.836423740260743287e+00
1.219105527638190800e+01	1.938713768151132166e+00	1.171512016385167332e+00	3.963345863456187779e+00	-6.390149457572630309e-02	-1.317677811221910078e-01	-6.940554474262700113e-02	-1.744380487735085195e-02	6.791053022674592654e+00
1.231663316582914369e+01	1.937569020443791867e+00	1.158692289021215016e+00	3.930941698762953074e+00	-6.300999823560678170e-02	-1.295125411692405470e-01	-7.263602474611953463e-02	-1.374712991628437853e-02	6.748297314160708105e+00
1.244221105527637938e+01	1.936413631232853039e+00	1.145883299328414706e+00	3.898525870820674033e+00	-6.186543614433551858e-02	-1.266366434148660514e-01	-7.535315202378999044e-02	-9.327557074248897170e-03	6.707640012724701783e+00
1.256778894472361685e+01	1.935247632397921969e+00	1.133087641159169490e+00	3.866104287061157052e+00	-6.048363755604088676e-02	-1.231789374771015966e-01	-7.758252157197040311e-02	-4.700698532656481972e-03	6.668493765480479674e+00
1.269336683417085254e+01	1.934071056070559402e+00	1.120307871308944048e+00	3.833682775986586133e+00	-5.888011564862941777e-02	-1.191776442263348251e-01	-7.935160057570218861e-02	-3.842081641513437544e-04	6.630268134751271525e+00
1.281894472361808823e+01	1.932883934632293688e+00	1.107546508956942732e+00	3.801267086026916431e+00	-5.707006016916251617e-02	-1.146703475207491441e-01	-8.068898458401399520e-02	3.168014663111054161e-03	6.592436152005338279e+00
1.294452261306532392e+01	1.931686300712615489e+00	1.094806035138218947e+00	3.768862884465359109e+00	-5.506833003179480157e-02	-1.096939792915175432e-01	-8.162370068195924644e-02	5.619979023849249605e-03	6.554589189334770971e+00
1.307010050251256139e+01	1.930478187186966954e+00	1.082088892246930723e+00	3.736475756431132833e+00	-5.288944586263412406e-02	-1.042847983261133565e-01	-8.218461755985805028e-02	6.788212277336120280e-03	6.516472186393760246e+00
1.319567839195979708e+01	1.929259627174715552e+00	1.069397483570427188e+00	3.704111203958627030e+00	-5.054758250596087105e-02	-9.847836321815398031e-02	-8.240000677616665659e-02	6.652972687587600624e-03	6.477995334891074819e+00
1.332125628140703277e+01	1.928030654037118374e+00	1.056734172853839526e+00	3.671774645112070079e+00	-4.805656152470312581e-02	-9.230950005978146022e-02	-8.229727992773930301e-02	5.346624125831734263e-03	6.439222754616634958e+00
1.344683417085426846e+01	1.926791301375274879e+00	1.044101283894816268e+00	3.639471413174750314e+00	-4.542984374468538727e-02	-8.581226554721910205e-02	-8.190290532500324461e-02	3.123463865592769704e-03	6.400342447693526893e+00
1.357241206030150593e+01	1.925541603028068982e+00	1.031501100168038976e+00	3.607206755901807504e+00	-4.268052190673929380e-02	-7.901990625154597936e-02	-8.124248761649499606e-02	3.176497415314304780e-04	6.361624193064667310e+00
1.369798994974874162e+01	1.924281593070102714e+00	1.018935864479112885e+00	3.574985834835564980e+00	-3.982131350312258233e-02	-7.196481487483742667e-02	-8.034097683271834711e-02	-2.703366017193699171e-03	6.323372821156908685e+00
1.382356783919597731e+01	1.923011305809615434e+00	1.006407778647430584e+00	3.542813724682337462e+00	-3.686455388469746935e-02	-6.467848436664079548e-02	-7.922296119124276614e-02	-5.583119321072526307e-03	6.285883690375729138e+00
1.394914572864321300e+01	1.921730775786396839e+00	9.939190032175769796e-01	3.510695412749638145e+00	-3.382218973286767183e-02	-5.719146081733634396e-02	-7.791299167923146363e-02	-8.012926781550137184e-03	6.249405622742625788e+00
1.407472361809045047e+01	1.920440037769687525e+00	9.814716571988303384e-01	3.478635798442647253e+00	-3.070577299529873849e-02	-4.953329607331392187e-02	-7.643588610114419868e-02	-9.757983388262910993e-03	6.214114554853145123e+00
1.420030150753768616e+01	1.919139126756073122e+00	9.690678178323028913e-01	3.446639692818806555e+00	-2.752645538692043148e-02	-4.173250103402956906e-02	-7.481696544169740004e-02	-1.067156136073986114e-02	6.180099154183794852e+00
1.432587939698492185e+01	1.917828077967363321e+00	9.567095203852429286e-01	3.414711818199354543e+00	-2.429498355762703399e-02	-3.381650059276436471e-02	-7.308218498410516684e-02	-1.069781386355952990e-02	6.147357933553905696e+00
1.445145728643215932e+01	1.916506926848469572e+00	9.443987579720185543e-01	3.382856807836622348e+00	-2.102169502550852234e-02	-2.581159117112944920e-02	-7.125813521800974937e-02	-9.864947049719829594e-03	6.115806124192742388e+00
1.457703517587939501e+01	1.915175709065265464e+00	9.321374814012803878e-01	3.351079205635867364e+00	-1.771651496942478615e-02	-1.774290177176245792e-02	-6.937190160080013157e-02	-8.271289802928781867e-03	6.085289787957496976e+00
1.470261306532663070e+01	1.913834460502445989e+00	9.199275990487950638e-01	3.319383465930412225e+00	-1.438895396739619040e-02	-9.634359434021105839e-03	-6.745078618267226489e-02	-6.067089575701969072e-03	6.055604336321861680e+00
1.482819095477386639e+01	1.912483217261372381e+00	9.077709767554326126e-01	3.287773953308846586e+00	-1.104810675777520221e-02	-1.508659923603964011e-03	-6.552190666396368046e-02	-3.434765036111355006e-03	6.026514708944197274e+00
1.495376884422110386e+01	1.911122015657911843e+00	8.956694377497789183e-01	3.256254942493034488e+00	-7.702652088657844023e-03	6.612755581156178411e-03	-6.361169863580294626e-02	-5.699437691194244541e-04	5.997774856988301373e+00
1.507934673366833955e+01	1.909750892220268392e+00	8.836247625948372431e-01	3.224830618265651871e+00	-4.360853707714033682e-03	1.470971712592404612e-02	-6.174535394386578002e-02	2.334993049495314582e-03	5.969144775604596553e+00
1.520492462311557524e+01	1.908369883686805490e+00	8.716386891582770247e-01	3.193505075445979280e+00	-1.030562529787113542e-03	2.276333535563974941e-02	-5.994623205969588919e-02	5.103842435691061281e-03	5.940404031492909631e+00
1.533050251256281094e+01	1.906979027003861571e+00	8.597129126056809456e-01	3.162282318912662316e+00	2.280779996477966254e-03	3.075600315330914020e-02	-5.823528211954339534e-02	7.585668666661818035e-03	5.911361428219110259e+00
1.545608040201004840e+01	1.905578359323557791e+00	8.478490854162364920e-01	3.131166263672156003e+00	5.566137318800771887e-03	3.867138918827776883e-02	-5.663051122771745743e-02	9.660316831726365253e-03	5.881861040523038042e+00
1.558165829145728409e+01	1.904167918001599125e+00	8.360488174203154488e-01	3.100160734971561638e+00	8.818872021793362423e-03	4.649442315149938942e-02	-5.514653022530028453e-02	1.124100925611055263e-02	5.851785244597579094e+00
1.570723618090451978e+01	1.902747740595066350e+00	8.243136758583747836e-01	3.069269468454550509e+00	1.203273890951707219e-02	5.421127259544601673e-02	-5.379420199543393649e-02	1.227483451374842237e-02	5.821055528931269762e+00
1.583281407035175548e+01	1.901317864860205376e+00	8.126451854606216996e-01	3.038496110359102609e+00	1.520187697982851478e-02	6.180931144271119976e-02	-5.258041013910948885e-02	1.274185943920754828e-02	5.789631798402568030e+00
1.595839195979899294e+01	1.899878328750206347e+00	8.010448285468710905e-01	3.007844217755762717e+00	1.832080035804830448e-02	6.927708037752598746e-02	-5.150795811077552716e-02	1.265334636918092996e-02	5.757510644046819337e+00
1.608396984924623041e+01	1.898429170412977429e+00	7.895140451460306297e-01	2.977317258825127322e+00	2.138438827456646055e-02	7.660423948540021066e-02	-5.057560119307381863e-02	1.204923742550641393e-02	5.724722738376534004e+00
1.620954773869346610e+01	1.896970428188912372e+00	7.780542331346462781e-01	2.946918613173289181e+00	2.438787418706919730e-02	8.378151365492217395e-02	-4.977820648038231571e-02	1.099478148249841483e-02	5.691329237340956304e+00
1.633512562814070179e+01	1.895502140608654074e+00	7.666667483939402228e-01	2.916651572183972974e+00	2.732683416279341193e-02	9.080063139923402749e-02	-4.910702971454874305e-02	9.576020576680579349e-03	5.657416917610727403e+00
1.646070351758793748e+01	1.894024346390850155e+00	7.553529049847758081e-01	2.886519339406095064e+00	3.019717464927886702e-02	9.765425788968880305e-02	-4.855009267127305406e-02	7.893881548298878684e-03	5.623091812197714923e+00
1.658628140703517673e+01	1.892537084439903206e+00	7.441139753399844681e-01	2.856525030975500368e+00	3.299511977321203243e-02	1.043359231176749502e-01	-4.809264104339558421e-02	6.056847893980817077e-03	5.588471340496860229e+00
1.671185929648241242e+01	1.891040393843717471e+00	7.329511904734964389e-01	2.826671676069642203e+00	3.571719831586936400e-02	1.108399462096575361e-01	-4.771766052857315255e-02	4.172568998393384222e-03	5.553675313382203882e+00
1.683743718592964811e+01	1.889534313871438886e+00	7.218657402057097050e-01	2.796962217393970995e+00	3.836023052015517104e-02	1.171613570126107534e-01	-4.740642812744414597e-02	2.339194247133531690e-03	5.518816625123574404e+00
1.696301507537688380e+01	1.888018883971191775e+00	7.108587734045490603e-01	2.767399511698829695e+00	4.092131488809891415e-02	1.232958161399367314e-01	-4.713907641684465799e-02	6.375570950733188682e-04	5.483992780780834408e+00
1.708859296482411949e+01	1.886494143767808884e+00	6.999313982416619506e-01	2.737986330325656859e+00	4.339781512878385095e-02	1.292395347198916633e-01	-4.689515060229462740e-02	-8.745580424168292698e-04	5.449279513539091901e+00
1.721417085427135518e+01	1.884960133060560095e+00	6.890846824632017587e-01	2.708725359781321895e+00	4.578734741492945098e-02	1.349891951180945959e-01	-4.665414120546063081e-02	-2.165042064923395054e-03	5.414727534567723488e+00
1.733974874371859087e+01	1.883416891820873795e+00	6.783196536746629590e-01	2.679619202339420969e+00	4.808776810169619609e-02	1.405418739120062877e-01	-4.639597896812337752e-02	-3.226482419122782188e-03	5.380362928461413397e+00
1.746532663316582656e+01	1.881864460190056709e+00	6.676372996392300196e-01	2.650670376667409567e+00	5.029716205372510018e-02	1.458949683778899276e-01	-4.610148258295838214e-02	-4.071823464861010385e-03	5.346190960880491616e+00
1.759090452261306581e+01	1.880302878477008166e+00	6.570385685891080296e-01	2.621881318478418432e+00	5.241383171603130470e-02	1.510461277098028021e-01	-4.575275382931773965e-02	-4.727682291883057199e-03	5.312202288849167786e+00
1.771648241206030150e+01	1.878732187155933486e+00	6.465243695493203546e-01	2.593254381206686165e+00	5.443628705124917144e-02	1.559931901260879494e-01	-4.533351828440573827e-02	-5.226907666796272098e-03	5.278379989138075601e+00
1.784206030150753719e+01	1.877152426864050483e+00	6.360955726734480731e-01	2.564791836705486716e+00	5.636323645004225058e-02	1.607341269325654742e-01	-4.482941276404926040e-02	-5.602132751711146573e-03	5.244705654109831805e+00
1.796763819095477288e+01	1.875563638399297073e+00	6.257530095908098167e-01	2.536495875966514824e+00	5.819357870347013212e-02	1.652669945044623334e-01	-4.422822288951627073e-02	-5.881719294309484432e-03	5.211163154980728685e+00
1.809321608040200857e+01	1.873965862718031783e+00	6.154974737645783067e-01	2.508368609859678244e+00	5.992639610600387218e-02	1.695898950226600310e-01	-4.352007564240641113e-02	-6.088677784199718855e-03	5.177739484044345808e+00
1.821879396984924426e+01	1.872359140932734478e+00	6.053297208603415358e-01	2.480412069892282023e+00	6.156094873603067813e-02	1.737009466560207049e-01	-4.269759250197561334e-02	-6.242109741783065553e-03	5.144423124833649830e+00
1.834437185929647995e+01	1.870743514309705091e+00	5.952504691246217616e-01	2.452628208986599834e+00	6.309666993743132113e-02	1.775982637224854666e-01	-4.175600884992532180e-02	-6.359813860252745525e-03	5.111201303370664917e+00
1.846994974874371920e+01	1.869119024266757689e+00	5.852603997728802465e-01	2.425018902274868715e+00	6.453316300155322038e-02	1.812799471897014181e-01	-4.069326488354584742e-02	-6.460284435909923774e-03	5.078057887186306019e+00
1.859552763819095489e+01	1.867485712370912987e+00	5.753601573865361196e-01	2.397585947910757742e+00	6.587019902406078542e-02	1.847440856936571341e-01	-3.951007239674226429e-02	-6.562609756102739077e-03	5.044973420233080041e+00
1.872110552763819058e+01	1.865843620336092856e+00	5.655503503185425052e-01	2.370331067896369603e+00	6.710771588617357730e-02	1.879887670638638875e-01	-3.820996054801287234e-02	-6.683683456323337782e-03	5.011927877496706429e+00
1.884668341708542627e+01	1.864192790020808177e+00	5.558315511070703874e-01	2.343255908923886910e+00	6.824581828516519677e-02	1.910121001488309656e-01	-3.679930219979438838e-02	-6.833336268252288188e-03	4.978905530017715186e+00
1.897226130653266196e+01	1.862533263425846908e+00	5.462042968968600087e-01	2.316362043230983048e+00	6.928477871517529918e-02	1.938122465388948668e-01	-3.528732065445366883e-02	-7.008997865849098466e-03	4.945900310287457025e+00
1.909783919597989765e+01	1.860865082691963712e+00	5.366690898678072585e-01	2.289650969469130271e+00	7.022503927685094793e-02	1.963874615878910823e-01	-3.368607472437196160e-02	-7.191890608130262555e-03	4.912919677561141896e+00
1.922341708542713334e+01	1.859188290097565366e+00	5.272263976703656096e-01	2.263124113583984354e+00	7.106721417356018367e-02	1.987361439438730115e-01	-3.201041819306842118e-02	-7.346372592538932302e-03	4.879985368683740887e+00
1.934899497487436903e+01	1.857502928056396829e+00	5.178766538673500452e-01	2.236782829707037124e+00	7.181209273335072141e-02	2.008568926152757006e-01	-3.027792802708406672e-02	-7.423045511656342806e-03	4.847130423440670022e+00
1.947457286432160828e+01	1.855809039115225767e+00	5.086202583817400757e-01	2.210628401057744608e+00	7.246064277989704150e-02	2.027485704259180954e-01	-2.850879438265829097e-02	-7.365028762537918251e-03	4.814393088615329219e+00
1.960015075376884397e+01	1.854106665951529953e+00	4.994575779500921575e-01	2.184662040855384735e+00	7.301401416276441514e-02	2.044103725533383820e-01	-2.672566470693348017e-02	-7.115840331918018256e-03	4.781809166434258351e+00
1.972572864321607966e+01	1.852395851371178681e+00	4.903889465811742121e-01	2.158884893239890079e+00	7.347354224777885578e-02	2.058418987035422754e-01	-2.495343420641129781e-02	-6.626944904898297850e-03	4.749404753032254511e+00
1.985130653266331535e+01	1.850676638306120836e+00	4.814146660194503768e-01	2.133298034200957982e+00	7.384075116240396142e-02	2.070432273546042035e-01	-2.321897571811388714e-02	-5.863305182239825740e-03	4.717191036143183247e+00
1.997688442211055104e+01	1.848949069812068968e+00	4.725350062130552753e-01	2.107902472514739944e+00	7.411735658902875168e-02	2.080149904049385934e-01	-2.155080355535652151e-02	-4.806031529705034715e-03	4.685162060448769594e+00
2.010246231155778673e+01	1.847213189066184258e+00	4.637502057858983173e-01	2.082699150687442380e+00	7.430526790112487734e-02	2.087584464925251460e-01	-1.997866810956665240e-02	-3.452152743837457773e-03	4.653295439079771612e+00
2.022804020100502242e+01	1.845469039364764363e+00	4.550604725135581341e-01	2.057688945905196576e+00	7.440658944341610459e-02	2.092755512117443206e-01	-1.853308070787111628e-02	-1.812307029931810049e-03	4.621555210700877048e+00
2.035361809045226167e+01	1.843716664120929938e+00	4.464659838026278638e-01	2.032872670989567698e+00	7.442362076753646083e-02	2.095690224472903929e-01	-1.724477125681198389e-02	9.243724318129132992e-05	4.589895628114321724e+00
2.047919597989949736e+01	1.841956106862313813e+00	4.379668871731916546e-01	2.008251075358117976e+00	7.435885564905168887e-02	2.096423990719485375e-01	-1.614408435048347162e-02	2.233437913302574202e-03	4.558264677677441590e+00
2.060477386934673305e+01	1.840187411228749514e+00	4.295633007441083118e-01	1.983824845989417218e+00	7.421497973001513204e-02	2.095000913183832636e-01	-1.526032261938452435e-02	4.576184217878974045e-03	4.526606490609168532e+00
2.073035175879396874e+01	1.838410620969963327e+00	4.212553137208023823e-01	1.959594608391968196e+00	7.399486665319246481e-02	2.091474212354564044e-01	-1.462104901898642756e-02	7.080570090864587995e-03	4.494862352043260678e+00
2.085592964824120443e+01	1.836625779943267034e+00	4.130429868852610875e-01	1.935560927576492229e+00	7.370157257936355011e-02	2.085906517771000945e-01	-1.425136242125865475e-02	9.699997203067764126e-03	4.462970553543292418e+00
2.098150753768844012e+01	1.834832932111253312e+00	4.049263530879479989e-01	1.911724309031056723e+00	7.333832900730150040e-02	2.078370032458263239e-01	-1.417316322615638606e-02	1.237995184574224722e-02	4.430865715102971336e+00
2.110708542713567581e+01	1.833032121539490467e+00	3.969054177413565143e-01	1.888085199698555927e+00	7.290853384663618930e-02	2.068946560219969422e-01	-1.440442771610493493e-02	1.505683717542615450e-02	4.398478338307357127e+00
2.123266331658291151e+01	1.831223392394224714e+00	3.889801593149277426e-01	1.864643988956047993e+00	7.241574072627686431e-02	2.057727387515125572e-01	-1.495851149637128161e-02	1.765773137028969417e-02	4.365735240016908492e+00
2.135824120603015075e+01	1.829406788940078021e+00	3.811505298310738921e-01	1.841401009595498683e+00	7.186364655478601204e-02	2.044813014351415659e-01	-1.584350354806172978e-02	2.010144992813448286e-02	4.332561222736650564e+00
2.148381909547738644e+01	1.827582355537755276e+00	3.734164553620511473e-01	1.818356538805484979e+00	7.125607738338905761e-02	2.030312731578006458e-01	-1.706165310503611823e-02	2.230092439688673156e-02	4.298881971538332181e+00
2.160939698492462213e+01	1.825750136641750121e+00	3.657778365274351184e-01	1.795510799153422710e+00	7.059697265648565145e-02	2.014344045103057812e-01	-1.860889168007904063e-02	2.416658181291098800e-02	4.264627839622231242e+00
2.173497487437185782e+01	1.823910176798054117e+00	3.582345489919626647e-01	1.772863959567918313e+00	6.989036796787401196e-02	1.997031950830986391e-01	-2.047447204039890001e-02	2.561020344469672541e-02	4.229737979813205762e+00
2.186055276381909351e+01	1.822062520641871464e+00	3.507864439635095533e-01	1.750416136320845695e+00	6.914037647268848896e-02	1.978508067440970797e-01	-2.264074471251113774e-02	2.654869913458119887e-02	4.194164238565082137e+00
2.198613065326632920e+01	1.820207212895334159e+00	3.434333486909799116e-01	1.728167394008767399e+00	6.835116913457973953e-02	1.958909637433688677e-01	-2.508309064734236607e-02	2.690735087296267439e-02	4.157874348698650024e+00
2.211170854271356490e+01	1.818344298365223155e+00	3.361750669618947529e-01	1.706117746533338142e+00	6.752695401425048982e-02	1.938378410075405345e-01	-2.777002598655408869e-02	2.662231532584892479e-02	4.120854196221542587e+00
2.223728643216080414e+01	1.816473821940691291e+00	3.290113795994702439e-01	1.684267158080338334e+00	6.667195482847387833e-02	1.917059422882471664e-01	-3.066349144799700166e-02	2.564246305575280938e-02	4.083109228344977026e+00
2.236286432160803983e+01	1.814595828590991777e+00	3.219420449589859290e-01	1.662615544097010956e+00	6.579038902759330731e-02	1.895099701029888395e-01	-3.371933470992531656e-02	2.393089349120018292e-02	4.044665335558845776e+00
2.248844221105527552e+01	1.812710363363210009e+00	3.149667994232475121e-01	1.641162772267358516e+00	6.488644565374741824e-02	1.872646896452290766e-01	-3.688798934010797254e-02	2.146662649577712675e-02	4.005569707508461086e+00
2.261402010050251121e+01	1.810817471379998489e+00	3.080853578969602324e-01	1.619908663485115863e+00	6.396426325128913570e-02	1.849847890357045332e-01	-4.011534830459943107e-02	1.824698497142610010e-02	3.965892181715894527e+00
2.273959798994974690e+01	1.808917197837319302e+00	3.012974142998290916e-01	1.598852992824077557e+00	6.302790810478113570e-02	1.826847384317519252e-01	-4.334382391963548242e-02	1.429103566076786631e-02	3.925727463238891435e+00
2.286517587939698259e+01	1.807009588002187916e+00	2.946026420582128491e-01	1.577995490505509135e+00	6.208135307838952288e-02	1.803786506001397727e-01	-4.651357931106497173e-02	9.644170604125902602e-03	3.885198315537500058e+00
2.299075376884421829e+01	1.805094687210423432e+00	2.880006945951647523e-01	1.557335842862356712e+00	6.112845732340752014e-02	1.780801455868413208e-01	-4.956390908893203162e-02	4.383538526909786827e-03	3.844459457016171644e+00
2.311633165829145398e+01	1.803172540864403706e+00	2.814912058186945787e-01	1.536873693299994015e+00	6.017294710811263436e-02	1.758022220814076109e-01	-5.243473916874610147e-02	-1.376365236172752199e-03	3.803701504767693642e+00
2.324190954773869322e+01	1.801243194430826033e+00	2.750737906080981676e-01	1.516608643253248623e+00	5.921839800639945584e-02	1.735571379728138575e-01	-5.506820771433253853e-02	-7.479006202425137265e-03	3.763153950354627852e+00
2.336748743718592891e+01	1.799306693438471383e+00	2.687480452982022872e-01	1.496540253139463372e+00	5.826821865897794522e-02	1.713563024284501524e-01	-5.741028140444311145e-02	-1.372333707970928816e-02	3.723085894479412961e+00
2.349306532663316460e+01	1.797363083475975731e+00	2.625135481613780630e-01	1.476668043307354017e+00	5.732563629384663378e-02	1.692101816008502735e-01	-5.941235413764423684e-02	-1.986497000343711086e-02	3.683803168698323915e+00
2.361864321608040029e+01	1.795412410189606955e+00	2.563698598871820833e-01	1.456991494981431767e+00	5.639368416180812194e-02	1.671282197822675508e-01	-6.103276951411876899e-02	-2.562231058289963712e-02	3.645640588905278090e+00
2.374422110552763598e+01	1.793454719281046383e+00	2.503165240594917851e-01	1.437510051201773997e+00	5.547519100867284031e-02	1.651187774917116657e-01	-6.223820468303319087e-02	-3.068859670839880344e-02	3.608948461651265038e+00
2.386979899497487168e+01	1.791490056505177897e+00	2.443530676310005645e-01	1.418223117758926177e+00	5.457277266923840631e-02	1.631890876006388824e-01	-6.300485215530456096e-02	-3.475012831148395487e-02	3.574073121698193578e+00
2.399537688442210737e+01	1.789518467667881918e+00	2.384790013949477649e-01	1.399130064123726536e+00	5.368882582997678427e-02	1.613452301918616438e-01	-6.331933861951365150e-02	-3.751005234983162406e-02	3.541332198239048434e+00
2.412095477386934661e+01	1.787539998623835391e+00	2.326938204539610033e-01	1.380230224371855385e+00	5.282552396845641846e-02	1.595921264122980021e-01	-6.317932615351200265e-02	-3.871596097031836103e-02	3.510986406706575913e+00
2.424653266331658230e+01	1.785554695274320203e+00	2.269970046858931223e-01	1.361522898102913492e+00	5.198481543877757349e-02	1.579335511358521127e-01	-6.259375170406775157e-02	-3.818843159439856000e-02	3.483210781339290296e+00
2.437211055276381799e+01	1.783562603565035598e+00	2.213880192065391384e-01	1.343007351353842971e+00	5.116842363459071785e-02	1.563721638104345057e-01	-6.158267514859750574e-02	-3.584672840125931875e-02	3.458069158020586009e+00
2.449768844221105368e+01	1.781563769483919923e+00	2.158663148291235234e-01	1.324682817506502186e+00	5.037784912546476590e-02	1.549095564355081611e-01	-6.017672406903855353e-02	-3.172748415938268784e-02	3.435496099152097305e+00
2.462326633165828937e+01	1.779558239058976588e+00	2.104313285204522932e-01	1.306548498189222585e+00	4.961437362930139205e-02	1.535463172159416967e-01	-5.841614354490330674e-02	-2.599254519254859397e-02	3.415290067876442848e+00
2.474884422110552507e+01	1.777546058356109349e+00	2.050824838536260963e-01	1.288603564172170257e+00	4.887906565390193886e-02	1.522821080759884094e-01	-5.634948043164077908e-02	-1.892340569806070724e-02	3.397120393982094200e+00
2.487442211055276076e+01	1.775527273476963375e+00	1.998191914572164107e-01	1.270847156256347255e+00	4.817278761535535164e-02	1.511157539044601372e-01	-5.403195210826493983e-02	-1.090166266862113709e-02	3.380548547933456938e+00
2.500000000000000000e+01	1.773501930556774520e+00	1.946408494608079243e-01	1.253278386156059687e+00	4.749620422018394766e-02	1.500453411476564414e-01	-5.152356785728097466e-02	-2.377313138336782389e-03	3.365061830545864829e+00
