# q (inverse Anstrom)	f(q): 1s	f(q): 2s	f(q): 2p	f(q): 3s	f(q): 3p	f(q): 3d	f(q): 4s	f(q): total
1.000000000000000021e-02	1.993748692469387906e+00	1.997170197041149065e+00	5.993944207528271839e+00	1.998047991519410038e+00	5.994931940173482410e+00	9.991030987898797733e+00	1.997978147033584895e+00	1.998083792482196586e+00	0.000000000000000000e+00	0.000000000000000000e+00	0.000000000000000000e+00	0.000000000000000000e+00	3.196493595614628447e+01
1.355778894472361717e-01	1.993744064752168255e+00	1.997087063526204354e+00	5.993748777247560611e+00	1.997328395637472775e+00	5.992599657880934849e+00	9.985893190580844347e+00	1.989036868929064505e+00	1.982552080919599335e+00	0.000000000000000000e+00	0.000000000000000000e+00	0.000000000000000000e+00	0.000000000000000000e+00	3.193199009947385036e+01
2.611557788944723346e-01	1.993731421285587446e+00	1.996860516901166838e+00	5.993216203224658756e+00	1.995368598750544287e+00	5.986248446439882187e+00	9.971910431563422605e+00	1.964877863571594885e+00	1.940899415325788357e+00	0.000000000000000000e+00	0.000000000000000000e+00	0.000000000000000000e+00	0.000000000000000000e+00	3.184311289706264603e+01
3.867336683417085252e-01	1.993710773449065998e+00	1.996490610994315684e+00	5.992346602705706182e+00	1.992172131389684520e+00	5.975891647302457699e+00	9.949135187205099484e+00	1.926069866268235620e+00	1.874942256240751615e+00	0.000000000000000000e+00	0.000000000000000000e+00	0.000000000000000000e+00	0.000000000000000000e+00	3.170075907555531813e+01
5.123115577889446604e-01	1.993682121853734834e+00	1.995977429785907198e+00	5.991140155524067978e+00	1.987744744819013754e+00	5.961550983157725803e+00	9.917652618653718832e+00	1.873512575153096327e+00	1.787469336766040140e+00	0.000000000000000000e+00	0.000000000000000000e+00	0.000000000000000000e+00	0.000000000000000000e+00	3.150872996571330376e+01
6.378894472361807955e-01	1.993645467092123758e+00	1.995321089704558126e+00	5.989597110952080250e+00	1.982094393015879641e+00	5.943256472222864240e+00	9.877579818599965478e+00	1.808397000425011614e+00	1.682012157858655987e+00	0.000000000000000000e+00	0.000000000000000000e+00	0.000000000000000000e+00	0.000000000000000000e+00	3.127190350987113732e+01
7.634673366834170416e-01	1.993600809878935287e+00	1.994521739607827415e+00	5.987717787685538084e+00	1.975231206782871229e+00	5.921046307265432240e+00	9.829064780233871090e+00	1.732154634962812523e+00	1.562572529544403954e+00	0.000000000000000000e+00	0.000000000000000000e+00	0.000000000000000000e+00	0.000000000000000000e+00	3.099590979596169404e+01
8.890452261306531767e-01	1.993548151072488173e+00	1.993579560723012678e+00	5.985502573721737107e+00	1.967167460852421224e+00	5.894966702219632815e+00	9.772285108510482488e+00	1.646398973960045309e+00	1.433340404302492432e+00	0.000000000000000000e+00	0.000000000000000000e+00	0.000000000000000000e+00	0.000000000000000000e+00	3.068678893536230845e+01
1.014623115577889312e+00	1.993487491680205004e+00	1.992494766570633402e+00	5.982951926197793036e+00	1.957917534161864426e+00	5.865071707441539495e+00	9.707446494930472625e+00	1.552863213226594263e+00	1.298432135639951301e+00	0.000000000000000000e+00	0.000000000000000000e+00	0.000000000000000000e+00	0.000000000000000000e+00	3.035066526984905622e+01
1.140201005025125447e+00	1.993418832860443857e+00	1.991267602873324494e+00	5.980066371197279018e+00	1.947497863505109672e+00	5.831422994832342610e+00	9.634780980426532082e+00	1.453337896974282728e+00	1.161671984555380455e+00	0.000000000000000000e+00	0.000000000000000000e+00	0.000000000000000000e+00	0.000000000000000000e+00	2.999346452722469181e+01
1.265778894472361582e+00	1.993342175923204396e+00	1.989898347450760108e+00	5.976846503526966004e+00	1.935926890799423594e+00	5.794089614246400011e+00	9.554545033714592961e+00	1.349611907576649283e+00	1.026430373667112761e+00	0.000000000000000000e+00	0.000000000000000000e+00	0.000000000000000000e+00	0.000000000000000000e+00	2.962069084690510579e+01
1.391356783919597717e+00	1.993257522330418974e+00	1.988387310100826033e+00	5.973292986464278975e+00	1.923225004236922997e+00	5.753147722775886486e+00	9.467017474548510947e+00	1.243419567416977456e+00	8.955231580733071794e-01	0.000000000000000000e+00	0.000000000000000000e+00	0.000000000000000000e+00	0.000000000000000000e+00	2.923727074594712505e+01
1.516934673366834074e+00	1.993164873696062989e+00	1.986734832467185408e+00	5.969406551475813671e+00	1.909414473619560626e+00	5.708680288663463998e+00	9.372497272680060831e+00	1.136395851071750451e+00	7.711685594937488508e-01	0.000000000000000000e+00	0.000000000000000000e+00	0.000000000000000000e+00	0.000000000000000000e+00	2.884746270316764694e+01
1.642512562814070209e+00	1.993064231786177753e+00	1.984941287893345008e+00	5.965187997907178463e+00	1.894519380203388170e+00	5.660776771737016766e+00	9.271301253971044432e+00	1.030040882863682672e+00	6.549931368036689960e-01	0.000000000000000000e+00	0.000000000000000000e+00	0.000000000000000000e+00	0.000000000000000000e+00	2.845482494316550159e+01
1.768090452261306345e+00	1.992955598518847848e+00	1.983007081263341798e+00	5.960638192644410083e+00	1.878565541402488215e+00	5.609532782384910377e+00	9.163761745052966035e+00	9.256941085581874562e-01	5.480753037432589680e-01	0.000000000000000000e+00	0.000000000000000000e+00	0.000000000000000000e+00	0.000000000000000000e+00	2.806223035356840967e+01
1.893668341708542480e+00	1.992838975964149606e+00	1.980932648829150100e+00	5.955758069747231431e+00	1.861580430725047419e+00	5.555049721195609358e+00	9.050224187224966244e+00	8.245178496158424020e-01	4.510140834718479041e-01	0.000000000000000000e+00	0.000000000000000000e+00	0.000000000000000000e+00	0.000000000000000000e+00	2.767191596677384169e+01
2.019246231155778393e+00	1.992714366344077614e+00	1.978718458024958160e+00	5.950548630054414367e+00	1.843593093333457222e+00	5.497434401471259058e+00	8.931044748983209658e+00	7.274894186556470910e-01	3.640114658147997062e-01	0.000000000000000000e+00	0.000000000000000000e+00	0.000000000000000000e+00	0.000000000000000000e+00	2.728555458268182576e+01
2.144824120603014528e+00	1.992581772032464560e+00	1.976365007268418017e+00	5.945010940761551232e+00	1.824634057636955742e+00	5.436798656890527326e+00	8.806587964759826193e+00	6.354006155198226313e-01	2.869583697502099962e-01	0.000000000000000000e+00	0.000000000000000000e+00	0.000000000000000000e+00	0.000000000000000000e+00	2.690433738461977597e+01
2.270402010050250663e+00	1.992441195554880862e+00	1.973872825749028337e+00	5.939146134971533542e+00	1.804735243339132378e+00	5.373258936641561512e+00	8.677224425201750080e+00	5.488632324177740163e-01	2.195163662537668037e-01	0.000000000000000000e+00	0.000000000000000000e+00	0.000000000000000000e+00	0.000000000000000000e+00	2.652905836012942586e+01
2.395979899497486798e+00	1.992292639588531866e+00	1.971242473203791867e+00	5.932955411218071795e+00	1.783929866373513473e+00	5.306935890371574871e+00	8.543328541731005643e+00	4.683191547864888338e-01	1.611896492758552735e-01	0.000000000000000000e+00	0.000000000000000000e+00	0.000000000000000000e+00	0.000000000000000000e+00	2.616019362654883551e+01
2.521557788944722933e+00	1.992136106962144382e+00	1.968474539680301616e+00	5.926440032962598359e+00	1.762252341168432990e+00	5.237953945305521941e+00	8.405276405291694175e+00	3.940537211430108488e-01	1.113840161337499440e-01	0.000000000000000000e+00	0.000000000000000000e+00	0.000000000000000000e+00	0.000000000000000000e+00	2.579797110864745591e+01
2.647135678391959068e+00	1.991971600655843888e+00	1.965569645287427836e+00	5.919601328064917567e+00	1.739738180687470992e+00	5.166440877873315962e+00	8.263443756197707657e+00	3.262111641982782251e-01	6.945167260843204682e-02	0.000000000000000000e+00	0.000000000000000000e+00	0.000000000000000000e+00	0.000000000000000000e+00	2.544242822557339778e+01
2.772713567839195203e+00	1.991799123801024640e+00	1.962528439933771685e+00	5.912440688227987629e+00	1.716423894693949626e+00	5.092527382153808624e+00	8.118204078937104384e+00	2.648111603079082998e-01	3.472241165704768179e-02	0.000000000000000000e+00	0.000000000000000000e+00	0.000000000000000000e+00	0.000000000000000000e+00	2.509345717971260115e+01
2.898291457286431339e+00	1.991618679680215998e+00	1.959351603054073410e+00	5.904959568417237570e+00	1.692346886687326357e+00	5.016346637395246333e+00	7.969926832745386491e+00	2.097657320664161329e-01	6.523062591829144330e-03	0.000000000000000000e+00	0.000000000000000000e+00	0.000000000000000000e+00	0.000000000000000000e+00	2.475083900263772918e+01
3.023869346733667918e+00	1.991430271726937873e+00	1.956039843323760019e+00	5.897159486254815342e+00	1.667545349955972034e+00	4.938033876807320866e+00	7.818975825803027746e+00	1.608959531609705507e-01	-1.581198262372724220e-02	0.000000000000000000e+00	0.000000000000000000e+00	0.000000000000000000e+00	0.000000000000000000e+00	2.441426862440907541e+01
3.149447236180904053e+00	1.991233903525548854e+00	1.952593898361832725e+00	5.889042021389231607e+00	1.642058163184773711e+00	4.857725959740547772e+00	7.665707738104507563e+00	1.179480773633733021e-01	-3.293593426412151637e-02	0.000000000000000000e+00	0.000000000000000000e+00	0.000000000000000000e+00	0.000000000000000000e+00	2.408337382740569765e+01
3.275025125628140188e+00	1.991029578811090550e+00	1.949014534422295108e+00	5.880608814840822873e+00	1.615924786047456152e+00	4.775560949275772238e+00	7.510470795437882430e+00	8.060884536373007225e-02	-4.548731145986269209e-02	0.000000000000000000e+00	0.000000000000000000e+00	0.000000000000000000e+00	0.000000000000000000e+00	2.375773099273918731e+01
3.400603015075376323e+00	1.990817301469124834e+00	1.945302546074336059e+00	5.871861568323507363e+00	1.589185155202559319e+00	4.691677697141779291e+00	7.353603594545355726e+00	4.851981282586854960e-02	-5.408759526174395510e-02	0.000000000000000000e+00	0.000000000000000000e+00	0.000000000000000000e+00	0.000000000000000000e+00	2.343688008032078685e+01
3.526180904522612458e+00	1.990597075535561977e+00	1.941458755871486197e+00	5.862802043543312358e+00	1.561879581098817749e+00	4.606215437763677478e+00	7.195434077434521569e+00	2.129059606761001672e-02	-5.933714255181796182e-02	0.000000000000000000e+00	0.000000000000000000e+00	0.000000000000000000e+00	0.000000000000000000e+00	2.312034042476316742e+01
3.651758793969848593e+00	1.990368905196482130e+00	1.937484014009970945e+00	5.853432061474173942e+00	1.534048645980407466e+00	4.519313393120485856e+00	7.036278650994998607e+00	-1.489041833059873230e-03	-6.180875307742732944e-02	0.000000000000000000e+00	0.000000000000000000e+00	0.000000000000000000e+00	0.000000000000000000e+00	2.280762787586602869e+01
3.777336683417084728e+00	1.990132794787954795e+00	1.933379197976496711e+00	5.843753501611508305e+00	1.505733103465379363e+00	4.431110389958926810e+00	6.876441446553701375e+00	-2.023832992876978265e-02	-6.203931285408028490e-02	0.000000000000000000e+00	0.000000000000000000e+00	0.000000000000000000e+00	0.000000000000000000e+00	2.249827279157111803e+01
3.902914572864320863e+00	1.989888748795846096e+00	1.929145212185701341e+00	5.833768301204081297e+00	1.476973780051702878e+00	4.341744490773072229e+00	6.716213712772803213e+00	-3.537591015116247489e-02	-6.052073081842699459e-02	0.000000000000000000e+00	0.000000000000000000e+00	0.000000000000000000e+00	0.000000000000000000e+00	2.219183760481361389e+01
4.028492462311556999e+00	1.989636771855622044e+00	1.924782987607521978e+00	5.823478454464710907e+00	1.447811478884961423e+00	4.251352639818150259e+00	6.555873334349127113e+00	-4.731158280119144438e-02	-5.769181180486756405e-02	0.000000000000000000e+00	0.000000000000000000e+00	0.000000000000000000e+00	0.000000000000000000e+00	2.188793227237403016e+01
4.154070351758793578e+00	1.989376868752145811e+00	1.920293481384722334e+00	5.812886011760349803e+00	1.418286886100034394e+00	4.160070325282570813e+00	6.395684468296378711e+00	-5.643939587240345140e-02	-5.393270905559006262e-02	0.000000000000000000e+00	0.000000000000000000e+00	0.000000000000000000e+00	0.000000000000000000e+00	2.158622593664820855e+01
4.279648241206029269e+00	1.989109044419467454e+00	1.915677676440842081e+00	5.801993078782104796e+00	1.388440480026282398e+00	4.068031258596841226e+00	6.235897289162326551e+00	-6.313206397885386123e-02	-4.956318526087147985e-02	0.000000000000000000e+00	0.000000000000000000e+00	0.000000000000000000e+00	0.000000000000000000e+00	2.128645357818813721e+01
4.405226130653265848e+00	1.988833303940607200e+00	1.910936581078823027e+00	5.790801815695775012e+00	1.358312443522017077e+00	3.975367071712588185e+00	6.076747834326617692e+00	-6.773666421590930631e-02	-4.484516503335318066e-02	0.000000000000000000e+00	0.000000000000000000e+00	0.000000000000000000e+00	0.000000000000000000e+00	2.098841722102716290e+01
4.530804020100501539e+00	1.988549652547332069e+00	1.906071228570585863e+00	5.779314436273467415e+00	1.327942579679622703e+00	3.882207033040928845e+00	5.918457940514373128e+00	-7.057151972676133089e-02	-3.998913787552677013e-02	0.000000000000000000e+00	0.000000000000000000e+00	0.000000000000000000e+00	0.000000000000000000e+00	2.069198221302402274e+01
4.656381909547738118e+00	1.988258095619928278e+00	1.901082676737818611e+00	5.767533207006906970e+00	1.297370231117721096e+00	3.788677782597694943e+00	5.761235262816535752e+00	-7.192415460014366102e-02	-3.516308132621060595e-02	0.000000000000000000e+00	0.000000000000000000e+00	0.000000000000000000e+00	0.000000000000000000e+00	2.039707001997025415e+01
4.781959798994973809e+00	1.987958638686963209e+00	1.895972007524262981e+00	5.755460446203017888e+00	1.266634203051558272e+00	3.694903086765120914e+00	5.605273367800475803e+00	-7.205019178208542374e-02	-3.050194961736974603e-02	0.000000000000000000e+00	0.000000000000000000e+00	0.000000000000000000e+00	0.000000000000000000e+00	2.010364960863194028e+01
4.907537688442210388e+00	1.987651287425043822e+00	1.890740326559769535e+00	5.743098523062405647e+00	1.235772690307369803e+00	3.601003612945832266e+00	5.450751892693664225e+00	-7.117307118817246814e-02	-2.611560257571177504e-02	0.000000000000000000e+00	0.000000000000000000e+00	0.000000000000000000e+00	0.000000000000000000e+00	1.981172965923019902e+01
5.033115577889446079e+00	1.987336047658569527e+00	1.885388762716410760e+00	5.730449856741342884e+00	1.204823208421198055e+00	3.507096724256820508e+00	5.297836763100690405e+00	-6.948448588507576129e-02	-2.209342077822283937e-02	0.000000000000000000e+00	0.000000000000000000e+00	0.000000000000000000e+00	0.000000000000000000e+00	1.952135345623173279e+01
5.158693467336682659e+00	1.987012925359473936e+00	1.879918467656935821e+00	5.717516915397886201e+00	1.173822528937498832e+00	3.413296294288718613e+00	5.146680462242289700e+00	-6.714546351921932277e-02	-1.850471910081411681e-02	0.000000000000000000e+00	0.000000000000000000e+00	0.000000000000000000e+00	0.000000000000000000e+00	1.923259741126276978e+01
5.284271356783918350e+00	1.986681926646967744e+00	1.874330615375861209e+00	5.704302215222763373e+00	1.142806618998204460e+00	3.319712541840081688e+00	4.997422345259730392e+00	-6.428804870431266416e-02	-1.539525053165818891e-02	0.000000000000000000e+00	0.000000000000000000e+00	0.000000000000000000e+00	0.000000000000000000e+00	1.894557296410763669e+01
5.409849246231154929e+00	1.986343057787267385e+00	1.868626401733489040e+00	5.690808319455660680e+00	1.111810585288711239e+00	3.226451885427817690e+00	4.850188992686459422e+00	-6.101755994530285582e-02	-1.278130373869686316e-02	0.000000000000000000e+00	0.000000000000000000e+00	0.000000000000000000e+00	0.000000000000000000e+00	1.866043037869540555e+01
5.535427135678390620e+00	1.985996325193323253e+00	1.862807043983148558e+00	5.677037837387556074e+00	1.080868622383795552e+00	3.133616817273920940e+00	4.705094597732735195e+00	-5.741539421506609842e-02	-1.064381727321715883e-02	0.000000000000000000e+00	0.000000000000000000e+00	0.000000000000000000e+00	0.000000000000000000e+00	1.837736203246619482e+01
5.661005025125627199e+00	1.985641735424537480e+00	1.856873780291963927e+00	5.662993423349742983e+00	1.050013965513753478e+00	3.041305796375381121e+00	4.562241382542000068e+00	-5.354233045552585224e-02	-8.925268486755141492e-03	0.000000000000000000e+00	0.000000000000000000e+00	0.000000000000000000e+00	0.000000000000000000e+00	1.809660248455509901e+01
5.786582914572862890e+00	1.985279295186480164e+00	1.850827869255447844e+00	5.648677775690209124e+00	1.019278847749319539e+00	2.949613160179011206e+00	4.421720039048248729e+00	-4.944224290625821860e-02	-7.531669163105819166e-03	0.000000000000000000e+00	0.000000000000000000e+00	0.000000000000000000e+00	0.000000000000000000e+00	1.781842307503934819e+01
5.912160804020099469e+00	1.984909011330593609e+00	1.844670589406220973e+00	5.634093635738011585e+00	9.886944615831531058e-01	2.858629054305742212e+00	4.283610190482750824e+00	-4.514608482447120263e-02	-6.340825622573014429e-03	0.000000000000000000e+00	0.000000000000000000e+00	0.000000000000000000e+00	0.000000000000000000e+00	1.754312003239942896e+01
6.037738693467336049e+00	1.984530890853896334e+00	1.838403238717171817e+00	5.619243786756315195e+00	9.582909248660594903e-01	2.768439379700069924e+00	4.147980869941474857e+00	-4.067595525347682262e-02	-5.216342536914036349e-03	0.000000000000000000e+00	0.000000000000000000e+00	0.000000000000000000e+00	0.000000000000000000e+00	1.727099679304459556e+01
6.163316582914571740e+00	1.984144940898674214e+00	1.832027134099353027e+00	5.604131052884758546e+00	9.280972510376549467e-01	2.679125756519442625e+00	4.014891012729440156e+00	-3.604902918683729196e-02	-4.025115945750112889e-03	0.000000000000000000e+00	0.000000000000000000e+00	0.000000000000000000e+00	0.000000000000000000e+00	1.700234300303673507e+01
6.288894472361808319e+00	1.983751168752173610e+00	1.825543610894930779e+00	5.588758298071800468e+00	8.981413235739748036e-01	2.590765504025587695e+00	3.884389959446779894e+00	-3.128112514789817278e-02	-2.654816462097510377e-03	0.000000000000000000e+00	0.000000000000000000e+00	0.000000000000000000e+00	0.000000000000000000e+00	1.673741392315525189e+01
6.414472361809044010e+00	1.983349581846280074e+00	1.818954022365490530e+00	5.573128424997725539e+00	8.684498745586226587e-01	2.503431635694798096e+00	3.756517966977410694e+00	-2.638970847929568778e-02	-1.027570491052437647e-03	0.000000000000000000e+00	0.000000000000000000e+00	0.000000000000000000e+00	0.000000000000000000e+00	1.647641422746997719e+01
6.540050251256280589e+00	1.982940187757195716e+00	1.812259739176011575e+00	5.557244373988963204e+00	8.390484672694699109e-01	2.417192868726862010e+00	3.631306724691491183e+00	-2.139618086044743975e-02	8.931033644233333244e-04	0.000000000000000000e+00	0.000000000000000000e+00	0.000000000000000000e+00	0.000000000000000000e+00	1.621948928411396906e+01
6.665628140703516280e+00	1.982522994205111688e+00	1.805462148874818817e+00	5.541109121924388425e+00	8.099614826597043571e-01	2.332113647102415310e+00	3.508779873285657214e+00	-1.632737732385986656e-02	3.103249781496099369e-03	0.000000000000000000e+00	0.000000000000000000e+00	0.000000000000000000e+00	0.000000000000000000e+00	1.596672514050973213e+01
6.791206030150752859e+00	1.982098009053870680e+00	1.798562655369822405e+00	5.524725681134264654e+00	7.812121096001721776e-01	2.248254177315633040e+00	3.388953523769675069e+00	-1.121626760238473609e-02	5.566286065411393466e-03	0.000000000000000000e+00	0.000000000000000000e+00	0.000000000000000000e+00	0.000000000000000000e+00	1.571815617470646664e+01
6.916783919597988550e+00	1.981665240310622966e+00	1.791562678401356301e+00	5.508097098292506821e+00	7.528223387394979982e-01	2.165670475893194613e+00	3.271836774175105322e+00	-6.101924719683158443e-03	8.224787138336662334e-03	0.000000000000000000e+00	0.000000000000000000e+00	0.000000000000000000e+00	0.000000000000000000e+00	1.547377746823093858e+01
7.042361809045225129e+00	1.981224696125484019e+00	1.784463653011918449e+00	5.491226453302908261e+00	7.248129598293518994e-01	2.084414427800825642e+00	3.157432221620803947e+00	-1.028869361151030703e-03	1.101250504319990255e-02	0.000000000000000000e+00	0.000000000000000000e+00	0.000000000000000000e+00	0.000000000000000000e+00	1.523355804737333763e+01
7.167939698492460820e+00	1.980776384791175238e+00	1.777267029013133381e+00	5.474116858179987943e+00	6.972035623545070893e-01	2.004533854835287343e+00	3.045736467431717998e+00	3.954081083961230245e-03	1.386327283729973242e-02	0.000000000000000000e+00	0.000000000000000000e+00	0.000000000000000000e+00	0.000000000000000000e+00	1.499745151052707115e+01
7.293517587939697400e+00	1.980320314742667120e+00	1.769974270450229925e+00	5.456771455925140124e+00	6.700125393008909969e-01	1.926072593101868513e+00	2.936740613079881435e+00	8.795332564215900886e-03	1.671489793847877325e-02	0.000000000000000000e+00	0.000000000000000000e+00	0.000000000000000000e+00	0.000000000000000000e+00	1.476540201710337108e+01
7.419095477386933091e+00	1.979856494556813340e+00	1.762586855064353530e+00	5.439193419398705487e+00	6.432570938897329560e-01	1.849070578685050981e+00	2.830430744807406196e+00	1.344229475547723332e-02	1.950809997338905782e-02	0.000000000000000000e+00	0.000000000000000000e+00	0.000000000000000000e+00	0.000000000000000000e+00	1.453734558113093023e+01
7.544673366834169670e+00	1.979384932951978593e+00	1.755106273753010093e+00	5.421385950188639669e+00	6.169532491020328635e-01	1.773563940632500557e+00	2.726788404905917229e+00	1.784333436107020041e-02	2.218228452946020487e-02	0.000000000000000000e+00	0.000000000000000000e+00	0.000000000000000000e+00	0.000000000000000000e+00	1.431320837042460781e+01
7.670251256281405361e+00	1.978905638787661347e+00	1.747534030028945695e+00	5.403352277476399124e+00	5.911158598149296450e-01	1.699585100389646497e+00	2.625791047768732067e+00	2.194982860175846359e-02	2.467089889448109002e-02	0.000000000000000000e+00	0.000000000000000000e+00	0.000000000000000000e+00	0.000000000000000000e+00	1.409290468176255295e+01
7.795829145728641940e+00	1.978418621064110594e+00	1.739871639477765353e+00	5.385095656900695360e+00	5.657586273700438984e-01	1.627162876843311734e+00	2.527412479002345780e+00	2.571824782190107461e-02	2.689905555329504330e-02	0.000000000000000000e+00	0.000000000000000000e+00	0.000000000000000000e+00	0.000000000000000000e+00	1.387633720403346871e+01
7.921407035175877631e+00	1.977923888921935935e+00	1.732120629214589869e+00	5.366619369419762364e+00	5.408941163934840590e-01	1.556322596157906801e+00	2.431623276081365415e+00	2.911218389245793028e-02	2.878517424868912503e-02	0.000000000000000000e+00	0.000000000000000000e+00	0.000000000000000000e+00	0.000000000000000000e+00	1.366340123433019293e+01
8.046984924623114210e+00	1.977421451641714789e+00	1.724282537340044330e+00	5.347926720172724302e+00	5.165337736878337083e-01	1.487086205616062751e+00	2.338391189252650992e+00	3.210421972042978161e-02	3.024699074588632630e-02	0.000000000000000000e+00	0.000000000000000000e+00	0.000000000000000000e+00	0.000000000000000000e+00	1.345399308817734862e+01
8.172562814070349901e+00	1.976911318643588267e+00	1.716358912395874237e+00	5.329021037340733180e+00	4.926879490180667842e-01	1.419472390707008591e+00	2.247681521634971258e+00	3.467751328472552796e-02	3.121090022071098743e-02	0.000000000000000000e+00	0.000000000000000000e+00	0.000000000000000000e+00	0.000000000000000000e+00	1.324802154324567738e+01
8.298140703517587369e+00	1.976393499486859495e+00	1.708351312820480361e+00	5.309905671008445793e+00	4.693659176158460067e-01	1.353496694740012884e+00	2.159457487713088764e+00	3.682695688867960310e-02	3.162264481328404958e-02	0.000000000000000000e+00	0.000000000000000000e+00	0.000000000000000000e+00	0.000000000000000000e+00	1.304542018508669798e+01
8.423718592964823060e+00	1.975868003869575951e+00	1.700261306404660111e+00	5.290583992026476778e+00	4.465759042300289083e-01	1.289171640296550736e+00	2.073680549681995000e+00	3.855977661480789603e-02	3.145702302076087281e-02	0.000000000000000000e+00	0.000000000000000000e+00	0.000000000000000000e+00	0.000000000000000000e+00	1.284615819614485588e+01
8.549296482412058751e+00	1.975334841628116900e+00	1.692090469747838943e+00	5.271059390875404205e+00	4.243251085553043644e-01	1.226506851873035986e+00	1.990310731349190121e+00	3.989546217214334778e-02	3.072458633514567328e-02	0.000000000000000000e+00	0.000000000000000000e+00	0.000000000000000000e+00	0.000000000000000000e+00	1.265024744253618039e+01
8.674874371859294442e+00	1.974794022736766186e+00	1.683840387715074938e+00	5.251335276531921004e+00	4.026197318757095966e-01	1.165509179105806759e+00	1.909306909541847785e+00	4.086496241983529620e-02	2.947402768259325609e-02	0.000000000000000000e+00	0.000000000000000000e+00	0.000000000000000000e+00	0.000000000000000000e+00	1.245774449760955349e+01
8.800452261306531909e+00	1.974245557307285681e+00	1.675512652895110977e+00	5.231415075337729981e+00	3.814650047651794162e-01	1.106182820011051060e+00	1.830627083182810422e+00	4.150914133966271402e-02	2.778990826906713521e-02	0.000000000000000000e+00	0.000000000000000000e+00	0.000000000000000000e+00	0.000000000000000000e+00	1.226874724310789766e+01
8.926030150753767600e+00	1.973689455588479857e+00	1.667108865059753642e+00	5.211302229871717984e+00	3.608652156932542487e-01	1.048529443714332432e+00	1.754228620387416226e+00	4.187655466585436109e-02	2.578626429510702880e-02	0.000000000000000000e+00	0.000000000000000000e+00	0.000000000000000000e+00	0.000000000000000000e+00	1.208338664927591566e+01
9.051608040201003291e+00	1.973125727965754139e+00	1.658630630624837954e+00	5.191000197826005191e+00	3.408237403904914031e-01	9.925483121869329572e-01	1.680068484086058023e+00	4.202066943392889636e-02	2.359728903792565960e-02	0.000000000000000000e+00	0.000000000000000000e+00	0.000000000000000000e+00	0.000000000000000000e+00	1.190181505155193342e+01
9.177185929648238982e+00	1.972554384960673479e+00	1.650079562113060172e+00	5.170512450886400657e+00	3.213430718349594706e-01	9.382364005491194980e-01	1.608103436791310958e+00	4.199669921101110981e-02	2.136659403410482577e-02	0.000000000000000000e+00	0.000000000000000000e+00	0.000000000000000000e+00	0.000000000000000000e+00	1.172419260038063982e+01
9.302763819095476450e+00	1.971975437230506500e+00	1.641457277618918909e+00	5.149842473617804117e+00	3.024248507283292531e-01	8.855885155433302902e-01	1.538290225201437211e+00	4.185826121266490729e-02	1.923650725547455809e-02	0.000000000000000000e+00	0.000000000000000000e+00	0.000000000000000000e+00	0.000000000000000000e+00	1.155067354840846683e+01
9.428341708542712141e+00	1.971388895567771860e+00	1.632765400276040557e+00	5.128993762355108288e+00	2.840698963374908570e-01	8.345974118229548822e-01	1.470585745364989982e+00	4.165407573771170296e-02	1.733854154966009073e-02	0.000000000000000000e+00	0.000000000000000000e+00	0.000000000000000000e+00	0.000000000000000000e+00	1.138139372901173019e+01
9.553919597989947832e+00	1.970794770899776394e+00	1.624005557727125737e+00	5.107969824100079492e+00	2.662782375852008054e-01	7.852539057445266923e-01	1.404947189127064844e+00	4.142492437290500734e-02	1.578569163147599749e-02	0.000000000000000000e+00	0.000000000000000000e+00	0.000000000000000000e+00	0.000000000000000000e+00	1.121646010118815440e+01
9.679497487437183523e+00	1.970193074288145718e+00	1.615179381596773434e+00	5.086774175424767286e+00	2.490491442809880385e-01	7.375469863925750991e-01	1.341332172542121004e+00	4.120106454778827559e-02	1.466673388048378955e-02	0.000000000000000000e+00	0.000000000000000000e+00	0.000000000000000000e+00	0.000000000000000000e+00	1.105594273295364260e+01
9.805075376884420990e+00	1.969583816928355269e+00	1.606288506967419760e+00	5.065410341381912929e+00	2.323811583913115431e-01	6.914639236068118588e-01	1.279698846878739582e+00	4.100026864262230203e-02	1.404232633488773814e-02	0.000000000000000000e+00	0.000000000000000000e+00	0.000000000000000000e+00	0.000000000000000000e+00	1.089986918913206004e+01
9.930653266331656681e+00	1.968967010149248020e+00	1.597334571858630925e+00	5.043881854422849642e+00	2.162721252557412432e-01	6.469903728205641524e-01	1.220005992767508207e+00	4.082662018451562597e-02	1.394250387327476866e-02	0.000000000000000000e+00	0.000000000000000000e+00	0.000000000000000000e+00	0.000000000000000000e+00	1.074822105133233308e+01
1.005623115577889237e+01	1.968342665412555759e+00	1.588319216709977333e+00	5.022192253323371602e+00	2.007192246636515798e-01	6.041104765572012925e-01	1.162213097964754693e+00	4.067016080723558774e-02	1.436514957457371219e-02	0.000000000000000000e+00	0.000000000000000000e+00	0.000000000000000000e+00	0.000000000000000000e+00	1.060093224501332188e+01
1.018180904522612984e+01	1.967710794312407030e+00	1.579244083867724635e+00	5.000345082118025530e+00	1.857190017135394444e-01	5.628069624675684501e-01	1.106280419132936732e+00	4.050744112146868747e-02	1.527516839582876255e-02	0.000000000000000000e+00	0.000000000000000000e+00	0.000000000000000000e+00	0.000000000000000000e+00	1.045788895312949940e+01
1.030738693467336553e+01	1.967071408574836644e+00	1.570110817075550669e+00	4.978343889043281401e+00	1.712673973845376119e-01	5.230612378259099637e-01	1.052169027983577365e+00	4.030298647383412369e-02	1.660433604013444517e-02	0.000000000000000000e+00	0.000000000000000000e+00	0.000000000000000000e+00	0.000000000000000000e+00	1.031893110040166306e+01
1.043296482412060122e+01	1.966424520057284742e+00	1.560921060969510998e+00	4.956192225490007708e+00	1.573597787569580575e-01	4.848534804343321847e-01	9.998408421002842328e-01	4.001164384489338394e-02	1.825207097094382752e-02	0.000000000000000000e+00	0.000000000000000000e+00	0.000000000000000000e+00	0.000000000000000000e+00	1.018385562262421473e+01
1.055854271356783691e+01	1.965770140748094530e+00	1.551676460577464667e+00	4.933893644965688274e+00	1.439909688257376696e-01	4.481627259163800669e-01	9.492586407653913483e-01	3.958172781229182119e-02	2.008760306197146864e-02	0.000000000000000000e+00	0.000000000000000000e+00	0.000000000000000000e+00	0.000000000000000000e+00	1.005242191267302054e+01
1.068412060301507438e+01	1.965108282766002468e+00	1.542378660823155778e+00	4.911451702066777614e+00	1.311552758574044686e-01	4.129669514085959059e-01	9.003860661594232928e-01	3.895883133185194802e-02	2.195411924743191287e-02	0.000000000000000000e+00	0.000000000000000000e+00	0.000000000000000000e+00	0.000000000000000000e+00	9.924359889660642864e+00
1.080969849246231007e+01	1.964438958359625342e+00	1.533029306035157857e+00	4.888869951461605190e+00	1.188465222476407235e-01	3.792431556849683028e-01	8.531876103905986497e-01	3.809011234551516745e-02	2.367541060056982047e-02	0.000000000000000000e+00	0.000000000000000000e+00	0.000000000000000000e+00	0.000000000000000000e+00	9.799381027125678045e+00
1.093527638190954576e+01	1.963762179906940464e+00	1.523630039460866392e+00	4.866151946884200719e+00	1.070580728426305667e-01	3.469674357728100289e-01	8.076285889412243568e-01	3.692881314474640714e-02	2.506531979457745848e-02	0.000000000000000000e+00	0.000000000000000000e+00	0.000000000000000000e+00	0.000000000000000000e+00	9.677192396747994252e+00
1.106085427135678145e+01	1.963077959914762971e+00	1.514182502785730522e+00	4.843301240139420649e+00	9.578286269315176849e-02	3.161150601398061144e-01	7.636751012852404097e-01	3.543872118937174687e-02	2.593992468424241235e-02	0.000000000000000000e+00	0.000000000000000000e+00	0.000000000000000000e+00	0.000000000000000000e+00	9.557513372831728304e+00
1.118643216080401892e+01	1.962386311018215812e+00	1.504688335657903719e+00	4.820321380119728438e+00	8.501342421575067143e-02	2.866605385506433845e-01	7.212939796290797068e-01	3.359824440072009533e-02	2.613195140065518313e-02	0.000000000000000000e+00	0.000000000000000000e+00	0.000000000000000000e+00	0.000000000000000000e+00	9.440094164992697046e+00
1.131201005025125461e+01	1.961687245980197059e+00	1.495149175218485116e+00	4.797215911833982105e+00	7.474191374034629132e-02	2.585776887077994579e-01	6.804527269465061590e-01	3.140375818542254921e-02	2.550645670348498928e-02	0.000000000000000000e+00	0.000000000000000000e+00	0.000000000000000000e+00	0.000000000000000000e+00	9.324734877316224413e+00
1.143758793969849030e+01	1.960980777690841226e+00	1.485566655637521993e+00	4.773988375448547039e+00	6.496013742820490322e-02	2.318396998046627355e-01	6.411194457047110218e-01	2.887189254173544092e-02	2.397641757511924029e-02	0.000000000000000000e+00	0.000000000000000000e+00	0.000000000000000000e+00	0.000000000000000000e+00	9.211303401831342441e+00
1.156316582914572599e+01	1.960266919166976818e+00	1.475942407655935318e+00	4.750642305341062688e+00	5.565957654842898505e-02	2.064191931302536975e-01	6.032627588998202839e-01	2.604047082689140563e-02	2.151656956009033797e-02	0.000000000000000000e+00	0.000000000000000000e+00	0.000000000000000000e+00	0.000000000000000000e+00	9.099750201129459981e+00
1.168874371859296346e+01	1.959545683551576323e+00	1.466278058133525297e+00	4.727181229167160659e+00	4.683141210488596384e-02	1.822882798733722054e-01	5.668517252204074985e-01	2.296788952453779689e-02	1.817368906757907757e-02	0.000000000000000000e+00	0.000000000000000000e+00	0.000000000000000000e+00	0.000000000000000000e+00	8.990117966643044412e+00
1.181432160804019915e+01	1.958817084113205764e+00	1.456575229603203514e+00	4.703608666940432670e+00	3.846654880888999289e-02	1.594186162801391471e-01	5.318557503233943828e-01	1.973083916647140265e-02	1.407155729946750825e-02	0.000000000000000000e+00	0.000000000000000000e+00	0.000000000000000000e+00	0.000000000000000000e+00	8.882544292535204278e+00
1.193989949748743484e+01	1.958081134245466037e+00	1.446835539831600626e+00	4.679928130125919239e+00	3.055563839592960115e-02	1.377814563226450184e-01	4.982444963248762182e-01	1.642040441013951912e-02	9.409105734125105397e-03	0.000000000000000000e+00	0.000000000000000000e+00	0.000000000000000000e+00	0.000000000000000000e+00	8.777255905390701329e+00
1.206547738693467231e+01	1.957337847466431136e+00	1.437060601386180858e+00	4.656143120747386455e+00	2.308910228732754047e-02	1.173477020378932978e-01	4.659877916683262677e-01	1.313673542965758043e-02	4.450744321052944180e-03	0.000000000000000000e+00	0.000000000000000000e+00	0.000000000000000000e+00	0.000000000000000000e+00	8.674553645344255770e+00
1.219105527638190800e+01	1.956587237418082603e+00	1.427252021209001853e+00	4.632257130508636855e+00	1.605715359993100180e-02	9.808795169552546322e-02	4.350555435268775861e-01	9.982638300689119712e-03	-4.913859535574626987e-04	0.000000000000000000e+00	0.000000000000000000e+00	0.000000000000000000e+00	0.000000000000000000e+00	8.574788290305187743e+00
1.231663316582914369e+01	1.955829317865736661e+00	1.417411400197238436e+00	4.608273639929105769e+00	9.449818508775766762e-03	7.997254595006039746e-02	4.054176548212725106e-01	7.056570997524947916e-03	-5.082542556779405356e-03	0.000000000000000000e+00	0.000000000000000000e+00	0.000000000000000000e+00	0.000000000000000000e+00	8.478328405712934668e+00
1.244221105527637938e+01	1.955064102697469330e+00	1.407540332790593762e+00	4.584196117493941180e+00	3.256956969175386733e-03	6.297161212875967973e-02	3.770439477912375104e-01	4.445634966156539712e-03	-8.996105050031920347e-03	0.000000000000000000e+00	0.000000000000000000e+00	0.000000000000000000e+00	0.000000000000000000e+00	8.385522599787302411e+00
1.256778894472361685e+01	1.954291605923537345e+00	1.397640406565708870e+00	4.560028018818817586e+00	-2.531717194141323412e-03	4.705510679983943012e-02	3.499040958502059873e-01	2.219202497235389995e-03	-1.194699276268598211e-02	0.000000000000000000e+00	0.000000000000000000e+00	0.000000000000000000e+00	0.000000000000000000e+00	8.296659726498516463e+00
1.269336683417085254e+01	1.953511841675791949e+00	1.387713201837678545e+00	4.535772785829630394e+00	-7.926616822343596908e-03	3.219285675782805611e-02	3.239675651904138087e-01	4.238042301845015153e-04	-1.372393358531038936e-02	0.000000000000000000e+00	0.000000000000000000e+00	0.000000000000000000e+00	0.000000000000000000e+00	8.211931505113872376e+00
1.281894472361808823e+01	1.952724824207090926e+00	1.377760291268772530e+00	4.511433845957312450e+00	-1.293826257316888634e-02	1.835459855354983419e-02	2.992035672996894435e-01	-9.201867688253199517e-04	-1.421620360550850115e-02	0.000000000000000000e+00	0.000000000000000000e+00	0.000000000000000000e+00	0.000000000000000000e+00	8.131402474338914388e+00
1.294452261306532392e+01	1.951930567890705959e+00	1.367783239484458901e+00	4.487014611347894366e+00	-1.757726467750859653e-02	5.510016685740395416e-03	2.755810232177640096e-01	-1.819694297931630711e-03	-1.343056298111065805e-02	0.000000000000000000e+00	0.000000000000000000e+00	0.000000000000000000e+00	0.000000000000000000e+00	8.054991936670012009e+00
1.307010050251256139e+01	1.951129087219722669e+00	1.357783602696816416e+00	4.462518478088000506e+00	-2.185430529235113731e-02	-6.371219440175743959e-03	2.530685400151412301e-01	-2.307732807942768950e-03	-1.149502279757874668e-02	0.000000000000000000e+00	0.000000000000000000e+00	0.000000000000000000e+00	0.000000000000000000e+00	7.982471427681632647e+00
1.319567839195979708e+01	1.950320396806442202e+00	1.347762928335420218e+00	4.437948825445923617e+00	-2.578012144060041685e-02	-1.731941969283932320e-02	2.316343996385254733e-01	-2.439929751011682066e-03	-8.647786623480360410e-03	0.000000000000000000e+00	0.000000000000000000e+00	0.000000000000000000e+00	0.000000000000000000e+00	7.913479292718379021e+00
1.332125628140703277e+01	1.949504511381773497e+00	1.337722754685776394e+00	4.413309015128384694e+00	-2.936548852853284805e-02	-2.736483845473494311e-02	2.112465599495950697e-01	-2.289095520379337383e-03	-5.211992675539368729e-03	0.000000000000000000e+00	0.000000000000000000e+00	0.000000000000000000e+00	0.000000000000000000e+00	7.847551425966343253e+00
1.344683417085426846e+01	1.948681445794621769e+00	1.327664610535375100e+00	4.388602390553144161e+00	-3.262120443203861408e-02	-3.653764085362710273e-02	1.918726675027840611e-01	-1.938374888543279188e-03	-1.559301482577100592e-03	0.000000000000000000e+00	0.000000000000000000e+00	0.000000000000000000e+00	0.000000000000000000e+00	7.784164592729139187e+00
1.357241206030150593e+01	1.947851215011277226e+00	1.317590014827432876e+00	4.363832276137542543e+00	-3.555807414328818195e-02	-4.486786993157632075e-02	1.734800813738530956e-01	-1.473669242052330370e-03	1.932618109576247261e-03	0.000000000000000000e+00	0.000000000000000000e+00	0.000000000000000000e+00	0.000000000000000000e+00	7.722786592142764306e+00
1.369798994974874162e+01	1.947013834114795117e+00	1.307500476322376315e+00	4.339001976603071853e+00	-3.818689497003891625e-02	-5.238541471068525190e-02	1.560359071719360502e-01	-9.760931726684370915e-04	4.922552115833331819e-03	0.000000000000000000e+00	0.000000000000000000e+00	0.000000000000000000e+00	0.000000000000000000e+00	7.662926343474619983e+00
1.382356783919597731e+01	1.946169318304372453e+00	1.297397493267123725e+00	4.314114776296086085e+00	-4.051844228042719015e-02	-5.911997912770591834e-02	1.395070402467198933e-01	-5.152120620032607339e-04	7.142091586552078326e-03	0.000000000000000000e+00	0.000000000000000000e+00	0.000000000000000000e+00	0.000000000000000000e+00	7.604177086230717642e+00
1.394914572864321300e+01	1.945317682894724065e+00	1.287282553072216729e+00	4.289173938524684537e+00	-4.256345578674651520e-02	-6.510105182216030517e-02	1.238602170385492696e-01	-1.437025156314269069e-04	8.421055370500432624e-03	0.000000000000000000e+00	0.000000000000000000e+00	0.000000000000000000e+00	0.000000000000000000e+00	7.546247236776137512e+00
1.407472361809045047e+01	1.944458943315449773e+00	1.277157131996838446e+00	4.264182704911885224e+00	-4.433262636237527560e-02	-7.035787677456430134e-02	1.090620735074936121e-01	1.060990979478630924e-04	8.699242461197184001e-03	0.000000000000000000e+00	0.000000000000000000e+00	0.000000000000000000e+00	0.000000000000000000e+00	7.488975692153871933e+00
1.420030150753768616e+01	1.943593115110402447e+00	1.267022694841758002e+00	4.239144294765089249e+00	-4.583658338665343168e-02	-7.491942480246455149e-02	9.507920960939846011e-02	2.235173877312887614e-04	8.024148248978520137e-03	0.000000000000000000e+00	0.000000000000000000e+00	0.000000000000000000e+00	0.000000000000000000e+00	7.432330971774239181e+00
1.432587939698492185e+01	1.942720213937048079e+00	1.256880694650233554e+00	4.214061904461905428e+00	-4.708588261310739376e-02	-7.881436593222747311e-02	8.187825885152895389e-02	2.187230964222166868e-04	6.536430519242543251e-03	0.000000000000000000e+00	0.000000000000000000e+00	0.000000000000000000e+00	0.000000000000000000e+00	7.376395976971046764e+00
1.445145728643215932e+01	1.941840255565826290e+00	1.246732572416899387e+00	4.188938706852363580e+00	-4.809099455695554914e-02	-8.207104267365611383e-02	6.942596204495034284e-02	1.199998083542362236e-04	4.446442474812153239e-03	0.000000000000000000e+00	0.000000000000000000e+00	0.000000000000000000e+00	0.000000000000000000e+00	7.321341901932594709e+00
1.457703517587939501e+01	1.940953255879501516e+00	1.236579756804661256e+00	4.163777850677532477e+00	-4.886229339828683516e-02	-8.471744423249995271e-02	5.768924446207651657e-02	-3.051046424570823235e-05	2.005884901851657902e-03	0.000000000000000000e+00	0.000000000000000000e+00	0.000000000000000000e+00	0.000000000000000000e+00	7.267395744630590571e+00
1.470261306532663070e+01	1.940059230872517082e+00	1.226423663869610214e+00	4.138582460004541552e+00	-4.941004639766663487e-02	-8.678118170261221731e-02	4.663529569334704666e-02	-1.820649270503220439e-04	-5.213956782297655534e-04	0.000000000000000000e+00	0.000000000000000000e+00	0.000000000000000000e+00	0.000000000000000000e+00	7.214805961734456652e+00
1.482819095477386639e+01	1.939158196650340171e+00	1.216265696793972229e+00	4.113355633678034806e+00	-4.974440382118561904e-02	-8.828946428487031983e-02	3.623165156582700691e-02	-2.810100012884066589e-04	-2.886038682605868589e-03	0.000000000000000000e+00	0.000000000000000000e+00	0.000000000000000000e+00	0.000000000000000000e+00	7.163810261898223786e+00
1.495376884422110386e+01	1.938250169428806124e+00	1.206107245627097146e+00	4.088100444788005383e+00	-4.987538937211116047e-02	-8.926907658390016709e-02	2.644627753032156164e-02	-2.763456310147664242e-04	-4.874745750040739359e-03	0.000000000000000000e+00	0.000000000000000000e+00	0.000000000000000000e+00	0.000000000000000000e+00	7.114608580037162788e+00
1.507934673366833955e+01	1.937335165533457637e+00	1.195949687034489450e+00	4.062819940154038356e+00	-4.981289112632705102e-02	-8.974635703614147753e-02	1.724765293700568011e-02	-1.246747621924967724e-04	-6.325365469255363193e-03	0.000000000000000000e+00	0.000000000000000000e+00	0.000000000000000000e+00	0.000000000000000000e+00	7.067343157265075781e+00
1.520492462311557524e+01	1.936413201398882178e+00	1.185794384054875916e+00	4.037517139825888002e+00	-4.956665296864703335e-02	-8.974717752380180491e-02	8.604855600755662026e-03	2.058413568725815722e-04	-7.135038694088996145e-03	0.000000000000000000e+00	0.000000000000000000e+00	0.000000000000000000e+00	0.000000000000000000e+00	7.022086553050736590e+00
1.533050251256281094e+01	1.935484293568044301e+00	1.175642685865305737e+00	4.012195036600386011e+00	-4.914626652686424069e-02	-8.929692422879835501e-02	4.876460078660497708e-04	7.327684272214260571e-04	-7.261778092511987637e-03	0.000000000000000000e+00	0.000000000000000000e+00	0.000000000000000000e+00	0.000000000000000000e+00	6.978837461620649663e+00
1.545608040201004840e+01	1.934548458691614403e+00	1.165495927554266675e+00	3.986856595554608251e+00	-4.856116360004971572e-02	-8.842047977888663202e-02	-7.133449559595501921e-03	1.458032610294374663e-03	-6.720459408065342609e-03	0.000000000000000000e+00	0.000000000000000000e+00	0.000000000000000000e+00	0.000000000000000000e+00	6.937523462064187463e+00
1.558165829145728409e+01	1.933605713527296155e+00	1.155355429902806375e+00	3.961504753595264106e+00	-4.782060907714808656e-02	-8.714220673487869939e-02	-1.428705779946071175e-02	2.367880823507949924e-03	-5.574576849418331169e-03	0.000000000000000000e+00	0.000000000000000000e+00	0.000000000000000000e+00	0.000000000000000000e+00	6.898009327387968348e+00
1.570723618090451978e+01	1.932656074939148150e+00	1.145222499173630615e+00	3.936142419024233341e+00	-4.693369434133940615e-02	-8.548593246320677908e-02	-2.100087998579656945e-02	3.434038101827217599e-03	-3.925275671236329311e-03	0.000000000000000000e+00	0.000000000000000000e+00	0.000000000000000000e+00	0.000000000000000000e+00	6.860109248777260582e+00
1.583281407035175548e+01	1.931699559896904006e+00	1.135098426908161207e+00	3.910772471120176785e+00	-4.590933115495528238e-02	-8.347493543219232370e-02	-2.730161740792732758e-02	4.615852101016467909e-03	-1.899151453908761670e-03	0.000000000000000000e+00	0.000000000000000000e+00	0.000000000000000000e+00	0.000000000000000000e+00	6.823601274577276499e+00
1.595839195979899294e+01	1.930736185475289357e+00	1.124984489731518211e+00	3.885397759736157308e+00	-4.475624601896677213e-02	-8.113193296331144833e-02	-3.321490176304838643e-02	5.863165421318147948e-03	3.638641992348580880e-04	0.000000000000000000e+00	0.000000000000000000e+00	0.000000000000000000e+00	0.000000000000000000e+00	6.788242383818191783e+00
1.608396984924623041e+01	1.929765968853331515e+00	1.114881949165398956e+00	3.860021104913157419e+00	-4.348297500021071349e-02	-7.847907046064764303e-02	-3.876523167928094815e-02	7.119636819575224027e-03	2.721487037391574510e-03	0.000000000000000000e+00	0.000000000000000000e+00	0.000000000000000000e+00	0.000000000000000000e+00	6.753782869648715881e+00
1.620954773869346610e+01	1.928788927313674240e+00	1.104792051448812096e+00	3.834645296509425538e+00	-4.209785901861100299e-02	-7.553791213269771265e-02	-4.397591657993105835e-02	8.326238610090642631e-03	5.038226923297191122e-03	0.000000000000000000e+00	0.000000000000000000e+00	0.000000000000000000e+00	0.000000000000000000e+00	6.719979053074060182e+00
1.633512562814070179e+01	1.927805078241881409e+00	1.094716027366628763e+00	3.809273093845532809e+00	-4.060903958569397898e-02	-7.232943321091835076e-02	-4.886902909442102788e-02	9.424683813496627371e-03	7.192351126448100727e-03	0.000000000000000000e+00	0.000000000000000000e+00	0.000000000000000000e+00	0.000000000000000000e+00	6.686603732502954145e+00
1.646070351758793748e+01	1.926814439125740464e+00	1.084655092085908379e+00	3.783907225365036098e+00	-3.902445498471102808e-02	-6.887401365900422401e-02	-5.346536717207268224e-02	1.036057628457700587e-02	9.080650270167283516e-03	0.000000000000000000e+00	0.000000000000000000e+00	0.000000000000000000e+00	0.000000000000000000e+00	6.653454147315642331e+00
1.658628140703517673e+01	1.925817027554565630e+00	1.074610444999948511e+00	3.758550388310637036e+00	-3.735183688168972754e-02	-6.519143335606651657e-02	-5.778442695955914032e-02	1.108612370025346093e-02	1.062125568734759162e-02	0.000000000000000000e+00	0.000000000000000000e+00	0.000000000000000000e+00	0.000000000000000000e+00	6.620357543055437333e+00
1.671185929648241242e+01	1.924812861218493154e+00	1.064583269580009262e+00	3.733205248415711441e+00	-3.559870735574856282e-02	-6.130086872579105367e-02	-6.184438736201196274e-02	1.156230144012086042e-02	1.175491489718828372e-02	0.000000000000000000e+00	0.000000000000000000e+00	0.000000000000000000e+00	0.000000000000000000e+00	6.587174632107971384e+00
1.683743718592964811e+01	1.923801957907778304e+00	1.054574733234657780e+00	3.707874439611077655e+00	-3.377237633605637696e-02	-5.722089077249448846e-02	-6.566210702478204875e-02	1.176040102225401826e-02	1.244517111413281918e-02	0.000000000000000000e+00	0.000000000000000000e+00	0.000000000000000000e+00	0.000000000000000000e+00	6.553801328756566846e+00
1.696301507537688380e+01	1.922784335512085718e+00	1.044585987176678277e+00	3.682560563746883897e+00	-3.187993943191368140e-02	-5.296946447395662477e-02	-6.925313425328466499e-02	1.166293748339744182e-02	1.267782455133332001e-02	0.000000000000000000e+00	0.000000000000000000e+00	0.000000000000000000e+00	0.000000000000000000e+00	6.520169110311224259e+00
1.708859296482411949e+01	1.921760012019779529e+00	1.034618166297480490e+00	3.657266190329466760e+00	-2.992827614159196750e-02	-4.856394947015522934e-02	-7.263173013978968529e-02	1.126392504155349604e-02	1.245991144217350327e-02	0.000000000000000000e+00	0.000000000000000000e+00	0.000000000000000000e+00	0.000000000000000000e+00	6.486244249378914972e+00
1.721417085427135518e+01	1.920729005517210153e+00	1.024672389048952859e+00	3.631993856273036059e+00	-2.792404842481521418e-02	-4.402110197678164166e-02	-7.581090489740226201e-02	1.056855979910973665e-02	1.181826727045397554e-02	0.000000000000000000e+00	0.000000000000000000e+00	0.000000000000000000e+00	0.000000000000000000e+00	6.452026022609763878e+00
1.733974874371859087e+01	1.919691334187997978e+00	1.014749757332687796e+00	3.606746065666045276e+00	-2.587369962312025332e-02	-3.935707784283984378e-02	-7.880246712264199482e-02	9.592372959185791609e-03	1.079759126339406052e-02	0.000000000000000000e+00	0.000000000000000000e+00	0.000000000000000000e+00	0.000000000000000000e+00	6.417543876820708704e+00
1.746532663316582656e+01	1.918647016312313269e+00	1.004851356396509354e+00	3.581525289552087266e+00	-2.378345371179456033e-02	-3.458743666289094965e-02	-8.161708542904334840e-02	8.359938853554285329e-03	9.457840695743695639e-03	0.000000000000000000e+00	0.000000000000000000e+00	0.000000000000000000e+00	0.000000000000000000e+00	6.382853466006479515e+00
1.759090452261306581e+01	1.917596070266156527e+00	9.949782547382403086e-01	3.556333965725160695e+00	-2.165931486669428474e-02	-2.972714684680221806e-02	-8.426436162490097415e-02	6.903239347295741027e-03	7.870784547222788377e-03	0.000000000000000000e+00	0.000000000000000000e+00	0.000000000000000000e+00	0.000000000000000000e+00	6.348031491285679451e+00
1.771648241206030150e+01	1.916538514520633507e+00	9.851315040166269688e-01	3.531174498539147777e+00	-1.950706732898436005e-02	-2.479059154330421830e-02	-8.675291435763034242e-02	5.259799471614316074e-03	6.115647007820747619e-03	0.000000000000000000e+00	0.000000000000000000e+00	0.000000000000000000e+00	0.000000000000000000e+00	6.313169390325923835e+00
1.784206030150753719e+01	1.915474367641229136e+00	9.753121389693468757e-01	3.506049258731328777e+00	-1.733227555073814374e-02	-1.979157530842135665e-02	-8.909047192306646101e-02	3.470717287250219170e-03	4.273958558710580849e-03	0.000000000000000000e+00	0.000000000000000000e+00	0.000000000000000000e+00	0.000000000000000000e+00	6.278366118405639185e+00
1.796763819095477288e+01	1.914403648287076987e+00	9.655211773380268925e-01	3.480960583259772090e+00	-1.514028460438800704e-02	-1.474333140602128445e-02	-9.128397274661531613e-02	1.578712415080159174e-03	2.423965391635950380e-03	0.000000000000000000e+00	0.000000000000000000e+00	0.000000000000000000e+00	0.000000000000000000e+00	6.243720497934567959e+00
1.809321608040200857e+01	1.913326375210230967e+00	9.557596198001850896e-01	3.455910775154424464e+00	-1.293622083923843223e-02	-9.658529625439485691e-03	-9.333967188912219159e-02	-3.736890962221864885e-04	6.351648068098063749e-04	0.000000000000000000e+00	0.000000000000000000e+00	0.000000000000000000e+00	0.000000000000000000e+00	6.209323823521628150e+00
1.821879396984924426e+01	1.912242567254928360e+00	9.460284499080168219e-01	3.430902103381719748e+00	-1.072499276863389181e-02	-4.549284500432028942e-03	-9.526325181634891226e-02	-2.345731639615012201e-03	-1.036334010215965743e-03	0.000000000000000000e+00	0.000000000000000000e+00	0.000000000000000000e+00	0.000000000000000000e+00	6.175253525809418775e+00
1.834437185929647995e+01	1.911152243356855962e+00	9.363286340339403990e-01	3.405936802722531631e+00	-8.511292171926521793e-03	5.728361853198026508e-04	-9.705993559809954208e-02	-4.299690995759295441e-03	-2.550934048552214693e-03	0.000000000000000000e+00	0.000000000000000000e+00	0.000000000000000000e+00	0.000000000000000000e+00	6.141568663484311408e+00
1.846994974874371920e+01	1.910055422542410675e+00	9.266611213228173050e-01	3.381017073663281192e+00	-6.299595396094276149e-03	5.696802718300623784e-03	-9.873460067062138357e-02	-6.201772522209179905e-03	-3.886645934289249035e-03	0.000000000000000000e+00	0.000000000000000000e+00	0.000000000000000000e+00	0.000000000000000000e+00	6.108307805723595330e+00
1.859552763819095489e+01	1.908952123927959654e+00	9.170268436507575949e-01	3.356145082300031390e+00	-4.094164842725705154e-03	1.081211470866783736e-02	-1.002918913018758379e-01	-8.022633777081997208e-03	-5.037967832267858763e-03	0.000000000000000000e+00	0.000000000000000000e+00	0.000000000000000000e+00	0.000000000000000000e+00	6.075489506833464226e+00
1.872110552763819058e+01	1.907842366719096017e+00	9.074267155904210957e-01	3.331322960255343357e+00	-1.899050627090107272e-03	1.590879237903116555e-02	-1.017363279403749737e-01	-9.737551725182565579e-03	-6.012779529494838814e-03	0.000000000000000000e+00	0.000000000000000000e+00	0.000000000000000000e+00	0.000000000000000000e+00	6.043115125121749642e+00
1.884668341708542627e+01	1.906726170209896987e+00	8.978616343827260371e-01	3.306552804607751472e+00	2.819076028449406029e-04	2.097736798277800851e-02	-1.030724117004524487e-01	-1.132628221370972181e-02	-6.827893025473690675e-03	0.000000000000000000e+00	0.000000000000000000e+00	0.000000000000000000e+00	0.000000000000000000e+00	6.011173297846361230e+00
1.897226130653266196e+01	1.905603553782173831e+00	8.883324799148695217e-01	3.281836677833622762e+00	2.445078698339708811e-03	2.600887743714257183e-02	-1.043047223354517938e-01	-1.277267804647286460e-02	-7.504200244389402745e-03	0.000000000000000000e+00	0.000000000000000000e+00	0.000000000000000000e+00	0.000000000000000000e+00	5.979645067039834672e+00
1.909783919597989765e+01	1.904474536904725346e+00	8.788401147045695749e-01	3.257176607761234077e+00	4.587037902285636369e-03	3.099485224571311634e-02	-1.054380081706382949e-01	-1.406413995353450984e-02	-8.062444007635661408e-03	0.000000000000000000e+00	0.000000000000000000e+00	0.000000000000000000e+00	0.000000000000000000e+00	5.948508557386719353e+00
1.922341708542713334e+01	1.903339139132585789e+00	8.693853838904300746e-01	3.232574587536856114e+00	6.704564610190158480e-03	3.592731177330268921e-02	-1.064772666049636080e-01	-1.519097244047610401e-02	-8.520456933881639591e-03	0.000000000000000000e+00	0.000000000000000000e+00	0.000000000000000000e+00	0.000000000000000000e+00	5.917742290964041807e+00
1.934899497487436903e+01	1.902197380106272373e+00	8.599691152283367446e-01	3.208032575602648429e+00	8.794640006359846079e-03	4.079875592323566752e-02	-1.074278139408403748e-01	-1.614570639619628337e-02	-8.892283178030348234e-03	0.000000000000000000e+00	0.000000000000000000e+00	0.000000000000000000e+00	0.000000000000000000e+00	5.887326663351784894e+00
1.947457286432160828e+01	1.901049279551030757e+00	8.505921190937840715e-01	3.183552495686172712e+00	1.085444458037357167e-02	4.560215825328185063e-02	-1.082953434601347797e-01	-1.692243637816510590e-02	-9.189023247303805195e-03	0.000000000000000000e+00	0.000000000000000000e+00	0.000000000000000000e+00	0.000000000000000000e+00	5.857243694079039997e+00
1.960015075376884397e+01	1.899894857276078319e+00	8.412551884900379973e-01	3.159136236801318720e+00	1.288135552740518608e-02	5.033095955193123833e-02	-1.090859708295996433e-01	-1.751620699238450388e-02	-9.420693187229430693e-03	0.000000000000000000e+00	0.000000000000000000e+00	0.000000000000000000e+00	0.000000000000000000e+00	5.827475726637557862e+00
1.972572864321607966e+01	1.898734133173846539e+00	8.319590990620315818e-01	3.134785653260437677e+00	1.487294403444102894e-02	5.497906188166630514e-02	-1.098062660877771463e-01	-1.792247321685103145e-02	-9.598054573746246654e-03	0.000000000000000000e+00	0.000000000000000000e+00	0.000000000000000000e+00	0.000000000000000000e+00	5.798004097534048995e+00
1.985130653266331535e+01	1.897567127219220717e+00	8.227046091158981556e-01	3.110502564697487760e+00	1.682697245295361119e-02	5.954082308054894218e-02	-1.104632716366237000e-01	-1.813665552870694780e-02	-9.733387519726731732e-03	0.000000000000000000e+00	0.000000000000000000e+00	0.000000000000000000e+00	0.000000000000000000e+00	5.768808781881052283e+00
1.997688442211055104e+01	1.896393859468777920e+00	8.134924596440399336e-01	3.086288756101985609e+00	1.874139135719204291e-02	6.401105169811853457e-02	-1.110645058340384433e-01	-1.815381165815915104e-02	-9.839567277306650317e-03	0.000000000000000000e+00	0.000000000000000000e+00	0.000000000000000000e+00	0.000000000000000000e+00	5.739869633500609858e+00
2.010246231155778673e+01	1.895214350060024477e+00	8.043233743556308379e-01	3.062145977863558244e+00	2.061433648592320492e-02	6.838500232646062271e-02	-1.116179519582272267e-01	-1.796845006620949661e-02	-9.927448613752888965e-03	0.000000000000000000e+00	0.000000000000000000e+00	0.000000000000000000e+00	0.000000000000000000e+00	5.711169190453407651e+00
2.022804020100502242e+01	1.894028619210630815e+00	7.951980597124517214e-01	3.038075945826891999e+00	2.244412556426126151e-02	7.265837127269250684e-02	-1.121320324918241157e-01	-1.757451208999511252e-02	-1.000223660233406052e-02	0.000000000000000000e+00	0.000000000000000000e+00	0.000000000000000000e+00	0.000000000000000000e+00	5.682696340402774382e+00
2.035361809045226167e+01	1.892836687217665403e+00	7.861172049699577391e-01	3.014080341356875525e+00	2.422925500115813771e-02	7.682729250522388198e-02	-1.126155688538298116e-01	-1.696554657063270924e-02	-1.005997942734359468e-02	0.000000000000000000e+00	0.000000000000000000e+00	0.000000000000000000e+00	0.000000000000000000e+00	5.654449686199074065e+00
2.047919597989949736e+01	1.891638574456827149e+00	7.770814822234755059e-01	2.990160811413731246e+00	2.596839645722588338e-02	8.088833379326774986e-02	-1.130777268916210998e-01	-1.613509056305361886e-02	-1.008538579993563562e-02	0.000000000000000000e+00	0.000000000000000000e+00	0.000000000000000000e+00	0.000000000000000000e+00	5.626439395089917639e+00
2.060477386934673305e+01	1.890434301381675120e+00	7.680915464594206821e-01	2.966318968637925657e+00	2.766039327683960866e-02	8.483849294743668612e-02	-1.135279486343849231e-01	-1.507725255006608575e-02	-1.005182124517729758e-02	0.000000000000000000e+00	0.000000000000000000e+00	0.000000000000000000e+00	0.000000000000000000e+00	5.598686680273670113e+00
2.073035175879396874e+01	1.889223888522859607e+00	7.591480356114469474e-01	2.942556391444659969e+00	2.930425677794787007e-02	8.867519405910517794e-02	-1.139758710038523415e-01	-1.378747288817136658e-02	-9.923704125181634361e-03	0.000000000000000000e+00	0.000000000000000000e+00	0.000000000000000000e+00	0.000000000000000000e+00	5.571220718398814498e+00
2.085592964824120443e+01	1.888007356487348742e+00	7.502515706214079039e-01	2.918874624127735906e+00	3.089916239269754894e-02	9.239628362773091852e-02	-1.144312323782165214e-01	-1.226341410977375111e-02	-9.660832542212944088e-03	0.000000000000000000e+00	0.000000000000000000e+00	0.000000000000000000e+00	0.000000000000000000e+00	5.544073518226716679e+00
2.098150753768844012e+01	1.886784725957656672e+00	7.414027555050384244e-01	2.895275176972584852e+00	3.244444565189560231e-02	9.600002645875495288e-02	-1.149037681098687425e-01	-1.050591579531564776e-02	-9.223660273061425746e-03	0.000000000000000000e+00	0.000000000000000000e+00	0.000000000000000000e+00	0.000000000000000000e+00	5.517273786367685062e+00
2.110708542713567581e+01	1.885556017691067510e+00	7.326021774222487570e-01	2.871759526378265814e+00	3.393959800645985486e-02	9.948510121014318697e-02	-1.154030963057445514e-01	-8.519938789759507261e-03	-8.578353979308804556e-03	0.000000000000000000e+00	0.000000000000000000e+00	0.000000000000000000e+00	0.000000000000000000e+00	5.490841031633372005e+00
2.123266331658291151e+01	1.884321252518862400e+00	7.238504067519282437e-01	2.848329114988222610e+00	3.538426247938733504e-02	1.028505954632880637e-01	-1.159385953881775372e-01	-6.315423495804202078e-03	-7.700628658373179052e-03	0.000000000000000000e+00	0.000000000000000000e+00	0.000000000000000000e+00	0.000000000000000000e+00	5.464780984659332042e+00
2.135824120603015075e+01	1.883080451345539252e+00	7.151479971711548478e-01	2.824985351829599090e+00	3.677822914236716922e-02	1.060960001939148523e-01	-1.165192751610631544e-01	-3.907996441850311933e-03	-6.577780535627453934e-03	0.000000000000000000e+00	0.000000000000000000e+00	0.000000000000000000e+00	0.000000000000000000e+00	5.439082977544034136e+00
2.148381909547738644e+01	1.881833635148038697e+00	7.064954857387086840e-01	2.801729612460909014e+00	3.812143041200106303e-02	1.092212035209343124e-01	-1.171536433066116545e-01	-1.319475809908745179e-03	-5.208857117196159792e-03	0.000000000000000000e+00	0.000000000000000000e+00	0.000000000000000000e+00	0.000000000000000000e+00	5.413719391046875273e+00
2.160939698492462213e+01	1.880580824974962928e+00	6.978933929827833005e-01	2.778563239127862072e+00	3.941393616164586694e-02	1.122264836158564233e-01	-1.178495694271016886e-01	1.421853684558836315e-03	-3.603360921642740321e-03	0.000000000000000000e+00	0.000000000000000000e+00	0.000000000000000000e+00	0.000000000000000000e+00	5.388646800198925391e+00
2.173497487437185782e+01	1.879322041945796107e+00	6.893422229927965716e-01	2.755487540927138657e+00	4.065594864615901943e-02	1.151125006624365288e-01	-1.186141489181024578e-01	4.281207288509397343e-03	-1.779161957807669139e-03	0.000000000000000000e+00	0.000000000000000000e+00	0.000000000000000000e+00	0.000000000000000000e+00	5.363808151586926698e+00
2.186055276381909351e+01	1.878057307250124319e+00	6.808424635151939519e-01	2.732503793977925088e+00	4.184779723828298964e-02	1.178802877655969888e-01	-1.194535691084462475e-01	7.217504013402554694e-03	2.396494371472356283e-04	0.000000000000000000e+00	0.000000000000000000e+00	0.000000000000000000e+00	0.000000000000000000e+00	5.339135234089225968e+00
2.198613065326632920e+01	1.876786642146854422e+00	6.723945860531441721e-01	2.709613241600998812e+00	4.298993297704426647e-02	1.205312407202739911e-01	-1.203729802211692401e-01	1.018379471394808417e-02	2.424379719127212150e-03	0.000000000000000000e+00	0.000000000000000000e+00	0.000000000000000000e+00	0.000000000000000000e+00	5.314550837710221742e+00
2.211170854271356490e+01	1.875510067963430894e+00	6.639990459700244596e-01	2.686817094505170811e+00	4.408292293032251008e-02	1.230671065645170675e-01	-1.213763737921196711e-01	1.312789830473888933e-02	4.742500139951571353e-03	0.000000000000000000e+00	0.000000000000000000e+00	0.000000000000000000e+00	0.000000000000000000e+00	5.289970262586037641e+00
2.223728643216080414e+01	1.874227606095052012e+00	6.556562825965939201e-01	2.664116530980888520e+00	4.512744437566919287e-02	1.254899708567794869e-01	-1.224664712223084845e-01	1.599323123580551065e-02	7.157556774336159243e-03	0.000000000000000000e+00	0.000000000000000000e+00	0.000000000000000000e+00	0.000000000000000000e+00	5.265302151692816679e+00
2.236286432160803983e+01	1.872939278003887376e+00	6.473667193417546040e-01	2.641512697100811824e+00	4.612427880546232650e-02	1.278022436346102908e-01	-1.236446251303458532e-01	1.871981859962074113e-02	9.628479959759033216e-03	0.000000000000000000e+00	0.000000000000000000e+00	0.000000000000000000e+00	0.000000000000000000e+00	5.240448890315560604e+00
2.248844221105527552e+01	1.871645105218292082e+00	6.391307638067968977e-01	2.619006706927148542e+00	4.707430576457546922e-02	1.300066440306865412e-01	-1.249107361069214106e-01	2.124547796348199430e-02	1.210871286040350082e-02	0.000000000000000000e+00	0.000000000000000000e+00	0.000000000000000000e+00	0.000000000000000000e+00	5.215306980464463393e+00
2.261402010050251121e+01	1.870345109332022915e+00	6.309488079030322050e-01	2.596599642725575752e+00	4.797849653085664579e-02	1.321061835419793662e-01	-1.262631873498123447e-01	2.350716723288881829e-02	1.454561119051961914e-02	0.000000000000000000e+00	0.000000000000000000e+00	0.000000000000000000e+00	0.000000000000000000e+00	5.189767831107062968e+00
2.273959798994974690e+01	1.869039312003450526e+00	6.228212279727119993e-01	2.574292555185550224e+00	4.883790765084191493e-02	1.341041479685340654e-01	-1.276987994720076014e-01	2.544248456910386605e-02	1.688047792882469908e-02	0.000000000000000000e+00	0.000000000000000000e+00	0.000000000000000000e+00	0.000000000000000000e+00	5.163719313807010991e+00
2.286517587939698259e+01	1.867727734954774288e+00	6.147483849131317735e-01	2.552086463646811687e+00	4.965367434522403867e-02	1.360040780595074272e-01	-1.292128075253718422e-01	2.699130175189987449e-02	1.904942624758503358e-02	0.000000000000000000e+00	0.000000000000000000e+00	0.000000000000000000e+00	0.000000000000000000e+00	5.137048256393561552e+00
2.299075376884421829e+01	1.866410399971235368e+00	6.067306243038258495e-01	2.529982356331899940e+00	5.042700380062880433e-02	1.378097489253872487e-01	-1.307988619676335174e-01	2.809750349112274601e-02	2.098506401244999015e-02	0.000000000000000000e+00	0.000000000000000000e+00	0.000000000000000000e+00	0.000000000000000000e+00	5.109643838868916710e+00
2.311633165829145398e+01	1.865087328900328911e+00	5.987682765367516868e-01	2.507981190584493980e+00	5.115916836618546876e-02	1.395251482963414391e-01	-1.324490549229968839e-01	2.871079568674340249e-02	2.261881626947107038e-02	0.000000000000000000e+00	0.000000000000000000e+00	0.000000000000000000e+00	0.000000000000000000e+00	5.081401669717318548e+00
2.324190954773869322e+01	1.863758543651016897e+00	5.908616569493669868e-01	2.486083893113387067e+00	5.185149867518280137e-02	1.411544537270352229e-01	-1.341539726499515750e-01	2.878853719572664963e-02	2.388358658037032997e-02	0.000000000000000000e+00	0.000000000000000000e+00	0.000000000000000000e+00	0.000000000000000000e+00	5.052228197242135010e+00
2.336748743718592891e+01	1.862424066192938765e+00	5.830110659605047818e-01	2.464291360241916085e+00	5.250537671374012200e-02	1.427020088676213272e-01	-1.359027746395889968e-01	2.829754354262583108e-02	2.471642270668103838e-02	0.000000000000000000e+00	0.000000000000000000e+00	0.000000000000000000e+00	0.000000000000000000e+00	5.022045069586439148e+00
2.349306532663316460e+01	1.861083918555625605e+00	5.752167892089484758e-01	2.442604458162667136e+00	5.312222885987737120e-02	1.441722989386019504e-01	-1.376832992317143234e-01	2.721580773560782970e-02	2.506089674550913624e-02	0.000000000000000000e+00	0.000000000000000000e+00	0.000000000000000000e+00	0.000000000000000000e+00	4.990793098975123243e+00
2.361864321608040029e+01	1.859738122827707896e+00	5.674790976946127996e-01	2.421024023197265951e+00	5.370351891759769097e-02	1.455699255635124478e-01	-1.394821950641937647e-01	2.553408262463047196e-02	2.486901888550321904e-02	0.000000000000000000e+00	0.000000000000000000e+00	0.000000000000000000e+00	0.000000000000000000e+00	4.958435594646636524e+00
2.374422110552763598e+01	1.858386701156129250e+00	5.597982479222379792e-01	2.399550862061087919e+00	5.425074117158983078e-02	1.468995811275634888e-01	-1.412850770752257790e-01	2.325727008064280496e-02	2.410265067378634940e-02	0.000000000000000000e+00	0.000000000000000000e+00	0.000000000000000000e+00	0.000000000000000000e+00	4.924960977117810224e+00
2.386979899497487168e+01	1.857029675745356823e+00	5.521744820475004145e-01	2.378185752132703890e+00	5.476541348889216176e-02	1.481660228422178593e-01	-1.430767051723434158e-01	2.040556333265971731e-02	2.273453390489878559e-02	0.000000000000000000e+00	0.000000000000000000e+00	0.000000000000000000e+00	0.000000000000000000e+00	4.890384738321886360e+00
2.399537688442210737e+01	1.855667068856591273e+00	5.446080280254499417e-01	2.356929441727881880e+00	5.524907049431496131e-02	1.493740467048859932e-01	-1.448411830813776391e-01	1.701528877735760878e-02	2.074916914874448681e-02	0.000000000000000000e+00	0.000000000000000000e+00	0.000000000000000000e+00	0.000000000000000000e+00	4.854750930653847441e+00
2.412095477386934661e+01	1.854298902806978733e+00	5.370990997611804207e-01	2.335782650377984826e+00	5.570325684659230975e-02	1.505284615493202860e-01	-1.465621743100038732e-01	1.313939166410933897e-02	1.814383400223514714e-02	0.000000000000000000e+00	0.000000000000000000e+00	0.000000000000000000e+00	0.000000000000000000e+00	4.818133422698396728e+00
2.424653266331658230e+01	1.852925199968820325e+00	5.296478972626438297e-01	2.314746069112581406e+00	5.612952064211201159e-02	1.516340633856822495e-01	-1.482231316214759620e-01	8.847506280656960986e-03	1.493000979044344784e-02	0.000000000000000000e+00	0.000000000000000000e+00	0.000000000000000000e+00	0.000000000000000000e+00	4.780637134821463796e+00
2.437211055276381799e+01	1.851545982768783682e+00	5.222546067955157190e-01	2.293820360746100739e+00	5.652940697265936704e-02	1.526956102295651263e-01	-1.498075359326649370e-01	4.225546664714318473e-03	1.113538844129833942e-02	0.000000000000000000e+00	0.000000000000000000e+00	0.000000000000000000e+00	0.000000000000000000e+00	4.742399366685972062e+00
2.449768844221105368e+01	1.850161273687113805e+00	5.149194010400260924e-01	2.273006160168373313e+00	5.690445166290325485e-02	1.537177976164076088e-01	-1.512991401443771200e-01	-6.252495044609785542e-04	6.806475219491700188e-03	0.000000000000000000e+00	0.000000000000000000e+00	0.000000000000000000e+00	0.000000000000000000e+00	4.703591169745477529e+00
2.462326633165828937e+01	1.848771095256842800e+00	5.076424392496644566e-01	2.252304074638880049e+00	5.725617521236698454e-02	1.547052349917649172e-01	-1.526822130980907688e-01	-5.589890487268271008e-03	2.011612897630752142e-03	0.000000000000000000e+00	0.000000000000000000e+00	0.000000000000000000e+00	0.000000000000000000e+00	4.664418528661790297e+00
2.474884422110552507e+01	1.847375470063002290e+00	5.004238674116736618e-01	2.231714684084553202e+00	5.758607696536591214e-02	1.556624231588649154e-01	-1.539417786471778127e-01	-1.054187221914414455e-02	-3.155944116254205851e-03	0.000000000000000000e+00	0.000000000000000000e+00	0.000000000000000000e+00	0.000000000000000000e+00	4.625122926700884207e+00
2.487442211055276076e+01	1.845974420741834043e+00	4.932638184092444922e-01	2.211238541400963431e+00	5.789562953088595032e-02	1.565937329529238919e-01	-1.550638447456186564e-01	-1.534613258585435479e-02	-8.575454988418187291e-03	0.000000000000000000e+00	0.000000000000000000e+00	0.000000000000000000e+00	0.000000000000000000e+00	4.585980710715961806e+00
2.500000000000000000e+01	1.844567969980001720e+00	4.861624121853268532e-01	2.190876172756731410e+00	5.818627347263208988e-02	1.575033852970048054e-01	-1.560356175034881832e-01	-1.986272774484997700e-02	-1.409729969643128134e-02	0.000000000000000000e+00	0.000000000000000000e+00	0.000000000000000000e+00	0.000000000000000000e+00	4.547300568746927674e+00
