# q (inverse Anstrom)	f(q): 1s	f(q): 2s	f(q): 2p	f(q): 3s	f(q): 3p	f(q): 3d	f(q): 4s	f(q): total
1.000000000000000021e-02	1.998225987388563496e+00	1.998225987388563496e+00
1.355778894472361717e-01	1.996377241703827465e+00	1.996377241703827465e+00
2.611557788944723346e-01	1.991353553646963981e+00	1.991353553646963981e+00
3.867336683417085252e-01	1.983195150458121558e+00	1.983195150458121558e+00
5.123115577889446604e-01	1.971966857267151596e+00	1.971966857267151596e+00
6.378894472361807955e-01	1.957756878234385045e+00	1.957756878234385045e+00
7.634673366834170416e-01	1.940675164322221313e+00	1.940675164322221313e+00
8.890452261306531767e-01	1.920851422684846543e+00	1.920851422684846543e+00
1.014623115577889312e+00	1.898432832201698561e+00	1.898432832201698561e+00
1.140201005025125447e+00	1.873581536542312520e+00	1.873581536542312520e+00
1.265778894472361582e+00	1.846471989625398935e+00	1.846471989625398935e+00
1.391356783919597717e+00	1.817288228468959321e+00	1.817288228468959321e+00
1.516934673366834074e+00	1.786221145470744842e+00	1.786221145470744842e+00
1.642512562814070209e+00	1.753465826522988991e+00	1.753465826522988991e+00
1.768090452261306345e+00	1.719219013581998023e+00	1.719219013581998023e+00
1.893668341708542480e+00	1.683676740977325892e+00	1.683676740977325892e+00
2.019246231155778393e+00	1.647032184468968374e+00	1.647032184468968374e+00
2.144824120603014528e+00	1.609473751430255728e+00	1.609473751430255728e+00
2.270402010050250663e+00	1.571183430074921006e+00	1.571183430074921006e+00
2.395979899497486798e+00	1.532335405802159212e+00	1.532335405802159212e+00
2.521557788944722933e+00	1.493094943850183487e+00	1.493094943850183487e+00
2.647135678391959068e+00	1.453617529774042127e+00	1.453617529774042127e+00
2.772713567839195203e+00	1.414048252948432394e+00	1.414048252948432394e+00
2.898291457286431339e+00	1.374521413405355830e+00	1.374521413405355830e+00
3.023869346733667918e+00	1.335160328839585242e+00	1.335160328839585242e+00
3.149447236180904053e+00	1.296077316481565544e+00	1.296077316481565544e+00
3.275025125628140188e+00	1.257373823630505649e+00	1.257373823630505649e+00
3.400603015075376323e+00	1.219140680810040456e+00	1.219140680810040456e+00
3.526180904522612458e+00	1.181458452583644680e+00	1.181458452583644680e+00
3.651758793969848593e+00	1.144397862864891868e+00	1.144397862864891868e+00
3.777336683417084728e+00	1.108020273894309904e+00	1.108020273894309904e+00
3.902914572864320863e+00	1.072378200750455646e+00	1.072378200750455646e+00
4.028492462311556999e+00	1.037515846148814536e+00	1.037515846148814536e+00
4.154070351758793578e+00	1.003469643204025541e+00	1.003469643204025541e+00
4.279648241206029269e+00	9.702687966529575103e-01	9.702687966529575103e-01
4.405226130653265848e+00	9.379358156436737870e-01	9.379358156436737870e-01
4.530804020100501539e+00	9.064870334970427379e-01	9.064870334970427379e-01
4.656381909547738118e+00	8.759331117772743980e-01	8.759331117772743980e-01
4.781959798994973809e+00	8.462795275245369453e-01	8.462795275245369453e-01
4.907537688442210388e+00	8.175270435925762191e-01	8.175270435925762191e-01
5.033115577889446079e+00	7.896721627079066330e-01	7.896721627079066330e-01
5.158693467336682659e+00	7.627075661589093336e-01	7.627075661589093336e-01
5.284271356783918350e+00	7.366225379876835122e-01	7.366225379876835122e-01
5.409849246231154929e+00	7.114033752651358622e-01	7.114033752651358622e-01
5.535427135678390620e+00	6.870337845616041328e-01	6.870337845616041328e-01
5.661005025125627199e+00	6.634952641667924977e-01	6.634952641667924977e-01
5.786582914572862890e+00	6.407674710479103197e-01	6.407674710479103197e-01
5.912160804020099469e+00	6.188285710399569206e-01	6.188285710399569206e-01
6.037738693467336049e+00	5.976555704006076830e-01	5.976555704006076830e-01
6.163316582914571740e+00	5.772246266805858284e-01	5.772246266805858284e-01
6.288894472361808319e+00	5.575113368852407936e-01	5.575113368852407936e-01
6.414472361809044010e+00	5.384910011393383433e-01	5.384910011393383433e-01
6.540050251256280589e+00	5.201388604984821251e-01	5.201388604984821251e-01
6.665628140703516280e+00	5.024303081411519711e-01	5.024303081411519711e-01
6.791206030150752859e+00	4.853410738725539297e-01	4.853410738725539297e-01
6.916783919597988550e+00	4.688473826110146625e-01	4.688473826110146625e-01
7.042361809045225129e+00	4.529260882390735987e-01	4.529260882390735987e-01
7.167939698492460820e+00	4.375547848148426122e-01	4.375547848148426122e-01
7.293517587939697400e+00	4.227118975920516331e-01	4.227118975920516331e-01
7.419095477386933091e+00	4.083767565408835121e-01	4.083767565408835121e-01
7.544673366834169670e+00	3.945296550670644442e-01	3.945296550670644442e-01
7.670251256281405361e+00	3.811518963880726751e-01	3.811518963880726751e-01
7.795829145728641940e+00	3.682258295623755950e-01	3.682258295623755950e-01
7.921407035175877631e+00	3.557348765247165812e-01	3.557348765247165812e-01
8.046984924623114210e+00	3.436635507235829556e-01	3.436635507235829556e-01
8.172562814070349901e+00	3.319974671681262257e-01	3.319974671681262257e-01
8.298140703517587369e+00	3.207233429613643994e-01	3.207233429613643994e-01
8.423718592964823060e+00	3.098289868143153103e-01	3.098289868143153103e-01
8.549296482412058751e+00	2.993032756813310824e-01	2.993032756813310824e-01
8.674874371859294442e+00	2.891361165903299502e-01	2.891361165903299502e-01
8.800452261306531909e+00	2.793183919952025862e-01	2.793183919952025862e-01
8.926030150753767600e+00	2.698418875505669279e-01	2.698418875505669279e-01
9.051608040201003291e+00	2.606992020646225483e-01	2.606992020646225483e-01
9.177185929648238982e+00	2.518836404531773487e-01	2.518836404531773487e-01
9.302763819095476450e+00	2.433890916971107321e-01	2.433890916971107321e-01
9.428341708542712141e+00	2.352098949772184755e-01	2.352098949772184755e-01
9.553919597989947832e+00	2.273406981981156982e-01	2.273406981981156982e-01
9.679497487437183523e+00	2.197763138975650787e-01	2.197763138975650787e-01
9.805075376884420990e+00	2.125115779720956610e-01	2.125115779720956610e-01
9.930653266331656681e+00	2.055412166717703049e-01	2.055412166717703049e-01
1.005623115577889237e+01	1.988597269082535701e-01	1.988597269082535701e-01
1.018180904522612984e+01	1.924612741110314773e-01	1.924612741110314773e-01
1.030738693467336553e+01	1.863396107331428964e-01	1.863396107331428964e-01
1.043296482412060122e+01	1.804880171646881803e-01	1.804880171646881803e-01
1.055854271356783691e+01	1.748992653988482582e-01	1.748992653988482582e-01
1.068412060301507438e+01	1.695656044576909216e-01	1.695656044576909216e-01
1.080969849246231007e+01	1.644787654589291159e-01	1.644787654589291159e-01
1.093527638190954576e+01	1.596299833967895765e-01	1.596299833967895765e-01
1.106085427135678145e+01	1.550100322850792300e-01	1.550100322850792300e-01
1.118643216080401892e+01	1.506092702837439623e-01	1.506092702837439623e-01
1.131201005025125461e+01	1.464176917668586764e-01	1.464176917668586764e-01
1.143758793969849030e+01	1.424249839113118643e-01	1.424249839113118643e-01
1.156316582914572599e+01	1.386205861808207374e-01	1.386205861808207374e-01
1.168874371859296346e+01	1.349937519228459892e-01	1.349937519228459892e-01
1.181432160804019915e+01	1.315336120615069326e-01	1.315336120615069326e-01
1.193989949748743484e+01	1.282292414506242817e-01	1.282292414506242817e-01
1.206547738693467231e+01	1.250697287712397299e-01	1.250697287712397299e-01
1.219105527638190800e+01	1.220442508799173958e-01	1.220442508799173958e-01
1.231663316582914369e+01	1.191421522415681278e-01	1.191421522415681278e-01
1.244221105527637938e+01	1.163530295552738514e-01	1.163530295552738514e-01
1.256778894472361685e+01	1.136668209757539655e-01	1.136668209757539655e-01
1.269336683417085254e+01	1.110738985382910826e-01	1.110738985382910826e-01
1.281894472361808823e+01	1.085651616098186195e-01	1.085651616098186195e-01
1.294452261306532392e+01	1.061321285072723553e-01	1.061321285072723553e-01
1.307010050251256139e+01	1.037670229248176812e-01	1.037670229248176812e-01
1.319567839195979708e+01	1.014628515500347189e-01	1.014628515500347189e-01
1.332125628140703277e+01	9.921346925444142484e-02	9.921346925444142484e-02
1.344683417085426846e+01	9.701362851690023548e-02	9.701362851690023548e-02
1.357241206030150593e+01	9.485901025492532446e-02	9.485901025492532446e-02
1.369798994974874162e+01	9.274623395314039731e-02	9.274623395314039731e-02
1.382356783919597731e+01	9.067284582993045960e-02	9.067284582993045960e-02
1.394914572864321300e+01	8.863728470486811895e-02	8.863728470486811895e-02
1.407472361809045047e+01	8.663882615242904373e-02	8.663882615242904373e-02
1.420030150753768616e+01	8.467750638930331142e-02	8.467750638930331142e-02
1.432587939698492185e+01	8.275402809164102147e-02	8.275402809164102147e-02
1.445145728643215932e+01	8.086965093765405288e-02	8.086965093765405288e-02
1.457703517587939501e+01	7.902607009912025748e-02	7.902607009912025748e-02
1.470261306532663070e+01	7.722528615770836435e-02	7.722528615770836435e-02
1.482819095477386639e+01	7.546947000852934073e-02	7.546947000852934073e-02
1.495376884422110386e+01	7.376082625571507567e-02	7.376082625571507567e-02
1.507934673366833955e+01	7.210145843321542902e-02	7.210145843321542902e-02
1.520492462311557524e+01	7.049323913282604104e-02	7.049323913282604104e-02
1.533050251256281094e+01	6.893768782549912488e-02	6.893768782549912488e-02
1.545608040201004840e+01	6.743585885289246629e-02	6.743585885289246629e-02
1.558165829145728409e+01	6.598824176951463560e-02	6.598824176951463560e-02
1.570723618090451978e+01	6.459467594936868506e-02	6.459467594936868506e-02
1.583281407035175548e+01	6.325428114333284113e-02	6.325428114333284113e-02
1.595839195979899294e+01	6.196540548413481675e-02	6.196540548413481675e-02
1.608396984924623041e+01	6.072559227581542096e-02	6.072559227581542096e-02
1.620954773869346610e+01	5.953156675820573535e-02	5.953156675820573535e-02
1.633512562814070179e+01	5.837924388344738896e-02	5.837924388344738896e-02
1.646070351758793748e+01	5.726375795774374389e-02	5.726375795774374389e-02
1.658628140703517673e+01	5.617951476423574397e-02	5.617951476423574397e-02
1.671185929648241242e+01	5.512026647176269251e-02	5.512026647176269251e-02
1.683743718592964811e+01	5.407920923401746127e-02	5.407920923401746127e-02
1.696301507537688380e+01	5.304910288602864704e-02	5.304910288602864704e-02
1.708859296482411949e+01	5.202241155029135172e-02	5.202241155029135172e-02
1.721417085427135518e+01	5.099146328271832174e-02	5.099146328271832174e-02
1.733974874371859087e+01	4.994862613765967824e-02	4.994862613765967824e-02
1.746532663316582656e+01	4.888649723888491283e-02	4.888649723888491283e-02
1.759090452261306581e+01	4.779810064439837802e-02	4.779810064439837802e-02
1.771648241206030150e+01	4.667708902772345347e-02	4.667708902772345347e-02
1.784206030150753719e+01	4.551794351106740188e-02	4.551794351106740188e-02
1.796763819095477288e+01	4.431616542235027739e-02	4.431616542235027739e-02
1.809321608040200857e+01	4.306845335358952531e-02	4.306845335358952531e-02
1.821879396984924426e+01	4.177285871472622564e-02	4.177285871472622564e-02
1.834437185929647995e+01	4.042891304162778143e-02	4.042891304162778143e-02
1.846994974874371920e+01	3.903772065918569706e-02	3.903772065918569706e-02
1.859552763819095489e+01	3.760201094004284733e-02	3.760201094004284733e-02
1.872110552763819058e+01	3.612614534473248401e-02	3.612614534473248401e-02
1.884668341708542627e+01	3.461607567456909812e-02	3.461607567456909812e-02
1.897226130653266196e+01	3.307925149398804193e-02	3.307925149398804193e-02
1.909783919597989765e+01	3.152447644731150300e-02	3.152447644731150300e-02
1.922341708542713334e+01	2.996171515220659443e-02	2.996171515220659443e-02
1.934899497487436903e+01	2.840185442754772013e-02	2.840185442754772013e-02
1.947457286432160828e+01	2.685642472033498290e-02	2.685642472033498290e-02
1.960015075376884397e+01	2.533728963454864175e-02	2.533728963454864175e-02
1.972572864321607966e+01	2.385631332434955468e-02	2.385631332434955468e-02
1.985130653266331535e+01	2.242501708029472074e-02	2.242501708029472074e-02
1.997688442211055104e+01	2.105423759781134552e-02	2.105423759781134552e-02
2.010246231155778673e+01	1.975380006974909730e-02	1.975380006974909730e-02
2.022804020100502242e+01	1.853221930598227679e-02	1.853221930598227679e-02
2.035361809045226167e+01	1.739644149701673886e-02	1.739644149701673886e-02
2.047919597989949736e+01	1.635163798535510873e-02	1.635163798535510873e-02
2.060477386934673305e+01	1.540106050979223734e-02	1.540106050979223734e-02
2.073035175879396874e+01	1.454596491076207317e-02	1.454596491076207317e-02
2.085592964824120443e+01	1.378560734085068455e-02	1.378560734085068455e-02
2.098150753768844012e+01	1.311731376503618395e-02	1.311731376503618395e-02
2.110708542713567581e+01	1.253662014245524557e-02	1.253662014245524557e-02
2.123266331658291151e+01	1.203747735606692029e-02	1.203747735606692029e-02
2.135824120603015075e+01	1.161251190191135707e-02	1.161251190191135707e-02
2.148381909547738644e+01	1.125333075549716198e-02	1.125333075549716198e-02
2.160939698492462213e+01	1.095085685949324580e-02	1.095085685949324580e-02
2.173497487437185782e+01	1.069568044167580612e-02	1.069568044167580612e-02
2.186055276381909351e+01	1.047841093991970680e-02	1.047841093991970680e-02
2.198613065326632920e+01	1.029001468989364232e-02	1.029001468989364232e-02
2.211170854271356490e+01	1.012212467297698114e-02	1.012212467297698114e-02
2.223728643216080414e+01	9.967310428693039459e-03	9.967310428693039459e-03
2.236286432160803983e+01	9.819298569856081335e-03	9.819298569856081335e-03
2.248844221105527552e+01	9.673137035291327207e-03	9.673137035291327207e-03
2.261402010050251121e+01	9.525299097951791735e-03	9.525299097951791735e-03
2.273959798994974690e+01	9.373726041137559264e-03	9.373726041137559264e-03
2.286517587939698259e+01	9.217810162531548876e-03	9.217810162531548876e-03
2.299075376884421829e+01	9.058322229503619830e-03	9.058322229503619830e-03
2.311633165829145398e+01	8.897289585168884768e-03	8.897289585168884768e-03
2.324190954773869322e+01	8.737832722728674714e-03	8.737832722728674714e-03
2.336748743718592891e+01	8.583969269632490268e-03	8.583969269632490268e-03
2.349306532663316460e+01	8.440394948783663115e-03	8.440394948783663115e-03
2.361864321608040029e+01	8.312251234539344211e-03	8.312251234539344211e-03
2.374422110552763598e+01	8.204889141747736744e-03	8.204889141747736744e-03
2.386979899497487168e+01	8.123637937736179898e-03	8.123637937736179898e-03
2.399537688442210737e+01	8.073586621440234992e-03	8.073586621440234992e-03
2.412095477386934661e+01	8.059384847083451292e-03	8.059384847083451292e-03
2.424653266331658230e+01	8.085068658584214016e-03	8.085068658584214016e-03
2.437211055276381799e+01	8.153915018294641270e-03	8.153915018294641270e-03
2.449768844221105368e+01	8.268327726485495688e-03	8.268327726485495688e-03
2.462326633165828937e+01	8.429755994402685776e-03	8.429755994402685776e-03
2.474884422110552507e+01	8.638645702125644435e-03	8.638645702125644435e-03
2.487442211055276076e+01	8.894422280656172700e-03	8.894422280656172700e-03
2.500000000000000000e+01	9.195503232701005003e-03	9.195503232701005003e-03
