# q (inverse Anstrom)	f(q): 1s	f(q): 2s	f(q): 2p	f(q): 3s	f(q): 3p	f(q): 3d	f(q): 4s	f(q): total
1.000000000000000021e-02	1.997875715140434716e+00	1.998191632616936442e+00	3.996489422764178290e+00	0.000000000000000000e+00	0.000000000000000000e+00	0.000000000000000000e+00	0.000000000000000000e+00	7.992556770521549225e+00
1.355778894472361717e-01	1.997793528866037338e+00	1.995725352492943694e+00	3.990231331138475390e+00	0.000000000000000000e+00	0.000000000000000000e+00	0.000000000000000000e+00	0.000000000000000000e+00	7.983750212497456644e+00
2.611557788944723346e-01	1.997569571777654041e+00	1.989022662420045551e+00	3.973251101713807465e+00	0.000000000000000000e+00	0.000000000000000000e+00	0.000000000000000000e+00	0.000000000000000000e+00	7.959843335911506834e+00
3.867336683417085252e-01	1.997203922575922164e+00	1.978134671674607103e+00	3.945753729331032300e+00	0.000000000000000000e+00	0.000000000000000000e+00	0.000000000000000000e+00	0.000000000000000000e+00	7.921092323581561345e+00
5.123115577889446604e-01	1.996696705380971215e+00	1.963143917696743124e+00	3.908067424507244425e+00	0.000000000000000000e+00	0.000000000000000000e+00	0.000000000000000000e+00	0.000000000000000000e+00	7.867908047584958986e+00
6.378894472361807955e-01	1.996048092227038273e+00	1.944163057640357017e+00	3.860634512965233966e+00	0.000000000000000000e+00	0.000000000000000000e+00	0.000000000000000000e+00	0.000000000000000000e+00	7.800845662832629479e+00
7.634673366834170416e-01	1.995258302960567942e+00	1.921333103973579037e+00	3.803999469500037645e+00	0.000000000000000000e+00	0.000000000000000000e+00	0.000000000000000000e+00	0.000000000000000000e+00	7.720590876434185290e+00
8.890452261306531767e-01	1.994327605071916087e+00	1.894821252330384898e+00	3.738794668637743790e+00	0.000000000000000000e+00	0.000000000000000000e+00	0.000000000000000000e+00	0.000000000000000000e+00	7.627943526040044553e+00
1.014623115577889312e+00	1.993256313485852971e+00	1.864818359138365134e+00	3.665724514900338349e+00	0.000000000000000000e+00	0.000000000000000000e+00	0.000000000000000000e+00	0.000000000000000000e+00	7.523799187524556231e+00
1.140201005025125447e+00	1.992044790314122071e+00	1.831536133926362719e+00	3.585548649545593936e+00	0.000000000000000000e+00	0.000000000000000000e+00	0.000000000000000000e+00	0.000000000000000000e+00	7.409129573786078282e+00
1.265778894472361582e+00	1.990693444571029369e+00	1.795204116040802544e+00	3.499064919013153308e+00	0.000000000000000000e+00	0.000000000000000000e+00	0.000000000000000000e+00	0.000000000000000000e+00	7.284962479624985221e+00
1.391356783919597717e+00	1.989202731852640627e+00	1.756066507702990664e+00	3.407092738276643384e+00	0.000000000000000000e+00	0.000000000000000000e+00	0.000000000000000000e+00	0.000000000000000000e+00	7.152361977832274675e+00
1.516934673366834074e+00	1.987573153980099150e+00	1.714378934993352699e+00	3.310457398135705720e+00	0.000000000000000000e+00	0.000000000000000000e+00	0.000000000000000000e+00	0.000000000000000000e+00	7.012409487109158235e+00
1.642512562814070209e+00	1.985805258607603152e+00	1.670405205647722990e+00	3.209975759142726481e+00	0.000000000000000000e+00	0.000000000000000000e+00	0.000000000000000000e+00	0.000000000000000000e+00	6.866186223398052846e+00
1.768090452261306345e+00	1.983899638795598497e+00	1.624414127793068374e+00	3.106443656758270055e+00	0.000000000000000000e+00	0.000000000000000000e+00	0.000000000000000000e+00	0.000000000000000000e+00	6.714757423346936704e+00
1.893668341708542480e+00	1.981856932549808326e+00	1.576676447308797746e+00	3.000625222248186841e+00	0.000000000000000000e+00	0.000000000000000000e+00	0.000000000000000000e+00	0.000000000000000000e+00	6.559158602106792912e+00
2.019246231155778393e+00	1.979677822326745495e+00	1.527461953795392624e+00	2.893244210125843985e+00	0.000000000000000000e+00	0.000000000000000000e+00	0.000000000000000000e+00	0.000000000000000000e+00	6.400383986247982548e+00
2.144824120603014528e+00	1.977363034506402384e+00	1.477036796602320790e+00	2.784977322046559678e+00	0.000000000000000000e+00	0.000000000000000000e+00	0.000000000000000000e+00	0.000000000000000000e+00	6.239377153155283295e+00
2.270402010050250663e+00	1.974913338832869236e+00	1.425661043440176412e+00	2.676449433329371352e+00	0.000000000000000000e+00	0.000000000000000000e+00	0.000000000000000000e+00	0.000000000000000000e+00	6.077023815602417223e+00
2.395979899497486798e+00	1.972329547823645335e+00	1.373586505172766481e+00	2.568230564038749275e+00	0.000000000000000000e+00	0.000000000000000000e+00	0.000000000000000000e+00	0.000000000000000000e+00	5.914146617035161313e+00
2.521557788944722933e+00	1.969612516148474546e+00	1.321054841796864832e+00	2.460834392337119425e+00	0.000000000000000000e+00	0.000000000000000000e+00	0.000000000000000000e+00	0.000000000000000000e+00	5.751501750282458580e+00
2.647135678391959068e+00	1.966763139978558561e+00	1.268295956649982514e+00	2.354718082686131808e+00	0.000000000000000000e+00	0.000000000000000000e+00	0.000000000000000000e+00	0.000000000000000000e+00	5.589777179314673106e+00
2.772713567839195203e+00	1.963782356307039345e+00	1.215526678748420908e+00	2.250283193401137805e+00	0.000000000000000000e+00	0.000000000000000000e+00	0.000000000000000000e+00	0.000000000000000000e+00	5.429592228456598058e+00
2.898291457286431339e+00	1.960671142241680487e+00	1.162949726985936350e+00	2.147877434281341813e+00	0.000000000000000000e+00	0.000000000000000000e+00	0.000000000000000000e+00	0.000000000000000000e+00	5.271498303508958649e+00
3.023869346733667918e+00	1.957430514270702915e+00	1.110752944786455254e+00	2.047797062365593224e+00	0.000000000000000000e+00	0.000000000000000000e+00	0.000000000000000000e+00	0.000000000000000000e+00	5.115980521422750726e+00
3.149447236180904053e+00	1.954061527502767515e+00	1.059108789711087795e+00	1.950289728982011361e+00	0.000000000000000000e+00	0.000000000000000000e+00	0.000000000000000000e+00	0.000000000000000000e+00	4.963460046195866227e+00
3.275025125628140188e+00	1.950565274882118283e+00	1.008174059428894154e+00	1.855557620939825902e+00	0.000000000000000000e+00	0.000000000000000000e+00	0.000000000000000000e+00	0.000000000000000000e+00	4.814296955250838117e+00
3.400603015075376323e+00	1.946942886379928517e+00	9.580898332932611394e-01	1.763760769993776734e+00	0.000000000000000000e+00	0.000000000000000000e+00	0.000000000000000000e+00	0.000000000000000000e+00	4.668793489666966501e+00
3.526180904522612458e+00	1.943195528162913854e+00	9.089816074164153159e-01	1.675020435040226463e+00	0.000000000000000000e+00	0.000000000000000000e+00	0.000000000000000000e+00	0.000000000000000000e+00	4.527197570619556188e+00
3.651758793969848593e+00	1.939324401740300630e+00	8.609596004847847039e-01	1.589422488830096070e+00	0.000000000000000000e+00	0.000000000000000000e+00	0.000000000000000000e+00	0.000000000000000000e+00	4.389706491055181736e+00
3.777336683417084728e+00	1.935330743090254879e+00	8.141192074852064975e-01	1.507020763829836962e+00	0.000000000000000000e+00	0.000000000000000000e+00	0.000000000000000000e+00	0.000000000000000000e+00	4.256470714405297784e+00
3.902914572864320863e+00	1.931215821766888885e+00	7.685415788989430341e-01	1.427840329358521343e+00	0.000000000000000000e+00	0.000000000000000000e+00	0.000000000000000000e+00	0.000000000000000000e+00	4.127597730024353595e+00
4.028492462311556999e+00	1.926980939988988784e+00	7.242943036606405149e-01	1.351880684014530098e+00	0.000000000000000000e+00	0.000000000000000000e+00	0.000000000000000000e+00	0.000000000000000000e+00	4.003155927664159286e+00
4.154070351758793578e+00	1.922627431711606105e+00	6.814321751812664196e-01	1.279118853984331228e+00	0.000000000000000000e+00	0.000000000000000000e+00	0.000000000000000000e+00	0.000000000000000000e+00	3.883178460877203531e+00
4.279648241206029269e+00	1.918156661681674535e+00	6.399980209227211780e-01	1.209512389888708794e+00	0.000000000000000000e+00	0.000000000000000000e+00	0.000000000000000000e+00	0.000000000000000000e+00	3.767667072493104286e+00
4.405226130653265848e+00	1.913570024478813858e+00	6.000235773285830243e-01	1.143002253522217293e+00	0.000000000000000000e+00	0.000000000000000000e+00	0.000000000000000000e+00	0.000000000000000000e+00	3.656595855329614508e+00
4.530804020100501539e+00	1.908868943542500807e+00	5.615303933162981709e-01	1.079515582544124275e+00	0.000000000000000000e+00	0.000000000000000000e+00	0.000000000000000000e+00	0.000000000000000000e+00	3.549914919402923363e+00
4.656381909547738118e+00	1.904054870186770998e+00	5.245307469889096685e-01	1.018968317289990377e+00	0.000000000000000000e+00	0.000000000000000000e+00	0.000000000000000000e+00	0.000000000000000000e+00	3.447553934465671155e+00
4.781959798994973809e+00	1.899129282603635449e+00	4.890285617059298429e-01	9.612676706742460109e-01	0.000000000000000000e+00	0.000000000000000000e+00	0.000000000000000000e+00	0.000000000000000000e+00	3.349425514983811247e+00
4.907537688442210388e+00	1.894093684856384741e+00	4.550203091456038185e-01	9.063144206571309702e-01	0.000000000000000000e+00	0.000000000000000000e+00	0.000000000000000000e+00	0.000000000000000000e+00	3.255428414659119696e+00
5.033115577889446079e+00	1.888949605863950776e+00	4.224958884803394210e-01	8.540050055870146428e-01	0.000000000000000000e+00	0.000000000000000000e+00	0.000000000000000000e+00	0.000000000000000000e+00	3.165450499931305117e+00
5.158693467336682659e+00	1.883698598377496314e+00	3.914394722602947962e-01	8.042334060945451890e-01	0.000000000000000000e+00	0.000000000000000000e+00	0.000000000000000000e+00	0.000000000000000000e+00	3.079371476732336355e+00
5.284271356783918350e+00	1.878342237950387794e+00	3.618303110441631332e-01	7.568928028560683030e-01	0.000000000000000000e+00	0.000000000000000000e+00	0.000000000000000000e+00	0.000000000000000000e+00	2.997065351850619397e+00
5.409849246231154929e+00	1.872882121902705865e+00	3.336434902180444029e-01	7.118770068117578065e-01	0.000000000000000000e+00	0.000000000000000000e+00	0.000000000000000000e+00	0.000000000000000000e+00	2.918402618932507853e+00
5.535427135678390620e+00	1.867319868281433148e+00	3.068506337904269854e-01	6.690816663753466065e-01	0.000000000000000000e+00	0.000000000000000000e+00	0.000000000000000000e+00	0.000000000000000000e+00	2.843252168447206962e+00
5.661005025125627199e+00	1.861657114817442560e+00	2.814205512323987302e-01	6.284052637113860529e-01	0.000000000000000000e+00	0.000000000000000000e+00	0.000000000000000000e+00	0.000000000000000000e+00	2.771482929761227343e+00
5.786582914572862890e+00	1.855895517880405743e+00	2.573198246384337806e-01	5.897499182041993082e-01	0.000000000000000000e+00	0.000000000000000000e+00	0.000000000000000000e+00	0.000000000000000000e+00	2.702965260723038554e+00
5.912160804020099469e+00	1.850036751432710069e+00	2.345133346087657777e-01	5.530220189134685826e-01	0.000000000000000000e+00	0.000000000000000000e+00	0.000000000000000000e+00	0.000000000000000000e+00	2.637572104954944319e+00
6.037738693467336049e+00	1.844082505983473119e+00	2.129647242976227262e-01	5.181327085649045650e-01	0.000000000000000000e+00	0.000000000000000000e+00	0.000000000000000000e+00	0.000000000000000000e+00	2.575179938846000383e+00
6.163316582914571740e+00	1.838034487543704021e+00	1.926368020341462095e-01	4.849982393768844657e-01	0.000000000000000000e+00	0.000000000000000000e+00	0.000000000000000000e+00	0.000000000000000000e+00	2.515669528954734613e+00
6.288894472361808319e+00	1.831894416583661034e+00	1.734918838092571469e-01	4.535402161911173957e-01	0.000000000000000000e+00	0.000000000000000000e+00	0.000000000000000000e+00	0.000000000000000000e+00	2.458926516584035493e+00
6.414472361809044010e+00	1.825664026993415012e+00	1.554920777381058605e-01	4.236857358368344983e-01	0.000000000000000000e+00	0.000000000000000000e+00	0.000000000000000000e+00	0.000000000000000000e+00	2.404841840568355593e+00
6.540050251256280589e+00	1.819345065047617505e+00	1.385995133598214579e-01	3.953674246416750693e-01	0.000000000000000000e+00	0.000000000000000000e+00	0.000000000000000000e+00	0.000000000000000000e+00	2.353312003049114143e+00
6.665628140703516280e+00	1.812939288375442271e+00	1.227765193277137595e-01	3.685233699015090791e-01	0.000000000000000000e+00	0.000000000000000000e+00	0.000000000000000000e+00	0.000000000000000000e+00	2.304239177604665123e+00
6.791206030150752859e+00	1.806448464936641685e+00	1.079857536736588131e-01	3.430969372672167950e-01	0.000000000000000000e+00	0.000000000000000000e+00	0.000000000000000000e+00	0.000000000000000000e+00	2.257531155877517293e+00
6.916783919597988550e+00	1.799874372004641954e+00	9.419029139505666337e-02	3.190364654316538706e-01	0.000000000000000000e+00	0.000000000000000000e+00	0.000000000000000000e+00	0.000000000000000000e+00	2.213101128831352682e+00
7.042361809045225129e+00	1.793218795157559775e+00	8.135367460111120330e-02	2.962948327307380891e-01	0.000000000000000000e+00	0.000000000000000000e+00	0.000000000000000000e+00	0.000000000000000000e+00	2.170867302489408956e+00
7.167939698492460820e+00	1.786483527278007966e+00	6.943993085231077445e-02	2.748288971890769372e-01	0.000000000000000000e+00	0.000000000000000000e+00	0.000000000000000000e+00	0.000000000000000000e+00	2.130752355319395885e+00
7.293517587939697400e+00	1.779670367562519839e+00	5.841356561481022419e-02	2.545988213384794419e-01	0.000000000000000000e+00	0.000000000000000000e+00	0.000000000000000000e+00	0.000000000000000000e+00	2.092682754515809318e+00
7.419095477386933091e+00	1.772781120541397248e+00	4.823953491111709901e-02	2.355673044101530000e-01	0.000000000000000000e+00	0.000000000000000000e+00	0.000000000000000000e+00	0.000000000000000000e+00	2.056587959862667514e+00
7.544673366834169670e+00	1.765817595109753224e+00	3.888320426318434692e-02	2.176987554399650859e-01	0.000000000000000000e+00	0.000000000000000000e+00	0.000000000000000000e+00	0.000000000000000000e+00	2.022399554812902789e+00
7.670251256281405361e+00	1.758781603570490626e+00	3.031029988163200586e-02	2.009584495180498920e-01	0.000000000000000000e+00	0.000000000000000000e+00	0.000000000000000000e+00	0.000000000000000000e+00	1.990050352970172520e+00
7.795829145728641940e+00	1.751674960689929561e+00	2.248685775046941823e-02	1.853117141871853391e-01	0.000000000000000000e+00	0.000000000000000000e+00	0.000000000000000000e+00	0.000000000000000000e+00	1.959473532627584280e+00
7.921407035175877631e+00	1.744499482766758369e+00	1.537917579437165713e-02	1.707231927467611765e-01	0.000000000000000000e+00	0.000000000000000000e+00	0.000000000000000000e+00	0.000000000000000000e+00	1.930601851307891303e+00
8.046984924623114210e+00	1.737256986714958096e+00	8.953773708739702283e-03	1.571562256624687570e-01	0.000000000000000000e+00	0.000000000000000000e+00	0.000000000000000000e+00	0.000000000000000000e+00	1.903366986086166612e+00
8.172562814070349901e+00	1.729949289161313519e+00	3.177364303880983107e-03	1.445723810399947851e-01	0.000000000000000000e+00	0.000000000000000000e+00	0.000000000000000000e+00	0.000000000000000000e+00	1.877699034505189379e+00
8.298140703517587369e+00	1.722578205558091158e+00	-1.983160606655323070e-03	1.329311516500219226e-01	0.000000000000000000e+00	0.000000000000000000e+00	0.000000000000000000e+00	0.000000000000000000e+00	1.853526196601457787e+00
8.423718592964823060e+00	1.715145549311438256e+00	-6.560727622809590064e-03	1.221898213257152782e-01	0.000000000000000000e+00	0.000000000000000000e+00	0.000000000000000000e+00	0.000000000000000000e+00	1.830774643014343894e+00
8.549296482412058751e+00	1.707653130926014784e+00	-1.058806123009201593e-02	1.123034899212085463e-01	0.000000000000000000e+00	0.000000000000000000e+00	0.000000000000000000e+00	0.000000000000000000e+00	1.809368559617131389e+00
8.674874371859294442e+00	1.700102757166346290e+00	-1.409764496526695957e-02	1.032252354104761516e-01	0.000000000000000000e+00	0.000000000000000000e+00	0.000000000000000000e+00	0.000000000000000000e+00	1.789230347611555416e+00
8.800452261306531909e+00	1.692496230235353227e+00	-1.712166475785350736e-02	9.490638548315567802e-02	0.000000000000000000e+00	0.000000000000000000e+00	0.000000000000000000e+00	0.000000000000000000e+00	1.770280950960655408e+00
8.926030150753767600e+00	1.684835346970471992e+00	-1.969193570438616814e-02	8.729686963687775803e-02	0.000000000000000000e+00	0.000000000000000000e+00	0.000000000000000000e+00	0.000000000000000000e+00	1.752440280902963554e+00
9.051608040201003291e+00	1.677121898057760019e+00	-2.183981421931659520e-02	8.034562580455001379e-02	0.000000000000000000e+00	0.000000000000000000e+00	0.000000000000000000e+00	0.000000000000000000e+00	1.735627709642993510e+00
9.177185929648238982e+00	1.669357667264345979e+00	-2.359609809342247400e-02	7.400104170767771161e-02	0.000000000000000000e+00	0.000000000000000000e+00	0.000000000000000000e+00	0.000000000000000000e+00	1.719762610878601272e+00
9.302763819095476450e+00	1.661544430689544605e+00	-2.499091747086325949e-02	6.821141860305839077e-02	0.000000000000000000e+00	0.000000000000000000e+00	0.000000000000000000e+00	0.000000000000000000e+00	1.704764931821739715e+00
9.428341708542712141e+00	1.653683956034944336e+00	-2.605362012656529253e-02	6.292545198986138066e-02	0.000000000000000000e+00	0.000000000000000000e+00	0.000000000000000000e+00	0.000000000000000000e+00	1.690555787898240458e+00
9.553919597989947832e+00	1.645778001893718701e+00	-2.681265468538330740e-02	5.809272855540766056e-02	0.000000000000000000e+00	0.000000000000000000e+00	0.000000000000000000e+00	0.000000000000000000e+00	1.677058075763742995e+00
9.679497487437183523e+00	1.637828317059415228e+00	-2.729545557273078960e-02	5.366424014999685715e-02	0.000000000000000000e+00	0.000000000000000000e+00	0.000000000000000000e+00	0.000000000000000000e+00	1.664197101636681442e+00
9.805075376884420990e+00	1.629836639854417069e+00	-2.752833352166130995e-02	4.959291364864729795e-02	0.000000000000000000e+00	0.000000000000000000e+00	0.000000000000000000e+00	0.000000000000000000e+00	1.651901219981402935e+00
9.930653266331656681e+00	1.621804697478265833e+00	-2.753637538120710243e-02	4.583415069622433224e-02	0.000000000000000000e+00	0.000000000000000000e+00	0.000000000000000000e+00	0.000000000000000000e+00	1.640102472793283139e+00
1.005623115577889237e+01	1.613734205375989106e+00	-2.734335677208886775e-02	4.234636466065675592e-02	0.000000000000000000e+00	0.000000000000000000e+00	0.000000000000000000e+00	0.000000000000000000e+00	1.628737213264557004e+00
1.018180904522612984e+01	1.605626866626567395e+00	-2.697167081625043150e-02	3.909149509592491079e-02	0.000000000000000000e+00	0.000000000000000000e+00	0.000000000000000000e+00	0.000000000000000000e+00	1.617746690906241902e+00
1.030738693467336553e+01	1.597484371351631571e+00	-2.644227572587171810e-02	3.603547413912381453e-02	0.000000000000000000e+00	0.000000000000000000e+00	0.000000000000000000e+00	0.000000000000000000e+00	1.607077569764883584e+00
1.043296482412060122e+01	1.589308396144464508e+00	-2.577466347940574748e-02	3.314861578962711997e-02	0.000000000000000000e+00	0.000000000000000000e+00	0.000000000000000000e+00	0.000000000000000000e+00	1.596682348454685707e+00
1.055854271356783691e+01	1.581100603519360215e+00	-2.498685114621548506e-02	3.040589875154997568e-02	0.000000000000000000e+00	0.000000000000000000e+00	0.000000000000000000e+00	0.000000000000000000e+00	1.586519651124694619e+00
1.068412060301507438e+01	1.572862641381356452e+00	-2.409539566362852922e-02	2.778711672079193368e-02	0.000000000000000000e+00	0.000000000000000000e+00	0.000000000000000000e+00	0.000000000000000000e+00	1.576554362438519874e+00
1.080969849246231007e+01	1.564596142516348154e+00	-2.311543204370010082e-02	2.527687637430554163e-02	0.000000000000000000e+00	0.000000000000000000e+00	0.000000000000000000e+00	0.000000000000000000e+00	1.566757586846953654e+00
1.093527638190954576e+01	1.556302724101554125e+00	-2.206073412114487736e-02	2.286443212709109510e-02	0.000000000000000000e+00	0.000000000000000000e+00	0.000000000000000000e+00	0.000000000000000000e+00	1.557106422107500165e+00
1.106085427135678145e+01	1.547983987236294601e+00	-2.094379608333607826e-02	2.054335691934670860e-02	0.000000000000000000e+00	0.000000000000000000e+00	0.000000000000000000e+00	0.000000000000000000e+00	1.547583548072305248e+00
1.118643216080401892e+01	1.539641516493016393e+00	-1.977593218573333450e-02	1.831105872657966260e-02	0.000000000000000000e+00	0.000000000000000000e+00	0.000000000000000000e+00	0.000000000000000000e+00	1.538176643033862590e+00
1.131201005025125461e+01	1.531276879488477238e+00	-1.856739129014056688e-02	1.616816205949749702e-02	0.000000000000000000e+00	0.000000000000000000e+00	0.000000000000000000e+00	0.000000000000000000e+00	1.528877650257834286e+00
1.143758793969849030e+01	1.522891626474984328e+00	-1.732748220569705483e-02	1.411778156036525705e-02	0.000000000000000000e+00	0.000000000000000000e+00	0.000000000000000000e+00	0.000000000000000000e+00	1.519681925829652558e+00
1.156316582914572599e+01	1.514487289951568005e+00	-1.606470529634639044e-02	1.216472033795962249e-02	0.000000000000000000e+00	0.000000000000000000e+00	0.000000000000000000e+00	0.000000000000000000e+00	1.510587304993181279e+00
1.168874371859296346e+01	1.506065384294939413e+00	-1.478688547060904093e-02	1.031462868846883332e-02	0.000000000000000000e+00	0.000000000000000000e+00	0.000000000000000000e+00	0.000000000000000000e+00	1.501593127512799164e+00
1.181432160804019915e+01	1.497627405410090651e+00	-1.350130150937597050e-02	8.573159424026855630e-03	0.000000000000000000e+00	0.000000000000000000e+00	0.000000000000000000e+00	0.000000000000000000e+00	1.492699263324741565e+00
1.193989949748743484e+01	1.489174830400338712e+00	-1.221480672651540506e-02	6.945154533621115435e-03	0.000000000000000000e+00	0.000000000000000000e+00	0.000000000000000000e+00	0.000000000000000000e+00	1.483905178207444608e+00
1.206547738693467231e+01	1.480709117256649776e+00	-1.093393619840025976e-02	5.433894858001368615e-03	0.000000000000000000e+00	0.000000000000000000e+00	0.000000000000000000e+00	0.000000000000000000e+00	1.475209075916250834e+00
1.219105527638190800e+01	1.472231704566016930e+00	-9.664996237011315439e-03	4.040440455860714805e-03	0.000000000000000000e+00	0.000000000000000000e+00	0.000000000000000000e+00	0.000000000000000000e+00	1.466607148784866421e+00
1.231663316582914369e+01	1.463744011238687026e+00	-8.414132404669370444e-03	2.763084918409912209e-03	0.000000000000000000e+00	0.000000000000000000e+00	0.000000000000000000e+00	0.000000000000000000e+00	1.458092963752427584e+00
1.244221105527637938e+01	1.455247436253998439e+00	-7.187373157794513072e-03	1.596942480647013793e-03	0.000000000000000000e+00	0.000000000000000000e+00	0.000000000000000000e+00	0.000000000000000000e+00	1.449657005576850954e+00
1.256778894472361685e+01	1.446743358424586123e+00	-5.990647137854542871e-03	5.336826395553980655e-04	0.000000000000000000e+00	0.000000000000000000e+00	0.000000000000000000e+00	0.000000000000000000e+00	1.441286393926286991e+00
1.269336683417085254e+01	1.438233136178703520e+00	-4.829773170522016525e-03	-4.385768029557668012e-04	0.000000000000000000e+00	0.000000000000000000e+00	0.000000000000000000e+00	0.000000000000000000e+00	1.432964786205225716e+00
1.281894472361808823e+01	1.429718107360387513e+00	-3.710423155553776477e-03	-1.335210896668922141e-03	0.000000000000000000e+00	0.000000000000000000e+00	0.000000000000000000e+00	0.000000000000000000e+00	1.424672473308164822e+00
1.294452261306532392e+01	1.421199589047193790e+00	-2.638059193020405539e-03	-2.174859040854261287e-03	0.000000000000000000e+00	0.000000000000000000e+00	0.000000000000000000e+00	0.000000000000000000e+00	1.416386670813319038e+00
1.307010050251256139e+01	1.412678877385218579e+00	-1.617847456059807489e-03	-2.979026754537340230e-03	0.000000000000000000e+00	0.000000000000000000e+00	0.000000000000000000e+00	0.000000000000000000e+00	1.408082003174621510e+00
1.319567839195979708e+01	1.404157247441108147e+00	-6.545524434993308781e-04	-3.771522013484459451e-03	0.000000000000000000e+00	0.000000000000000000e+00	0.000000000000000000e+00	0.000000000000000000e+00	1.399731172984124417e+00
1.332125628140703277e+01	1.395635953070751611e+00	2.475837174035710694e-04	-4.577735620747785082e-03	0.000000000000000000e+00	0.000000000000000000e+00	0.000000000000000000e+00	0.000000000000000000e+00	1.391305801167407541e+00
1.344683417085426846e+01	1.387116226804354202e+00	1.084971343224891763e-03	-5.423781172286874785e-03	0.000000000000000000e+00	0.000000000000000000e+00	0.000000000000000000e+00	0.000000000000000000e+00	1.382777416975292217e+00
1.357241206030150593e+01	1.378599279747564132e+00	1.854806340288919515e-03	-6.335517141440735571e-03	0.000000000000000000e+00	0.000000000000000000e+00	0.000000000000000000e+00	0.000000000000000000e+00	1.374118568946412378e+00
1.369798994974874162e+01	1.370086301498335768e+00	2.555199618499123630e-03	-7.337481193626708281e-03	0.000000000000000000e+00	0.000000000000000000e+00	0.000000000000000000e+00	0.000000000000000000e+00	1.365304019923208267e+00
1.382356783919597731e+01	1.361578460079197139e+00	3.185295724881508864e-03	-8.451774629073366754e-03	0.000000000000000000e+00	0.000000000000000000e+00	0.000000000000000000e+00	0.000000000000000000e+00	1.356311981175005288e+00
1.394914572864321300e+01	1.353076901884585626e+00	3.745373701114445772e-03	-9.696942252881268071e-03	0.000000000000000000e+00	0.000000000000000000e+00	0.000000000000000000e+00	0.000000000000000000e+00	1.347125333332818808e+00
1.407472361809045047e+01	1.344582751642916962e+00	4.236923540121980206e-03	-1.108689929353681020e-02	0.000000000000000000e+00	0.000000000000000000e+00	0.000000000000000000e+00	0.000000000000000000e+00	1.337732775889502124e+00
1.420030150753768616e+01	1.336097112393039854e+00	4.662692316765672251e-03	-1.262996148748250433e-02	0.000000000000000000e+00	0.000000000000000000e+00	0.000000000000000000e+00	0.000000000000000000e+00	1.328129843222322970e+00
1.432587939698492185e+01	1.327621065474730910e+00	5.026695092324274389e-03	-1.432803638929890794e-02	0.000000000000000000e+00	0.000000000000000000e+00	0.000000000000000000e+00	0.000000000000000000e+00	1.318319724177756447e+00
1.445145728643215932e+01	1.319155670532878633e+00	5.334187019965993919e-03	-1.617603271104146173e-02	0.000000000000000000e+00	0.000000000000000000e+00	0.000000000000000000e+00	0.000000000000000000e+00	1.308313824841803141e+00
1.457703517587939501e+01	1.310701965535007618e+00	5.591594668223390761e-03	-1.816153954966208406e-02	0.000000000000000000e+00	0.000000000000000000e+00	0.000000000000000000e+00	0.000000000000000000e+00	1.298132020653568919e+00
1.470261306532663070e+01	1.302260966801780828e+00	5.806406372131122859e-03	-2.026481845164149545e-02	0.000000000000000000e+00	0.000000000000000000e+00	0.000000000000000000e+00	0.000000000000000000e+00	1.287802554722270454e+00
1.482819095477386639e+01	1.293833669050132196e+00	5.987023339984254462e-03	-2.245913837949580980e-02	0.000000000000000000e+00	0.000000000000000000e+00	0.000000000000000000e+00	0.000000000000000000e+00	1.277361554010620681e+00
1.495376884422110386e+01	1.285421045448661870e+00	6.142575195379507656e-03	-2.471146708496402625e-02	0.000000000000000000e+00	0.000000000000000000e+00	0.000000000000000000e+00	0.000000000000000000e+00	1.266852153559077321e+00
1.507934673366833955e+01	1.277024047684944597e+00	6.282705516114248968e-03	-2.698351279322954571e-02	0.000000000000000000e+00	0.000000000000000000e+00	0.000000000000000000e+00	0.000000000000000000e+00	1.256323240407829278e+00
1.520492462311557524e+01	1.268643606044381755e+00	6.417334635085437597e-03	-2.923308843879463340e-02	0.000000000000000000e+00	0.000000000000000000e+00	0.000000000000000000e+00	0.000000000000000000e+00	1.245827852240672717e+00
1.533050251256281094e+01	1.260280629500245997e+00	6.556408386255362444e-03	-3.141574826836402573e-02	0.000000000000000000e+00	0.000000000000000000e+00	0.000000000000000000e+00	0.000000000000000000e+00	1.235421289618137131e+00
1.545608040201004840e+01	1.251936005814553443e+00	6.709642512411261028e-03	-3.348662501617998694e-02	0.000000000000000000e+00	0.000000000000000000e+00	0.000000000000000000e+00	0.000000000000000000e+00	1.225159023310784745e+00
1.558165829145728409e+01	1.243610601649406622e+00	6.886273018455594738e-03	-3.540237682901244132e-02	0.000000000000000000e+00	0.000000000000000000e+00	0.000000000000000000e+00	0.000000000000000000e+00	1.215094497838849819e+00
1.570723618090451978e+01	1.235305262688445316e+00	7.094822795359120339e-03	-3.712313850209995186e-02	0.000000000000000000e+00	0.000000000000000000e+00	0.000000000000000000e+00	0.000000000000000000e+00	1.205276946981704400e+00
1.583281407035175548e+01	1.227020813768056051e+00	7.342894326211069425e-03	-3.861436311580532244e-02	0.000000000000000000e+00	0.000000000000000000e+00	0.000000000000000000e+00	0.000000000000000000e+00	1.195749344978461748e+00
1.595839195979899294e+01	1.218758059017972739e+00	7.636997221426249267e-03	-3.984843927663239693e-02	0.000000000000000000e+00	0.000000000000000000e+00	0.000000000000000000e+00	0.000000000000000000e+00	1.186546616962766532e+00
1.608396984924623041e+01	1.210517782010927190e+00	7.982417755526868830e-03	-4.080597681100768537e-02	0.000000000000000000e+00	0.000000000000000000e+00	0.000000000000000000e+00	0.000000000000000000e+00	1.177694222955446346e+00
1.620954773869346610e+01	1.202300745920983571e+00	8.383135568852471964e-03	-4.147667019526921767e-02	0.000000000000000000e+00	0.000000000000000000e+00	0.000000000000000000e+00	0.000000000000000000e+00	1.169207211294566839e+00
1.633512562814070179e+01	1.194107693690215743e+00	8.841790361988325145e-03	-4.185967366044750920e-02	0.000000000000000000e+00	0.000000000000000000e+00	0.000000000000000000e+00	0.000000000000000000e+00	1.161089810391756627e+00
1.646070351758793748e+01	1.185939348203375987e+00	9.359698882429373992e-03	-4.196345332421001079e-02	0.000000000000000000e+00	0.000000000000000000e+00	0.000000000000000000e+00	0.000000000000000000e+00	1.153335593761595446e+00
1.658628140703517673e+01	1.177796412470207166e+00	9.936919933090813603e-03	-4.180511757059318656e-02	0.000000000000000000e+00	0.000000000000000000e+00	0.000000000000000000e+00	0.000000000000000000e+00	1.145928214832704795e+00
1.671185929648241242e+01	1.169679569815063047e+00	1.057236267869069574e-02	-4.140926424730251992e-02	0.000000000000000000e+00	0.000000000000000000e+00	0.000000000000000000e+00	0.000000000000000000e+00	1.138842668246451195e+00
1.683743718592964811e+01	1.161589484073485723e+00	1.126393134214438707e-02	-4.080641872858484231e-02	0.000000000000000000e+00	0.000000000000000000e+00	0.000000000000000000e+00	0.000000000000000000e+00	1.132046996687045226e+00
1.696301507537688380e+01	1.153526799795414393e+00	1.200869760634361294e-02	-4.003116714638807472e-02	0.000000000000000000e+00	0.000000000000000000e+00	0.000000000000000000e+00	0.000000000000000000e+00	1.125504330255370000e+00
1.708859296482411949e+01	1.145492142454686224e+00	1.280309077803429979e-02	-3.912011118181123182e-02	0.000000000000000000e+00	0.000000000000000000e+00	0.000000000000000000e+00	0.000000000000000000e+00	1.119175122050909410e+00
1.721417085427135518e+01	1.137486118664501555e+00	1.364309510606073576e-02	-3.810978258124818330e-02	0.000000000000000000e+00	0.000000000000000000e+00	0.000000000000000000e+00	0.000000000000000000e+00	1.113019431189314012e+00
1.733974874371859087e+01	1.129509316398527252e+00	1.452444361152173402e-02	-3.703465593940390849e-02	0.000000000000000000e+00	0.000000000000000000e+00	0.000000000000000000e+00	0.000000000000000000e+00	1.106999104070645057e+00
1.746532663316582656e+01	1.121562305217316924e+00	1.544279837485215343e-02	-3.592538740731775898e-02	0.000000000000000000e+00	0.000000000000000000e+00	0.000000000000000000e+00	0.000000000000000000e+00	1.101079716184851343e+00
1.759090452261306581e+01	1.113645636499728253e+00	1.639390838499874339e-02	-3.480738614746146237e-02	0.000000000000000000e+00	0.000000000000000000e+00	0.000000000000000000e+00	0.000000000000000000e+00	1.095232158737265538e+00
1.771648241206030150e+01	1.105759843679028576e+00	1.737373770167516610e-02	-3.369979686083237475e-02	0.000000000000000000e+00	0.000000000000000000e+00	0.000000000000000000e+00	0.000000000000000000e+00	1.089433784519871384e+00
1.784206030150753719e+01	1.097905442483370075e+00	1.837855869591309421e-02	-3.261493850423584362e-02	0.000000000000000000e+00	0.000000000000000000e+00	0.000000000000000000e+00	0.000000000000000000e+00	1.083669062675047368e+00
1.796763819095477288e+01	1.090082931180342607e+00	1.940500737886517030e-02	-3.155820962421337916e-02	0.000000000000000000e+00	0.000000000000000000e+00	0.000000000000000000e+00	0.000000000000000000e+00	1.077929728934994502e+00
1.809321608040200857e+01	1.082292790825290396e+00	2.045010015626397282e-02	-3.052843766566893519e-02	0.000000000000000000e+00	0.000000000000000000e+00	0.000000000000000000e+00	0.000000000000000000e+00	1.072214453315885496e+00
1.821879396984924426e+01	1.074535485513109068e+00	2.151121360945796798e-02	-2.951862082771321630e-02	0.000000000000000000e+00	0.000000000000000000e+00	0.000000000000000000e+00	0.000000000000000000e+00	1.066528078294853854e+00
1.834437185929647995e+01	1.066811462633221907e+00	2.258603096847308297e-02	-2.851698851235199422e-02	0.000000000000000000e+00	0.000000000000000000e+00	0.000000000000000000e+00	0.000000000000000000e+00	1.060880505089343062e+00
1.846994974874371920e+01	1.059121153127457360e+00	2.367246069341099463e-02	-2.750829131699840738e-02	0.000000000000000000e+00	0.000000000000000000e+00	0.000000000000000000e+00	0.000000000000000000e+00	1.055285322503869860e+00
1.859552763819095489e+01	1.051464971750543542e+00	2.476853393015918461e-02	-2.647522422517245913e-02	0.000000000000000000e+00	0.000000000000000000e+00	0.000000000000000000e+00	0.000000000000000000e+00	1.049758281455530184e+00
1.872110552763819058e+01	1.043843317332941778e+00	2.587228849854636067e-02	-2.539988679605705707e-02	0.000000000000000000e+00	0.000000000000000000e+00	0.000000000000000000e+00	0.000000000000000000e+00	1.044315719035431078e+00
1.884668341708542627e+01	1.036256573045754914e+00	2.698164748220483258e-02	-2.426519081596958255e-02	0.000000000000000000e+00	0.000000000000000000e+00	0.000000000000000000e+00	0.000000000000000000e+00	1.038973029711990126e+00
1.897226130653266196e+01	1.028705106667438418e+00	2.809430042762483745e-02	-2.305613773457996715e-02	0.000000000000000000e+00	0.000000000000000000e+00	0.000000000000000000e+00	0.000000000000000000e+00	1.033743269360483330e+00
1.909783919597989765e+01	1.021189270852058906e+00	2.920759466174040891e-02	-2.176090373753048965e-02	0.000000000000000000e+00	0.000000000000000000e+00	0.000000000000000000e+00	0.000000000000000000e+00	1.028635961776268815e+00
1.922341708542713334e+01	1.013709403398843634e+00	3.031844336282540908e-02	-2.037168793132151587e-02	0.000000000000000000e+00	0.000000000000000000e+00	0.000000000000000000e+00	0.000000000000000000e+00	1.023656158830347440e+00
1.934899497487436903e+01	1.006265827522772494e+00	3.142325584567562391e-02	-1.888529735091703729e-02	0.000000000000000000e+00	0.000000000000000000e+00	0.000000000000000000e+00	0.000000000000000000e+00	1.018803786017530966e+00
1.947457286432160828e+01	9.988588521259689212e-01	3.251789413678742025e-02	-1.730346004761097387e-02	0.000000000000000000e+00	0.000000000000000000e+00	0.000000000000000000e+00	0.000000000000000000e+00	1.014073286215145364e+00
1.960015075376884397e+01	9.914887720696518025e-01	3.359765841017785942e-02	-1.563287332721916348e-02	0.000000000000000000e+00	0.000000000000000000e+00	0.000000000000000000e+00	0.000000000000000000e+00	1.009453557152610648e+00
1.972572864321607966e+01	9.841558684464162265e-01	3.465730231908740328e-02	-1.388500752262136588e-02	0.000000000000000000e+00	0.000000000000000000e+00	0.000000000000000000e+00	0.000000000000000000e+00	1.004928163242882366e+00
1.985130653266331535e+01	9.768604088526164908e-01	3.569107777508555984e-02	-1.207569602552725947e-02	0.000000000000000000e+00	0.000000000000000000e+00	0.000000000000000000e+00	0.000000000000000000e+00	1.000475790602174841e+00
1.997688442211055104e+01	9.696026476606300903e-01	3.669280736462807863e-02	-1.022454947090857200e-02	0.000000000000000000e+00	0.000000000000000000e+00	0.000000000000000000e+00	0.000000000000000000e+00	9.960709055543495172e-01
2.010246231155778673e+01	9.623828262907904163e-01	3.765598141022156314e-02	-8.354236010868312454e-03	0.000000000000000000e+00	0.000000000000000000e+00	0.000000000000000000e+00	0.000000000000000000e+00	9.916845716901437902e-01
2.022804020100502242e+01	9.552011734827728917e-01	3.857387571976748919e-02	-6.489670785848346800e-03	0.000000000000000000e+00	0.000000000000000000e+00	0.000000000000000000e+00	0.000000000000000000e+00	9.872853784166919500e-01
2.035361809045226167e+01	9.480579055662378130e-01	3.943968534822562405e-02	-4.657156411609753195e-03	0.000000000000000000e+00	0.000000000000000000e+00	0.000000000000000000e+00	0.000000000000000000e+00	9.828404345028536326e-01
2.047919597989949736e+01	9.409532267305281694e-01	4.024666923030105481e-02	-2.883513068235536020e-03	0.000000000000000000e+00	0.000000000000000000e+00	0.000000000000000000e+00	0.000000000000000000e+00	9.783163828925937056e-01
2.060477386934673305e+01	9.338873292932311498e-01	4.098830032786041078e-02	-1.195232172506927211e-03	0.000000000000000000e+00	0.000000000000000000e+00	0.000000000000000000e+00	0.000000000000000000e+00	9.736803974485845892e-01
2.073035175879396874e+01	9.268603939674185943e-01	4.165841595642910677e-02	3.823177938005833899e-04	0.000000000000000000e+00	0.000000000000000000e+00	0.000000000000000000e+00	0.000000000000000000e+00	9.689011277176483583e-01
2.085592964824120443e+01	9.198725901273860917e-01	4.225136318788921819e-02	1.825610421298611528e-03	0.000000000000000000e+00	0.000000000000000000e+00	0.000000000000000000e+00	0.000000000000000000e+00	9.639495637365739222e-01
2.098150753768844012e+01	9.129240760727145299e-01	4.276213464160853045e-02	3.113588149383461363e-03	0.000000000000000000e+00	0.000000000000000000e+00	0.000000000000000000e+00	0.000000000000000000e+00	9.587997988637064761e-01
2.110708542713567581e+01	9.060149992904882321e-01	4.318649054004260884e-02	4.228184455902714300e-03	0.000000000000000000e+00	0.000000000000000000e+00	0.000000000000000000e+00	0.000000000000000000e+00	9.534296742864335483e-01
2.123266331658291151e+01	8.991454967155068090e-01	4.352106358196004832e-02	5.154733708590805707e-03	0.000000000000000000e+00	0.000000000000000000e+00	0.000000000000000000e+00	0.000000000000000000e+00	9.478212940060576353e-01
2.135824120603015075e+01	8.923156949883316313e-01	4.376344394135764371e-02	5.882264727762587936e-03	0.000000000000000000e+00	0.000000000000000000e+00	0.000000000000000000e+00	0.000000000000000000e+00	9.419614036574518456e-01
2.148381909547738644e+01	8.855257107110188208e-01	4.391224249861706841e-02	6.403677301196631852e-03	0.000000000000000000e+00	0.000000000000000000e+00	0.000000000000000000e+00	0.000000000000000000e+00	9.358416305108324673e-01
2.160939698492462213e+01	8.787756507003927631e-01	4.396713122045856764e-02	6.715803616285300794e-03	0.000000000000000000e+00	0.000000000000000000e+00	0.000000000000000000e+00	0.000000000000000000e+00	9.294585855371366723e-01
2.173497487437185782e+01	8.720656122387193676e-01	4.392886039748119392e-02	6.819359011999219858e-03	0.000000000000000000e+00	0.000000000000000000e+00	0.000000000000000000e+00	0.000000000000000000e+00	9.228138316481998560e-01
2.186055276381909351e+01	8.653956833216494005e-01	4.379925319644894371e-02	6.718788780094114149e-03	0.000000000000000000e+00	0.000000000000000000e+00	0.000000000000000000e+00	0.000000000000000000e+00	9.159137252981924826e-01
2.198613065326632920e+01	8.587659429032982183e-01	4.358117866628457432e-02	6.422020092514979690e-03	0.000000000000000000e+00	0.000000000000000000e+00	0.000000000000000000e+00	0.000000000000000000e+00	9.087691416620977680e-01
2.211170854271356490e+01	8.521764611383463306e-01	4.327850493285585742e-02	5.940130554412626981e-03	0.000000000000000000e+00	0.000000000000000000e+00	0.000000000000000000e+00	0.000000000000000000e+00	9.013950966256149000e-01
2.223728643216080414e+01	8.456272996210387749e-01	4.289603481276235697e-02	5.286947337674579445e-03	0.000000000000000000e+00	0.000000000000000000e+00	0.000000000000000000e+00	0.000000000000000000e+00	8.938102817714757009e-01
2.236286432160803983e+01	8.391185116209766148e-01	4.243942645910356998e-02	4.478593197237708268e-03	0.000000000000000000e+00	0.000000000000000000e+00	0.000000000000000000e+00	0.000000000000000000e+00	8.860365312773179625e-01
2.248844221105527552e+01	8.326501423155918680e-01	4.191510191556062359e-02	3.532997686528949969e-03	0.000000000000000000e+00	0.000000000000000000e+00	0.000000000000000000e+00	0.000000000000000000e+00	8.780982419176813769e-01
2.261402010050251121e+01	8.262222290192090535e-01	4.133014659643147182e-02	2.469393292316586584e-03	0.000000000000000000e+00	0.000000000000000000e+00	0.000000000000000000e+00	0.000000000000000000e+00	8.700217689079570160e-01
2.273959798994974690e+01	8.198348014085983237e-01	4.069220273156959333e-02	1.307816720826662739e-03	0.000000000000000000e+00	0.000000000000000000e+00	0.000000000000000000e+00	0.000000000000000000e+00	8.618348208609946104e-01
2.286517587939698259e+01	8.134878817449301414e-01	4.000935972318313966e-02	6.863495218239505842e-05	0.000000000000000000e+00	0.000000000000000000e+00	0.000000000000000000e+00	0.000000000000000000e+00	8.535658764202955773e-01
2.299075376884421829e+01	8.071814850920494555e-01	3.929004416729596494e-02	-1.227886194222379363e-03	0.000000000000000000e+00	0.000000000000000000e+00	0.000000000000000000e+00	0.000000000000000000e+00	8.452436430651230070e-01
2.311633165829145398e+01	8.009156195309927728e-01	3.854291201148037777e-02	-2.561956365437954419e-03	0.000000000000000000e+00	0.000000000000000000e+00	0.000000000000000000e+00	0.000000000000000000e+00	8.368965751770351957e-01
2.324190954773869322e+01	7.946902863706720721e-01	3.777674497056938280e-02	-3.914567433669609645e-03	0.000000000000000000e+00	0.000000000000000000e+00	0.000000000000000000e+00	0.000000000000000000e+00	8.285524639075718678e-01
2.336748743718592891e+01	7.885054803546617253e-01	3.700035292395042336e-02	-5.267727227406900428e-03	0.000000000000000000e+00	0.000000000000000000e+00	0.000000000000000000e+00	0.000000000000000000e+00	8.202381060512052846e-01
2.349306532663316460e+01	7.823611898640236983e-01	3.622248359321831451e-02	-6.604619960281210393e-03	0.000000000000000000e+00	0.000000000000000000e+00	0.000000000000000000e+00	0.000000000000000000e+00	8.119790534969608675e-01
2.361864321608040029e+01	7.762573971161164099e-01	3.545174036853196431e-02	-7.909698013849690221e-03	0.000000000000000000e+00	0.000000000000000000e+00	0.000000000000000000e+00	0.000000000000000000e+00	8.037994394707986823e-01
2.374422110552763598e+01	7.701940783593343998e-01	3.469650873550148701e-02	-9.168713845964628420e-03	0.000000000000000000e+00	0.000000000000000000e+00	0.000000000000000000e+00	0.000000000000000000e+00	7.957218732488712254e-01
2.386979899497487168e+01	7.641712040637307357e-01	3.396489136863045655e-02	-1.036870364469958186e-02	0.000000000000000000e+00	0.000000000000000000e+00	0.000000000000000000e+00	0.000000000000000000e+00	7.877673917876616416e-01
2.399537688442210737e+01	7.581887391074827454e-01	3.326465161556488997e-02	-1.149793564575428070e-02	0.000000000000000000e+00	0.000000000000000000e+00	0.000000000000000000e+00	0.000000000000000000e+00	7.799554550772933581e-01
2.412095477386934661e+01	7.522466429591641024e-01	3.260316480806152439e-02	-1.254583572267367955e-02	0.000000000000000000e+00	0.000000000000000000e+00	0.000000000000000000e+00	0.000000000000000000e+00	7.723039720445520340e-01
2.424653266331658230e+01	7.463448698557897387e-01	3.198737660616362416e-02	-1.350290113818056713e-02	0.000000000000000000e+00	0.000000000000000000e+00	0.000000000000000000e+00	0.000000000000000000e+00	7.648293453237727801e-01
2.437211055276381799e+01	7.404833689766068261e-01	3.142376741352410907e-02	-1.436061063463129998e-02	0.000000000000000000e+00	0.000000000000000000e+00	0.000000000000000000e+00	0.000000000000000000e+00	7.575465257554996334e-01
2.449768844221105368e+01	7.346620846126128423e-01	3.091832179323777269e-02	-1.511133592757314854e-02	0.000000000000000000e+00	0.000000000000000000e+00	0.000000000000000000e+00	0.000000000000000000e+00	7.504690704782773780e-01
2.462326633165828937e+01	7.288809563317787399e-01	3.047650176202834280e-02	-1.574825679224862301e-02	0.000000000000000000e+00	0.000000000000000000e+00	0.000000000000000000e+00	0.000000000000000000e+00	7.436092013015583868e-01
2.474884422110552507e+01	7.231399191399668913e-01	3.010322284213611324e-02	-1.626527987663112934e-02	0.000000000000000000e+00	0.000000000000000000e+00	0.000000000000000000e+00	0.000000000000000000e+00	7.369778621054717815e-01
2.487442211055276076e+01	7.174389036375373729e-01	2.980283180031942369e-02	-1.665696052974691144e-02	0.000000000000000000e+00	0.000000000000000000e+00	0.000000000000000000e+00	0.000000000000000000e+00	7.305847749081098019e-01
2.500000000000000000e+01	7.117778361716340374e-01	2.957908509767772851e-02	-1.691842742262437971e-02	0.000000000000000000e+00	0.000000000000000000e+00	0.000000000000000000e+00	0.000000000000000000e+00	7.244384938466873480e-01
