# q (inverse Anstrom)	f(q): 1s	f(q): 2s	f(q): 2p	f(q): 3s	f(q): 3p	f(q): 3d	f(q): 4s	f(q): total
1.000000000000000021e-02	1.997161721736370188e+00	1.997984126396119997e+00	5.994673818913946128e+00	1.998365801094183603e+00	2.997297978233302462e+00	0.000000000000000000e+00	0.000000000000000000e+00	1.498548344637392304e+01
1.355778894472361717e-01	1.997139469805686574e+00	1.997491097758682388e+00	5.993307399870324126e+00	1.991605148073859688e+00	2.981602922306250569e+00	0.000000000000000000e+00	0.000000000000000000e+00	1.496114603781480312e+01
2.611557788944723346e-01	1.997078815320472822e+00	1.996148153927583158e+00	5.989585640556593482e+00	1.973301575067624158e+00	2.939302400394645964e+00	0.000000000000000000e+00	0.000000000000000000e+00	1.489541658526692203e+01
3.867336683417085252e-01	1.996979768999659344e+00	1.993957174974858360e+00	5.983514258393244134e+00	1.943786502272073280e+00	2.871679245906176625e+00	0.000000000000000000e+00	0.000000000000000000e+00	1.478991695054601152e+01
5.123115577889446604e-01	1.996842340025298812e+00	1.990921223776538351e+00	5.975102564412881456e+00	1.903588101276737943e+00	2.780739123398402679e+00	0.000000000000000000e+00	0.000000000000000000e+00	1.464719335288985924e+01
6.378894472361807955e-01	1.996666541017831698e+00	1.987044538615276634e+00	5.964363435324703033e+00	1.853413250462901507e+00	2.669091620200286119e+00	0.000000000000000000e+00	0.000000000000000000e+00	1.447057938562099899e+01
7.634673366834170416e-01	1.996452388098583608e+00	1.982332521664811109e+00	5.951313271287014040e+00	1.794123956755111937e+00	2.539802779841152436e+00	0.000000000000000000e+00	0.000000000000000000e+00	1.426402491764667246e+01
8.890452261306531767e-01	1.996199900896269197e+00	1.976791724334804101e+00	5.935971942271084600e+00	1.726709517107842817e+00	2.396232856750843077e+00	0.000000000000000000e+00	0.000000000000000000e+00	1.403190594136084357e+01
1.014623115577889312e+00	1.995909102545359026e+00	1.970429829551489265e+00	5.918362723351602739e+00	1.652255858368433250e+00	2.241873105057282434e+00	0.000000000000000000e+00	0.000000000000000000e+00	1.377883061887416538e+01
1.140201005025125447e+00	1.995580019682008599e+00	1.963255631055014883e+00	5.898512219297670001e+00	1.571913551243812934e+00	2.080193771064354546e+00	0.000000000000000000e+00	0.000000000000000000e+00	1.350945519234286252e+01
1.265778894472361582e+00	1.995212682438729068e+00	1.955279009806480284e+00	5.876450278894219892e+00	1.486865947313064540e+00	1.914512618399641486e+00	0.000000000000000000e+00	0.000000000000000000e+00	1.322832053685213616e+01
1.391356783919597717e+00	1.994807124438119583e+00	1.946510907609841468e+00	5.852209899477773369e+00	1.398298751469114087e+00	1.747889879741578500e+00	0.000000000000000000e+00	0.000000000000000000e+00	1.293971656273642523e+01
1.516934673366834074e+00	1.994363382785786509e+00	1.936963298065415895e+00	5.825827122220593957e+00	1.307372136810672325e+00	1.583052088273949831e+00	0.000000000000000000e+00	0.000000000000000000e+00	1.264757802815641874e+01
1.642512562814070209e+00	1.993881498062479274e+00	1.926649154982550183e+00	5.797340918742865057e+00	1.215196259415754598e+00	1.422344264401296243e+00	0.000000000000000000e+00	0.000000000000000000e+00	1.235541209560494558e+01
1.768090452261306345e+00	1.993361514315479255e+00	1.915582418388974251e+00	5.766793069673105343e+00	1.122810761539544400e+00	1.267707709936088722e+00	0.000000000000000000e+00	0.000000000000000000e+00	1.206625547385319130e+01
1.893668341708542480e+00	1.992803479049246596e+00	1.903777958283424443e+00	5.734228035812385826e+00	1.031168586112649610e+00	1.120679297119226314e+00	0.000000000000000000e+00	0.000000000000000000e+00	1.178265735637693190e+01
2.019246231155778393e+00	1.992207443215329388e+00	1.891251536286235435e+00	5.699692822587779872e+00	9.411241811340507191e-01	9.824075788010390164e-01	0.000000000000000000e+00	0.000000000000000000e+00	1.150668356202443476e+01
2.144824120603014528e+00	1.991573461201554318e+00	1.878019765349702830e+00	5.663236838504784210e+00	8.534259624524500598e-01	8.536811252463348820e-01	0.000000000000000000e+00	0.000000000000000000e+00	1.123993715275482508e+01
2.270402010050250663e+00	1.990901590820487455e+00	1.864100067696097929e+00	5.624911748326979932e+00	7.687127348196394205e-01	7.349649962196889152e-01	0.000000000000000000e+00	0.000000000000000000e+00	1.098359113788289321e+01
2.395979899497486798e+00	1.990191893297182490e+00	1.849510631156262130e+00	5.584771321724116611e+00	6.875136463851460045e-01	6.264419671733012507e-01	0.000000000000000000e+00	0.000000000000000000e+00	1.073842945973600749e+01
2.521557788944722933e+00	1.989444433256221778e+00	1.834270364085665905e+00	5.542871278136988877e+00	6.102511695119733348e-01	5.280558663761591998e-01	0.000000000000000000e+00	0.000000000000000000e+00	1.050489311136700898e+01
2.647135678391959068e+00	1.988659278708044154e+00	1.818398849037739184e+00	5.499269128609141966e+00	5.372465567867191760e-01	4.395550270498385093e-01	0.000000000000000000e+00	0.000000000000000000e+00	1.028312884019148399e+01
2.772713567839195203e+00	1.987836501034579539e+00	1.801916295376128074e+00	5.454024015331691899e+00	4.687272097174602359e-01	3.605343622820992855e-01	0.000000000000000000e+00	0.000000000000000000e+00	1.007303838374195948e+01
2.898291457286431339e+00	1.986976174974185660e+00	1.784843491008331728e+00	5.407196549638631389e+00	4.048354126448173163e-01	2.904749342383512456e-01	0.000000000000000000e+00	0.000000000000000000e+00	9.874326562504318616e+00
3.023869346733667918e+00	1.986078378605896200e+00	1.767201753422979138e+00	5.358848649176143120e+00	3.456379197467460695e-01	2.287801526694454857e-01	0.000000000000000000e+00	0.000000000000000000e+00	9.686546853621210929e+00
3.149447236180904053e+00	1.985143193332988831e+00	1.749012880211783694e+00	5.309043374950948468e+00	2.911359331458538979e-01	1.748079522572350830e-01	0.000000000000000000e+00	0.000000000000000000e+00	9.509143333898808947e+00
3.275025125628140188e+00	1.984170703865874907e+00	1.730299099255068196e+00	5.257844768940003632e+00	2.412750702083204246e-01	1.278985049760772430e-01	0.000000000000000000e+00	0.000000000000000000e+00	9.341488147245344820e+00
3.400603015075376323e+00	1.983160998204322345e+00	1.711083018746680118e+00	5.205317692917181382e+00	1.959549840999235681e-01	8.739723943046354138e-02	0.000000000000000000e+00	0.000000000000000000e+00	9.182913933398571871e+00
3.526180904522612458e+00	1.982114167619012601e+00	1.691387577230197836e+00	5.151527669122351050e+00	1.550383701951947857e-01	5.267315488566312598e-02	0.000000000000000000e+00	0.000000000000000000e+00	9.032740939052420259e+00
3.651758793969848593e+00	1.981030306632445726e+00	1.671235993813596110e+00	5.096540723365063030e+00	1.183591593021155602e-01	2.313260678487798205e-02	0.000000000000000000e+00	0.000000000000000000e+00	8.890298789898100296e+00
3.777336683417084728e+00	1.979909512999193488e+00	1.650651718724057915e+00	5.040423231118993819e+00	8.572976467048935845e-02	-1.771125500567088560e-03	0.000000000000000000e+00	0.000000000000000000e+00	8.754943102012166634e+00
3.902914572864320863e+00	1.978751887685517907e+00	1.629658384358479539e+00	4.983241767125161203e+00	5.694731161939246139e-02	-2.253211315735046544e-02	0.000000000000000000e+00	0.000000000000000000e+00	8.626067237631200868e+00
4.028492462311556999e+00	1.977557534848350507e+00	1.608279756978428399e+00	4.925062958981873962e+00	3.179883488912945561e-02	-3.958951328857108348e-02	0.000000000000000000e+00	0.000000000000000000e+00	8.503109572409210060e+00
4.154070351758793578e+00	1.976326561813650073e+00	1.586539689191005076e+00	4.865953345157993937e+00	1.006547826658972696e-02	-5.332840351178537441e-02	0.000000000000000000e+00	0.000000000000000000e+00	8.385556670917452493e+00
4.279648241206029269e+00	1.975059079054143796e+00	1.564462073349267346e+00	4.805979237823729378e+00	-8.474227415686298726e-03	-6.408335536013390343e-02	0.000000000000000000e+00	0.000000000000000000e+00	8.272942807451320490e+00
4.405226130653265848e+00	1.973755200166460222e+00	1.542070795997665167e+00	4.745206590850328254e+00	-2.404189907275453356e-02	-7.214433319735692740e-02	0.000000000000000000e+00	0.000000000000000000e+00	8.164846354744341284e+00
4.530804020100501539e+00	1.972415041847660699e+00	1.519389693479413106e+00	4.683700873286942290e+00	-3.685751695780250387e-02	-7.776438957756022508e-02	0.000000000000000000e+00	0.000000000000000000e+00	8.060883702078655233e+00
4.656381909547738118e+00	1.971038723871184395e+00	1.496442508813913719e+00	4.621526948580162220e+00	-4.713817596371458474e-02	-8.116847527468588896e-02	0.000000000000000000e+00	0.000000000000000000e+00	7.960701530026859096e+00
4.781959798994973809e+00	1.969626369062206006e+00	1.473252849943362586e+00	4.558748959759451935e+00	-5.509722464342385606e-02	-8.256254676336796661e-02	0.000000000000000000e+00	0.000000000000000000e+00	7.863968407358228774e+00
4.907537688442210388e+00	1.968178103272428148e+00	1.449844149438524799e+00	4.495430220770330720e+00	-6.094365084349220169e-02	-8.214209771456204567e-02	0.000000000000000000e+00	0.000000000000000000e+00	7.770366724923229995e+00
5.033115577889446079e+00	1.966694055354301085e+00	1.426239625744497364e+00	4.431633114097020432e+00	-6.488158853855471864e-02	-8.009930759433500636e-02	0.000000000000000000e+00	0.000000000000000000e+00	7.679585899062930210e+00
5.158693467336682659e+00	1.965174357134699790e+00	1.402462246038071125e+00	4.367418994777481522e+00	-6.710984336594720545e-02	-7.662819443571237954e-02	0.000000000000000000e+00	0.000000000000000000e+00	7.591317560148592491e+00
5.284271356783918350e+00	1.963619143388049659e+00	1.378534690759165349e+00	4.302848100876732751e+00	-6.782136238589542288e-02	-7.192744171965272104e-02	0.000000000000000000e+00	0.000000000000000000e+00	7.505253130918400295e+00
5.409849246231154929e+00	1.962028551808920662e+00	1.354479319869793086e+00	4.237979470449137587e+00	-6.720260428391477969e-02	-6.620087366007491869e-02	0.000000000000000000e+00	0.000000000000000000e+00	7.421083864183861678e+00
5.535427135678390620e+00	1.960402722984100343e+00	1.330318140885138112e+00	4.172870864987211270e+00	-6.543279701796991810e-02	-5.965581008575581573e-02	0.000000000000000000e+00	0.000000000000000000e+00	7.338503121752723679e+00
5.661005025125627199e+00	1.958741800364148133e+00	1.306072778712664473e+00	4.107578699323476634e+00	-6.268309833384742846e-02	-5.249969827681241069e-02	0.000000000000000000e+00	0.000000000000000000e+00	7.257210481789629242e+00
5.786582914572862890e+00	1.957045930234453168e+00	1.281764447326786849e+00	4.042157977923238832e+00	-5.911569847926106264e-02	-4.493549115545184686e-02	0.000000000000000000e+00	0.000000000000000000e+00	7.176917165849765468e+00
5.912160804020099469e+00	1.955315261685793615e+00	1.257413923298485781e+00	3.976662237479752005e+00	-5.488292214540954617e-02	-3.715625043263953015e-02	0.000000000000000000e+00	0.000000000000000000e+00	7.097352249885982012e+00
6.037738693467336049e+00	1.953549946584419494e+00	1.233041521191469592e+00	3.911143495699309192e+00	-5.012639699556117878e-02	-2.933944463289013191e-02	0.000000000000000000e+00	0.000000000000000000e+00	7.018269121846747005e+00
6.163316582914571740e+00	1.951750139541659657e+00	1.208667070829021473e+00	3.845652206142219143e+00	-4.497635851898883902e-02	-2.164141862251134710e-02	0.000000000000000000e+00	0.000000000000000000e+00	6.939451639371400304e+00
6.288894472361808319e+00	1.949915997883073571e+00	1.184309896428593634e+00	3.780237218966469914e+00	-3.955115537649625534e-02	-1.419253802915808847e-02	0.000000000000000000e+00	0.000000000000000000e+00	6.860719419872483016e+00
6.414472361809044010e+00	1.948047681617151028e+00	1.159988797594526000e+00	3.714945747404109433e+00	-3.395700647088639029e-02	-7.093534013013868059e-03	0.000000000000000000e+00	0.000000000000000000e+00	6.781931686131886572e+00
6.540050251256280589e+00	1.946145353403575529e+00	1.135722032152976624e+00	3.649823339785875920e+00	-2.828804185470289514e-02	-4.135512470798328425e-04	0.000000000000000000e+00	0.000000000000000000e+00	6.702989132240645631e+00
6.665628140703516280e+00	1.944209178521059789e+00	1.111527300807304108e+00	3.584913856917389285e+00	-2.262663600473185932e-02	5.809699452164617146e-03	0.000000000000000000e+00	0.000000000000000000e+00	6.623833399693186408e+00
6.791206030150752859e+00	1.942239324834770686e+00	1.087421733586683814e+00	3.520259454600116023e+00	-1.704401615430358244e-02	1.156747334699623556e-02	0.000000000000000000e+00	0.000000000000000000e+00	6.544443970214262940e+00
6.916783919597988550e+00	1.940235962763344091e+00	1.063421878055749392e+00	3.455900571082293204e+00	-1.160110282943925715e-02	1.687525951650666739e-02	0.000000000000000000e+00	0.000000000000000000e+00	6.464832568588454897e+00
7.042361809045225129e+00	1.938199265245514225e+00	1.039543689248456415e+00	3.391875919218872326e+00	-6.349517169940441762e-03	2.176612277787678268e-02	0.000000000000000000e+00	0.000000000000000000e+00	6.385035479320779750e+00
7.167939698492460820e+00	1.936129407706357552e+00	1.015802521285211535e+00	3.328222483115240937e+00	-1.332672596171185792e-03	2.628272045486520353e-02	0.000000000000000000e+00	0.000000000000000000e+00	6.305104459965503949e+00
7.293517587939697400e+00	1.934026568023173631e+00	9.922131206285647043e-01	3.264975519026825257e+00	3.413140934216025123e-03	3.046878461953780870e-02	0.000000000000000000e+00	0.000000000000000000e+00	6.225097133232318392e+00
7.419095477386933091e+00	1.931890926491004912e+00	9.687896209294403205e-01	3.202168560285581833e+00	7.857771960788162077e-03	3.436095080705974664e-02	0.000000000000000000e+00	0.000000000000000000e+00	6.145067830473875503e+00
7.544673366834169670e+00	1.929722665787813485e+00	9.455455394129324009e-01	3.139833426024619456e+00	1.197640405781932350e-02	3.798179947092964609e-02	0.000000000000000000e+00	0.000000000000000000e+00	6.065059834754113588e+00
7.670251256281405361e+00	1.927521970939327201e+00	9.224937747501550378e-01	3.078000233473738412e+00	1.574899702798202364e-02	4.133486893897370118e-02	0.000000000000000000e+00	0.000000000000000000e+00	5.985099845130176455e+00
7.795829145728641940e+00	1.925289029283559827e+00	8.996466063604362517e-01	3.016697413601244548e+00	1.916000889832234627e-02	4.440221984046181791e-02	0.000000000000000000e+00	0.000000000000000000e+00	5.905195277984025104e+00
7.921407035175877631e+00	1.923024030435029452e+00	8.770156950863331469e-01	2.955951729880986534e+00	2.219840230505623624e-02	4.714490271266019716e-02	0.000000000000000000e+00	0.000000000000000000e+00	5.825334760420065372e+00
8.046984924623114210e+00	1.920727166248674678e+00	8.546120851824298148e-01	2.895788299967896773e+00	2.485790391733270349e-02	4.950641949927987728e-02	0.000000000000000000e+00	0.000000000000000000e+00	5.745491874815614075e+00
8.172562814070349901e+00	1.918398630783489711e+00	8.324462075577152564e-01	2.836230620070435471e+00	2.713745192859504454e-02	5.141898727568038757e-02	0.000000000000000000e+00	0.000000000000000000e+00	5.665631897615916124e+00
8.298140703517587369e+00	1.916038620265884784e+00	8.105278842104418624e-01	2.777300591813915531e+00	2.904173820901669381e-02	5.281211886945255674e-02	0.000000000000000000e+00	0.000000000000000000e+00	5.585720953368711328e+00
8.423718592964823060e+00	1.913647333052789890e+00	7.888663337937682485e-01	2.719018551394762451e+00	3.058173212144186734e-02	5.362274511955923695e-02	0.000000000000000000e+00	0.000000000000000000e+00	5.505736695482322141e+00
8.549296482412058751e+00	1.911224969594506939e+00	7.674701782501356373e-01	2.661403300832183572e+00	3.177506527312285584e-02	5.380584247008139698e-02	0.000000000000000000e+00	0.000000000000000000e+00	5.425679356420030963e+00
8.674874371859294442e+00	1.908771732397327892e+00	7.463474504522241704e-01	2.604472141130321106e+00	3.264616255652517257e-02	5.334433411941653241e-02	0.000000000000000000e+00	0.000000000000000000e+00	5.345581820655814553e+00
8.800452261306531909e+00	1.906287825985931272e+00	7.255056027884430048e-01	2.548240907170781000e+00	3.322602523366887523e-02	5.225694756288382786e-02	0.000000000000000000e+00	0.000000000000000000e+00	5.265517308741707758e+00
8.926030150753767600e+00	1.903773456865563096e+00	7.049515166312239067e-01	2.492724004162233165e+00	3.355160534684509255e-02	5.060277970408076642e-02	0.000000000000000000e+00	0.000000000000000000e+00	5.185603362709945152e+00
9.051608040201003291e+00	1.901228833484024161e+00	6.846915126268811047e-01	2.437934445480645529e+00	3.366475441770105936e-02	4.848157351379030200e-02	0.000000000000000000e+00	0.000000000000000000e+00	5.106001119523041254e+00
9.177185929648238982e+00	1.898654166193465942e+00	6.647313617464715163e-01	2.383883891740475658e+00	3.361077862207898642e-02	4.602915286997841943e-02	0.000000000000000000e+00	0.000000000000000000e+00	5.026909351172471396e+00
9.302763819095476450e+00	1.896049667212012624e+00	6.450762970378952632e-01	2.330582690943811652e+00	3.343668158819056851e-02	4.340806501089072844e-02	0.000000000000000000e+00	0.000000000000000000e+00	4.948553401792800344e+00
9.428341708542712141e+00	1.893415550585224150e+00	6.257310260204321795e-01	2.278039919560959525e+00	3.318921831658722121e-02	4.079417429164401004e-02	0.000000000000000000e+00	0.000000000000000000e+00	4.871169888774846690e+00
9.553919597989947832e+00	1.890752032147404726e+00	6.066997436639740560e-01	2.226263424402292745e+00	3.291291344674203423e-02	3.836063338804105577e-02	0.000000000000000000e+00	0.000000000000000000e+00	4.794988747048454236e+00
9.679497487437183523e+00	1.888059329482773885e+00	5.879861458963928644e-01	2.175259865147343152e+00	3.264820944269847952e-02	3.626120474382331371e-02	0.000000000000000000e+00	0.000000000000000000e+00	4.720214754713031979e+00
9.805075376884420990e+00	1.885337661886512750e+00	5.695934435837567422e-01	2.125034757402972208e+00	3.242990259416735077e-02	3.461519374481528827e-02	0.000000000000000000e+00	0.000000000000000000e+00	4.647010959212224179e+00
9.930653266331656681e+00	1.882587250325693962e+00	5.515243769294534415e-01	2.075592516168208057e+00	3.228599709250057348e-02	3.349619349726476458e-02	0.000000000000000000e+00	0.000000000000000000e+00	4.575486334013121770e+00
1.005623115577889237e+01	1.879808317400111006e+00	5.337812302397098030e-01	2.026936499588761098e+00	3.223706282066682305e-02	3.292639418717652894e-02	0.000000000000000000e+00	0.000000000000000000e+00	4.505689504236426224e+00
1.018180904522612984e+01	1.877001087303015181e+00	5.163658470044890647e-01	1.979069052889549152e+00	3.229612651599268747e-02	3.287741924038283664e-02	0.000000000000000000e+00	0.000000000000000000e+00	4.437609532953429081e+00
1.030738693467336553e+01	1.874165785781775506e+00	4.992796452442783139e-01	1.931991552378586885e+00	3.246906615040130728e-02	3.327763674251373038e-02	0.000000000000000000e+00	0.000000000000000000e+00	4.371183686297555937e+00
1.043296482412060122e+01	1.871302640098469583e+00	4.825236330748715607e-01	1.885704449420513296e+00	3.275542303602331506e-02	3.402484024284387759e-02	0.000000000000000000e+00	0.000000000000000000e+00	4.306310985872721098e+00
1.055854271356783691e+01	1.868411878990420938e+00	4.660984244438824975e-01	1.840207314282736872e+00	3.314950308829398701e-02	3.500230474799972263e-02	0.000000000000000000e+00	0.000000000000000000e+00	4.242869425553333684e+00
1.068412060301507438e+01	1.865493732630691959e+00	4.500042549943676362e-01	1.795498879761788125e+00	3.364161385226168560e-02	3.609568350960251637e-02	0.000000000000000000e+00	0.000000000000000000e+00	4.180734164748711734e+00
1.080969849246231007e+01	1.862548432588542857e+00	4.342409980126329949e-01	1.751577084501904968e+00	3.421928052667039949e-02	3.720813052532154219e-02	0.000000000000000000e+00	0.000000000000000000e+00	4.119793926155073116e+00
1.093527638190954576e+01	1.859576211789873312e+00	4.188081804189883739e-01	1.708439115922258278e+00	3.486830221442346889e-02	3.827142397742186453e-02	0.000000000000000000e+00	0.000000000000000000e+00	4.059963234322965242e+00
1.106085427135678145e+01	1.856577304477649681e+00	4.037049987619452107e-01	1.666081452673531915e+00	3.557354566027810111e-02	3.925163613737695650e-02	0.000000000000000000e+00	0.000000000000000000e+00	4.001188937710781879e+00
1.118643216080401892e+01	1.853551946172338871e+00	3.889303351780652451e-01	1.624499906548771744e+00	3.631942185891844782e-02	4.014887715630887505e-02	0.000000000000000000e+00	0.000000000000000000e+00	3.943450486914402919e+00
1.131201005025125461e+01	1.850500373632349760e+00	3.744827732814181576e-01	1.583689663777652079e+00	3.709004360595460209e-02	4.099163200471397234e-02	0.000000000000000000e+00	0.000000000000000000e+00	3.886754486302088196e+00
1.143758793969849030e+01	1.847422824814503706e+00	3.603606139483276349e-01	1.543645325637443610e+00	3.786911149212958405e-02	4.182702593553275922e-02	0.000000000000000000e+00	0.000000000000000000e+00	3.831124901827937634e+00
1.156316582914572599e+01	1.844319538834534145e+00	3.465618909648374157e-01	1.504360948318166580e+00	3.863961512265128712e-02	4.270886423545505045e-02	0.000000000000000000e+00	0.000000000000000000e+00	3.776590857475644825e+00
1.168874371859296346e+01	1.841190755927636369e+00	3.330843865060463260e-01	1.465830081983526822e+00	3.938346054733510987e-02	4.368544320617773202e-02	0.000000000000000000e+00	0.000000000000000000e+00	3.723174128170722241e+00
1.181432160804019915e+01	1.838036717409069265e+00	3.199256464181974291e-01	1.428045808973432251e+00	4.008114164145520214e-02	4.478894381009451003e-02	0.000000000000000000e+00	0.000000000000000000e+00	3.670878258252248560e+00
1.193989949748743484e+01	1.834857665634826551e+00	3.070829952761089943e-01	1.391000781098004069e+00	4.071156280788668785e-02	4.602777823411446229e-02	0.000000000000000000e+00	0.000000000000000000e+00	3.619680783050941209e+00
1.206547738693467231e+01	1.831653843962383510e+00	2.945535511902453996e-01	1.354687255977190752e+00	4.125209559563249029e-02	4.738267549492423958e-02	0.000000000000000000e+00	0.000000000000000000e+00	3.569529422220376169e+00
1.219105527638190800e+01	1.828425496711530762e+00	2.823342403394015765e-01	1.319097132384224880e+00	4.167891711047384817e-02	4.880668183992133147e-02	0.000000000000000000e+00	0.000000000000000000e+00	3.520342468385551982e+00
1.231663316582914369e+01	1.825172869125305741e+00	2.704218112066401059e-01	1.284221984555283802e+00	4.196763880213263964e-02	5.022871340852541611e-02	0.000000000000000000e+00	0.000000000000000000e+00	3.472013017097887566e+00
1.244221105527637938e+01	1.821896207331032080e+00	2.588128484977658683e-01	1.250053095431849393e+00	4.209419576839253802e-02	5.155989865882251028e-02	0.000000000000000000e+00	0.000000000000000000e+00	3.424416245687862848e+00
1.256778894472361685e+01	1.818595758301474241e+00	2.475037867232343647e-01	1.216581488806279143e+00	4.203593383948592971e-02	5.270171621914696014e-02	0.000000000000000000e+00	0.000000000000000000e+00	3.377418683889620521e+00
1.269336683417085254e+01	1.815271769816122038e+00	2.364909234259843507e-01	1.183797960345116529e+00	4.177280787917841964e-02	5.355486686326602769e-02	0.000000000000000000e+00	0.000000000000000000e+00	3.330888328329667747e+00
1.281894472361808823e+01	1.811924490422607725e+00	2.257704320392442121e-01	1.151693107468564792e+00	4.128859193009284251e-02	5.402788874808111402e-02	0.000000000000000000e+00	0.000000000000000000e+00	3.284704510608590144e+00
1.294452261306532392e+01	1.808554169398272515e+00	2.153383743598909494e-01	1.120257358068344367e+00	4.057200046171957619e-02	5.404469231856318112e-02	0.000000000000000000e+00	0.000000000000000000e+00	3.238766594606790505e+00
1.307010050251256139e+01	1.805161056711886758e+00	2.051907126244372770e-01	1.089480998049854765e+00	3.961762910151176570e-02	5.355041251913114642e-02	0.000000000000000000e+00	0.000000000000000000e+00	3.193000809006821594e+00
1.319567839195979708e+01	1.801745402985532873e+00	1.953233211761825627e-01	1.059354197688062049e+00	3.842664083815010290e-02	5.251521429079799436e-02	0.000000000000000000e+00	0.000000000000000000e+00	3.147364776978725409e+00
1.332125628140703277e+01	1.798307459456664592e+00	1.857319977134834765e-01	1.029867036789931189e+00	3.700714710557160420e-02	5.093591634701934850e-02	0.000000000000000000e+00	0.000000000000000000e+00	3.101849557412670766e+00
1.344683417085426846e+01	1.794847477940344271e+00	1.764124741104937388e-01	1.001009528659397407e+00	3.537425943021783870e-02	4.883550229736451087e-02	0.000000000000000000e+00	0.000000000000000000e+00	3.056479242437817767e+00
1.357241206030150593e+01	1.791365710791675614e+00	1.673604268030593756e-01	9.727716428638698565e-01	3.354981356690076716e-02	4.626075976165206632e-02	0.000000000000000000e+00	0.000000000000000000e+00	3.011308353787157444e+00
1.369798994974874162e+01	1.787862410868430008e+00	1.585714867337694178e-01	9.451433268040407842e-01	3.156179173113040498e-02	4.327842341888263333e-02	0.000000000000000000e+00	0.000000000000000000e+00	2.966417439556253033e+00
1.382356783919597731e+01	1.784337831493883586e+00	1.500412488514227261e-01	9.181145260913481376e-01	2.944348768800989988e-02	3.997029324082258805e-02	0.000000000000000000e+00	0.000000000000000000e+00	2.921907387365487274e+00
1.394914572864321300e+01	1.780792226419870561e+00	1.417652811614016350e-01	8.916752037397905895e-01	2.723247279187403919e-02	3.642784914647392847e-02	0.000000000000000000e+00	0.000000000000000000e+00	2.877893033259411038e+00
1.407472361809045047e+01	1.777225849790055046e+00	1.337391333246225056e-01	8.658153581809080457e-01	2.496942802355235982e-02	3.274688220370249037e-02	0.000000000000000000e+00	0.000000000000000000e+00	2.834496651522840249e+00
1.420030150753768616e+01	1.773638956103440467e+00	1.259583448038831821e-01	8.405250401126677096e-01	2.269690777646916902e-02	2.902260745955426505e-02	0.000000000000000000e+00	0.000000000000000000e+00	2.791841856256014776e+00
1.432587939698492185e+01	1.770031800178112347e+00	1.184184525575245478e-01	8.157943681946677739e-01	2.045809633659105911e-02	2.534561861506939157e-02	0.000000000000000000e+00	0.000000000000000000e+00	2.750048335881965400e+00
1.445145728643215932e+01	1.766404637115230658e+00	1.111149982813978143e-01	7.916135436035925954e-01	1.829560888558921100e-02	2.179890363693135977e-02	0.000000000000000000e+00	0.000000000000000000e+00	2.709227691522742010e+00
1.457703517587939501e+01	1.762757722263273319e+00	1.040435352011496173e-01	7.679728634641546092e-01	1.625037692051875191e-02	1.845598525198417078e-02	0.000000000000000000e+00	0.000000000000000000e+00	2.669480483101080548e+00
1.470261306532663070e+01	1.759091311182541473e+00	9.719963441782981939e-02	7.448627331719017697e-01	1.436064481569096843e-02	1.538010744821460829e-02	0.000000000000000000e+00	0.000000000000000000e+00	2.630894431036178815e+00
1.482819095477386639e+01	1.755405659609933222e+00	9.057889081078462912e-02	7.222736776252954849e-01	1.266109136404108132e-02	1.262428192561878583e-02	0.000000000000000000e+00	0.000000000000000000e+00	2.593543601335673188e+00
1.495376884422110386e+01	1.751701023423987369e+00	8.417692850271614458e-02	7.001963513853465271e-01	1.118207881246324233e-02	1.023195012116609112e-02	0.000000000000000000e+00	0.000000000000000000e+00	2.557488332245679175e+00
1.507934673366833955e+01	1.747977658610213370e+00	7.798940589267878976e-02	6.786215477819034225e-01	9.949023110033766368e-03	8.238006171544466974e-03	0.000000000000000000e+00	0.000000000000000000e+00	2.522775641566374016e+00
1.520492462311557524e+01	1.744235821226703731e+00	7.201202026363909270e-02	6.575402069864368926e-01	8.981873408686787130e-03	6.669950466085754204e-03	0.000000000000000000e+00	0.000000000000000000e+00	2.489439872351552285e+00
1.533050251256281094e+01	1.740475767370040616e+00	6.624051197205403640e-02	6.369434230718891143e-01	8.294686507569992012e-03	5.548982497574153801e-03	0.000000000000000000e+00	0.000000000000000000e+00	2.457503371419127891e+00
1.545608040201004840e+01	1.736697753141503986e+00	6.067066822771909756e-02	6.168224500808667798e-01	7.895282789101933096e-03	4.890878432073732240e-03	0.000000000000000000e+00	0.000000000000000000e+00	2.426977032671265633e+00
1.558165829145728409e+01	1.732902034613582387e+00	5.529832647290659764e-02	5.971687071242178790e-01	7.784973842959210834e-03	4.706526103080372302e-03	0.000000000000000000e+00	0.000000000000000000e+00	2.397860568156746197e+00
1.570723618090451978e+01	1.729088867796793050e+00	5.011937737055846553e-02	5.779737825328323808e-01	7.958357772315316839e-03	5.002013019083815723e-03	0.000000000000000000e+00	0.000000000000000000e+00	2.370142398491582814e+00
1.583281407035175548e+01	1.725258508606821506e+00	4.512976741201052411e-02	5.592294370863990505e-01	8.403185316080788794e-03	5.778194259677302616e-03	0.000000000000000000e+00	0.000000000000000000e+00	2.343799092680989293e+00
1.595839195979899294e+01	1.721411212831979398e+00	4.032550115541723434e-02	5.409276063438435145e-01	9.100307487950081570e-03	7.029718759169213509e-03	0.000000000000000000e+00	0.000000000000000000e+00	2.318794346578359367e+00
1.608396984924623041e+01	1.717547236100990249e+00	3.570264310670220875e-02	5.230604021012764671e-01	1.002372247561774884e-02	8.743567082264232584e-03	0.000000000000000000e+00	0.000000000000000000e+00	2.295077570866851158e+00
1.620954773869346610e+01	1.713666833851106075e+00	3.125731925549827400e-02	5.056201130045211434e-01	1.114074514567121518e-02	1.089724104581221015e-02	0.000000000000000000e+00	0.000000000000000000e+00	2.272582252302608907e+00
1.633512562814070179e+01	1.709770261296558402e+00	2.698571827914303736e-02	4.885992043446731325e-01	1.241232586230272064e-02	1.345682519764305508e-02	0.000000000000000000e+00	0.000000000000000000e+00	2.251224334980320485e+00
1.646070351758793748e+01	1.705857773397351895e+00	2.288409242837199584e-02	4.719903170666460146e-01	1.379354584694959113e-02	1.637519040247016264e-02	0.000000000000000000e+00	0.000000000000000000e+00	2.230900919141789895e+00
1.658628140703517673e+01	1.701929624828402154e+00	1.894875810889737680e-02	4.557862660223226392e-01	1.523431363503347999e-02	1.959061649715109973e-02	0.000000000000000000e+00	0.000000000000000000e+00	2.211489579091806768e+00
1.671185929648241242e+01	1.697986069949020349e+00	1.517609617356725608e-02	4.399800375016825749e-01	1.668028127162403396e-02	2.302607351944404440e-02	0.000000000000000000e+00	0.000000000000000000e+00	2.192848558415338545e+00
1.683743718592964811e+01	1.694027362772753564e+00	1.156255194027782339e-02	4.245647860771645243e-01	1.807398996813802325e-02	2.658933188363908628e-02	0.000000000000000000e+00	0.000000000000000000e+00	2.174818022641972881e+00
1.696301507537688380e+01	1.690053756937579754e+00	8.104634951247500357e-03	4.095338307984824899e-01	1.935624350995567011e-02	3.017399092958521906e-02	0.000000000000000000e+00	0.000000000000000000e+00	2.157222457126850124e+00
1.708859296482411949e+01	1.686065505676464182e+00	4.798918489656066669e-03	3.948806507771229213e-01	2.046769444438621341e-02	3.366144157314239493e-02	0.000000000000000000e+00	0.000000000000000000e+00	2.139874210960771350e+00
1.721417085427135518e+01	1.682062861788278019e+00	1.642038870003540308e-03	3.805988802017952755e-01	2.135061379033396239e-02	3.692372387684755147e-02	0.000000000000000000e+00	0.000000000000000000e+00	2.122578118527258528e+00
1.733974874371859087e+01	1.678046077609085973e+00	-1.369305481150072824e-03	3.666823028281380181e-01	2.195080054066825270e-02	3.982720558070836775e-02	0.000000000000000000e+00	0.000000000000000000e+00	2.105137081077450567e+00
1.746532663316582656e+01	1.674015404983802524e+00	-4.238355137153436251e-03	3.531248459879501866e-01	2.221957340971989284e-02	4.223698599106871093e-02	0.000000000000000000e+00	0.000000000000000000e+00	2.087358455235388099e+00
1.759090452261306581e+01	1.669971095238219849e+00	-6.968290958824036908e-03	3.399205741651177837e-01	2.211577489864504503e-02	4.402191068068039836e-02	0.000000000000000000e+00	0.000000000000000000e+00	2.069061064023839158e+00
1.771648241206030150e+01	1.665913399151415453e+00	-9.562235540342960138e-03	3.270636821871394373e-01	2.160770753393565641e-02	4.506005770072887828e-02	0.000000000000000000e+00	0.000000000000000000e+00	2.050082611032876923e+00
1.784206030150753719e+01	1.661842566928533271e+00	-1.202325479613970162e-02	3.145484880827350005e-01	2.067491473419191123e-02	4.524452244478258806e-02	0.000000000000000000e+00	0.000000000000000000e+00	2.030287237394102995e+00
1.796763819095477288e+01	1.657758848173948030e+00	-1.435435967139858486e-02	3.023694256573788985e-01	1.930971476430871914e-02	4.448928902459568790e-02	0.000000000000000000e+00	0.000000000000000000e+00	2.009572917948832416e+00
1.809321608040200857e+01	1.653662491864812845e+00	-1.655850795885945026e-02	2.905210368396822784e-01	1.751839616146609602e-02	4.273493804745388813e-02	0.000000000000000000e+00	0.000000000000000000e+00	1.987878354954555560e+00
1.821879396984924426e+01	1.649553746324988746e+00	-1.863860620468841753e-02	2.789979638523651939e-01	1.532198730321371327e-02	3.995391143760266411e-02	0.000000000000000000e+00	0.000000000000000000e+00	1.965189002713481958e+00
1.834437185929647995e+01	1.645432859199365438e+00	-2.059751168636842628e-02	2.677949412620190817e-01	1.275652178131255962e-02	3.615503897776047026e-02	0.000000000000000000e+00	0.000000000000000000e+00	1.941541849534089259e+00
1.846994974874371920e+01	1.641300077428564652e+00	-2.243803444579793929e-02	2.569067879619928996e-01	9.872735175977432817e-03	3.138702872804625260e-02	0.000000000000000000e+00	0.000000000000000000e+00	1.917028594848783296e+00
1.859552763819095489e+01	1.637155647224041166e+00	-2.416293936109337528e-02	2.463283991424775332e-01	6.735147772704905625e-03	2.574063093474810229e-02	0.000000000000000000e+00	0.000000000000000000e+00	1.891796885712878407e+00
1.872110552763819058e+01	1.632999814043566200e+00	-2.577494824096558668e-02	2.360547383012231437e-01	3.420511607693439617e-03	1.934919802514740994e-02	0.000000000000000000e+00	0.000000000000000000e+00	1.866049313736664717e+00
1.884668341708542627e+01	1.628832822567111593e+00	-2.727674192598279757e-02	2.260808293472899022e-01	1.562858513807122938e-05	1.238737987818802969e-02	0.000000000000000000e+00	0.000000000000000000e+00	1.840039918451744860e+00
1.897226130653266196e+01	1.624654916673123228e+00	-2.867096238153651194e-02	2.164017488487998686e-01	-3.385421442238200924e-03	5.067717283754048264e-03	0.000000000000000000e+00	0.000000000000000000e+00	1.814067998981902630e+00
1.909783919597989765e+01	1.620466339415188584e+00	-2.996021476789809124e-02	2.070126184738336483e-01	-6.684568944010033445e-03	-2.365062610636944028e-03	0.000000000000000000e+00	0.000000000000000000e+00	1.788469111566477254e+00
1.922341708542713334e+01	1.616267332999103523e+00	-3.114706947337987641e-02	1.979085976714313466e-01	-9.783449846022154728e-03	-9.642171943342962501e-03	0.000000000000000000e+00	0.000000000000000000e+00	1.763603239407789847e+00
1.934899497487436903e+01	1.612058138760332326e+00	-3.223406409730300570e-02	1.890848766371012457e-01	-1.258736338902888448e-02	-1.648131047230527724e-02	0.000000000000000000e+00	0.000000000000000000e+00	1.739840277438796434e+00
1.947457286432160828e+01	1.607838997141863180e+00	-3.322370537020671172e-02	1.805366696043872177e-01	-1.500931772423635437e-02	-2.259945699101028813e-02	0.000000000000000000e+00	0.000000000000000000e+00	1.717543186660797305e+00
1.960015075376884397e+01	1.603610147672464237e+00	-3.411847099952664691e-02	1.722592085008769480e-01	-1.697396421183015522e-02	-2.772748291144217642e-02	0.000000000000000000e+00	0.000000000000000000e+00	1.697049438050542314e+00
1.972572864321607966e+01	1.599371828945332474e+00	-3.492081142979377301e-02	1.642477370036344864e-01	-1.842120725604877787e-02	-3.162588146082244422e-02	0.000000000000000000e+00	0.000000000000000000e+00	1.678651665802301851e+00
1.985130653266331535e+01	1.595124278597143119e+00	-3.563315150727546649e-02	1.564975050254348576e-01	-1.930927515799230748e-02	-3.410061018373193586e-02	0.000000000000000000e+00	0.000000000000000000e+00	1.662578746773578198e+00
1.997688442211055104e+01	1.590867733287494756e+00	-3.625789203988145221e-02	1.490037636594012116e-01	-1.961705109056278984e-02	-3.501778926244504542e-02	0.000000000000000000e+00	0.000000000000000000e+00	1.648978764554006604e+00
2.010246231155778673e+01	1.586602428678749233e+00	-3.679741124408482389e-02	1.417617606057704482e-01	-1.934549297959822084e-02	-3.431584368799819873e-02	0.000000000000000000e+00	0.000000000000000000e+00	1.637905441372838444e+00
2.022804020100502242e+01	1.582328599416271908e+00	-3.725406607155784533e-02	1.347667361005692455e-01	-1.851801639723956242e-02	-3.201368122960903534e-02	0.000000000000000000e+00	0.000000000000000000e+00	1.629309571818434721e+00
2.035361809045226167e+01	1.578046479109062927e+00	-3.763019340918767608e-02	1.280139193620302152e-01	-1.717977339639928033e-02	-2.821370087312817174e-02	0.000000000000000000e+00	0.000000000000000000e+00	1.623036730792378091e+00
2.047919597989949736e+01	1.573756300310789280e+00	-3.792811114711225340e-02	1.214985255666549552e-01	-1.539582865985929944e-02	-2.309883658456805128e-02	0.000000000000000000e+00	0.000000000000000000e+00	1.618832049485904756e+00
2.060477386934673305e+01	1.569458294501206552e+00	-3.815011911039706272e-02	1.152157533629837305e-01	-1.324830704165563811e-02	-1.692342616216539405e-02	0.000000000000000000e+00	0.000000000000000000e+00	1.616352195549972226e+00
2.073035175879396874e+01	1.565152692067976359e+00	-3.829849985094959525e-02	1.091607829274161695e-01	-1.083265721138872151e-02	-9.998379882338185101e-03	0.000000000000000000e+00	0.000000000000000000e+00	1.615183938050715806e+00
2.085592964824120443e+01	1.560839722288875908e+00	-3.837551929724217908e-02	1.033287745628432286e-01	-8.253238094961276236e-03	-2.671802819684676936e-03	0.000000000000000000e+00	0.000000000000000000e+00	1.614867936639831081e+00
2.098150753768844012e+01	1.556519613314399475e+00	-3.838342726037301950e-02	9.771486783747219962e-02	-5.618482132433930305e-03	4.693217710404167312e-03	0.000000000000000000e+00	0.000000000000000000e+00	1.614925789469469075e+00
2.110708542713567581e+01	1.552192592150750228e+00	-3.832445779593903618e-02	9.231418125804033425e-02	-3.035917404519127786e-03	1.174161171111613722e-02	0.000000000000000000e+00	0.000000000000000000e+00	1.614888009919448697e+00
2.123266331658291151e+01	1.547858884643219746e+00	-3.820082942211724952e-02	8.712181246866551598e-02	-6.073367634988720764e-04	1.814800908088813614e-02	0.000000000000000000e+00	0.000000000000000000e+00	1.614320540007157190e+00
2.135824120603015075e+01	1.543518715459955892e+00	-3.801474519525074175e-02	8.213283896386254501e-02	1.575614068137862677e-03	2.363522996192514436e-02	0.000000000000000000e+00	0.000000000000000000e+00	1.612847653258630443e+00
2.148381909547738644e+01	1.539172308076116602e+00	-3.776839264510675753e-02	7.734231930178153691e-02	3.435193854582943920e-03	2.798817106684776956e-02	0.000000000000000000e+00	0.000000000000000000e+00	1.610169599654222017e+00
2.160939698492462213e+01	1.534819884758408248e+00	-3.746394357281006282e-02	7.274529480150325467e-02	4.910485609638098707e-03	3.106228350387818180e-02	0.000000000000000000e+00	0.000000000000000000e+00	1.606074005100617486e+00
2.173497487437185782e+01	1.530461666550003041e+00	-3.710355371526600360e-02	6.833679170622372623e-02	5.959358874223247282e-03	3.278648030888773462e-02	0.000000000000000000e+00	0.000000000000000000e+00	1.600440743724071746e+00
2.186055276381909351e+01	1.526097873255842785e+00	-3.668936228065092925e-02	6.411182379239920015e-02	6.559422215498916971e-03	3.316088869230909147e-02	0.000000000000000000e+00	0.000000000000000000e+00	1.593240645675399136e+00
2.198613065326632920e+01	1.521728723428316110e+00	-3.622349136028149563e-02	6.006539540336038041e-02	6.707979609909282999e-03	3.225029858124512511e-02	0.000000000000000000e+00	0.000000000000000000e+00	1.584528905662549336e+00
2.211170854271356490e+01	1.517354434353314074e+00	-3.570804522286284699e-02	5.619250488453274295e-02	6.421063399572984366e-03	3.017441820296268631e-02	0.000000000000000000e+00	0.000000000000000000e+00	1.574434375617519422e+00
2.223728643216080414e+01	1.512975222036660128e+00	-3.514510949776423337e-02	5.248814839619764944e-02	5.731664625724986611e-03	2.709612921813952038e-02	0.000000000000000000e+00	0.000000000000000000e+00	1.563146054778958183e+00
2.236286432160803983e+01	1.508591301190912670e+00	-3.453675025457634412e-02	4.894732407866442259e-02	4.687316320184078434e-03	2.320886746271315360e-02	0.000000000000000000e+00	0.000000000000000000e+00	1.550898058797897994e+00
2.248844221105527552e+01	1.504202885222534425e+00	-3.388501298676376700e-02	4.556503654378230711e-02	3.347205929436481570e-03	1.872408680865919606e-02	0.000000000000000000e+00	0.000000000000000000e+00	1.537954201517648389e+00
2.261402010050251121e+01	1.499810186219433517e+00	-3.319192150774452621e-02	4.233630166586895005e-02	1.778999999962421752e-03	1.385954329821228667e-02	0.000000000000000000e+00	0.000000000000000000e+00	1.524593109675732583e+00
2.273959798994974690e+01	1.495413414938864705e+00	-3.245947676819609107e-02	3.925615164435521803e-02	5.555917884730841736e-05	8.828908660482245180e-03	0.000000000000000000e+00	0.000000000000000000e+00	1.511094557654353521e+00
2.286517587939698259e+01	1.491012780795696768e+00	-3.168965560381317714e-02	3.631964030971506635e-02	-1.748293226399921753e-03	3.833018098711787978e-03	0.000000000000000000e+00	0.000000000000000000e+00	1.497727490373910619e+00
2.299075376884421829e+01	1.486608491851036939e+00	-3.088440942311518334e-02	3.352184864355938626e-02	-3.558807831358511749e-03	-9.471064509192948181e-04	0.000000000000000000e+00	0.000000000000000000e+00	1.484740016789203532e+00
2.311633165829145398e+01	1.482200754801211273e+00	-3.004566284523292607e-02	3.085789048308909890e-02	-5.306036097313046596e-03	-5.355436224704441563e-03	0.000000000000000000e+00	0.000000000000000000e+00	1.472351510117050122e+00
2.324190954773869322e+01	1.477789774967103398e+00	-2.917531229788112440e-02	2.832291837943950660e-02	-6.926161476166467490e-03	-9.264379518309299663e-03	0.000000000000000000e+00	0.000000000000000000e+00	1.460746840054186091e+00
2.336748743718592891e+01	1.473375756283838101e+00	-2.827522458595094906e-02	2.591212957878990045e-02	-8.363377560216989082e-03	-1.257660565480853490e-02	0.000000000000000000e+00	0.000000000000000000e+00	1.450072678061651521e+00
2.349306532663316460e+01	1.468958901290819963e+00	-2.734723544134037149e-02	2.362077209443886119e-02	-9.571283570321833037e-03	-1.522540417067287655e-02	0.000000000000000000e+00	0.000000000000000000e+00	1.440435750202923471e+00
2.361864321608040029e+01	1.464539411122109058e+00	-2.639314806476245751e-02	2.144415083741108355e-02	-1.051379257132026464e-02	-1.717376442697984146e-02	0.000000000000000000e+00	0.000000000000000000e+00	1.431902856896457354e+00
2.374422110552763598e+01	1.460117485497147038e+00	-2.541473167034946981e-02	1.937763377251672595e-02	-1.116556958478349786e-02	-1.841238459844150160e-02	0.000000000000000000e+00	0.000000000000000000e+00	1.424502433416089398e+00
2.386979899497487168e+01	1.455693322711816950e+00	-2.441372004389339226e-02	1.741665806617909151e-02	-1.151203480661017881e-02	-1.895683517921876657e-02	0.000000000000000000e+00	0.000000000000000000e+00	1.418227390748273642e+00
2.399537688442210737e+01	1.451267119629839675e+00	-2.339181012552843386e-02	1.555673619179489750e-02	-1.154898120961060128e-02	-1.884410785576155767e-02	0.000000000000000000e+00	0.000000000000000000e+00	1.413038956630734200e+00
2.412095477386934661e+01	1.446839071674503874e+00	-2.235066062757513558e-02	1.379346195790012025e-02	-1.128186589278232406e-02	-1.812877384702287625e-02	0.000000000000000000e+00	0.000000000000000000e+00	1.408871233265023726e+00
2.424653266331658230e+01	1.442409372820726121e+00	-2.129189069812320242e-02	1.212251642401137620e-02	-1.072484075359634095e-02	-1.687895747067324689e-02	0.000000000000000000e+00	0.000000000000000000e+00	1.405636200322344820e+00
2.437211055276381799e+01	1.437978215587433439e+00	-2.021707864072768215e-02	1.053967366873452896e-02	-9.899590646356209653e-03	-1.517230490198857862e-02	0.000000000000000000e+00	0.000000000000000000e+00	1.403228915067095572e+00
2.449768844221105368e+01	1.433545791030272687e+00	-1.912776070033741366e-02	9.040806374593868266e-03	-8.834046475316922886e-03	-1.309210095177030207e-02	0.000000000000000000e+00	0.000000000000000000e+00	1.401532689277441790e+00
2.462326633165828937e+01	1.429112288734636582e+00	-1.802542992525938900e-02	7.621891194054398848e-03	-7.561037050706011058e-03	-1.072366373341698126e-02	0.000000000000000000e+00	0.000000000000000000e+00	1.400424049219308742e+00
2.474884422110552507e+01	1.424677896809006583e+00	-1.691153511458867026e-02	6.279013861441383459e-03	-6.116937460218676778e-03	-8.151130637320877850e-03	0.000000000000000000e+00	0.000000000000000000e+00	1.399777307458319742e+00
2.487442211055276076e+01	1.420242801878606409e+00	-1.578747986010523713e-02	5.008374015893894173e-03	-4.540363679418729995e-03	-5.454736725628197246e-03	0.000000000000000000e+00	0.000000000000000000e+00	1.399468595629348222e+00
2.500000000000000000e+01	1.415807189079367978e+00	-1.465462169114910111e-02	3.806289701176076862e-03	-2.870953710771392137e-03	-2.708672096091018031e-03	0.000000000000000000e+00	0.000000000000000000e+00	1.399379231282532610e+00
