# q (inverse Anstrom)	f(q): 1s	f(q): 2s	f(q): 2p	f(q): 3s	f(q): 3p	f(q): 3d	f(q): 4s	f(q): total
1.000000000000000021e-02	1.996293875096059045e+00	1.998110596172878006e+00	5.994652447956982044e+00	1.998318952905555168e+00	3.996407068113545957e+00	0.000000000000000000e+00	0.000000000000000000e+00	1.598378294024502111e+01
1.355778894472361717e-01	1.996274415568264793e+00	1.997691776927842389e+00	5.993520533375006565e+00	1.992942084657667312e+00	3.980404222401637604e+00	0.000000000000000000e+00	0.000000000000000000e+00	1.596083303293042022e+01
2.611557788944723346e-01	1.996221369557154901e+00	1.996550879650714982e+00	5.990437191258605409e+00	1.978364873654054668e+00	3.937163822891449616e+00	0.000000000000000000e+00	0.000000000000000000e+00	1.589873813701197847e+01
3.867336683417085252e-01	1.996134746825000361e+00	1.994689254237663967e+00	5.985406304587341353e+00	1.954796431306643267e+00	3.867699181125757057e+00	0.000000000000000000e+00	0.000000000000000000e+00	1.579872591808240756e+01
5.123115577889446604e-01	1.996014554427139931e+00	1.992109099915806869e+00	5.978434197799360916e+00	1.922571710249093124e+00	3.773610129718804274e+00	0.000000000000000000e+00	0.000000000000000000e+00	1.566273969211020578e+01
6.378894472361807955e-01	1.995860802025762881e+00	1.988813461224083978e+00	5.969529622842523864e+00	1.882142387636814407e+00	3.657008524322821863e+00	0.000000000000000000e+00	0.000000000000000000e+00	1.549335479805200677e+01
7.634673366834170416e-01	1.995673501957731188e+00	1.984806221047302754e+00	5.958703735870932050e+00	1.834064801987089988e+00	3.520423524650323266e+00	0.000000000000000000e+00	0.000000000000000000e+00	1.529367178551337858e+01
8.890452261306531767e-01	1.995452669242897992e+00	1.980092091735323079e+00	5.945970067578215001e+00	1.778985468527270575e+00	3.366693779495801397e+00	0.000000000000000000e+00	0.000000000000000000e+00	1.506719407657950782e+01
1.014623115577889312e+00	1.995198321584042089e+00	1.974676604351023324e+00	5.931344487334051507e+00	1.717624782325381183e+00	3.198854059228028568e+00	0.000000000000000000e+00	0.000000000000000000e+00	1.481769825482252756e+01
1.140201005025125447e+00	1.994910479364499389e+00	1.968566096088876893e+00	5.914845161293399656e+00	1.650759565553950203e+00	3.020023522508289648e+00	0.000000000000000000e+00	0.000000000000000000e+00	1.454910482480901734e+01
1.265778894472361582e+00	1.994589165644743423e+00	1.961767695911768472e+00	5.896492504672026236e+00	1.579205124253381998e+00	2.833301809567501106e+00	0.000000000000000000e+00	0.000000000000000000e+00	1.426535630004942234e+01
1.391356783919597717e+00	1.994234406158263528e+00	1.954289308459947527e+00	5.876309128406902893e+00	1.503797453304649867e+00	2.641677729658137963e+00	0.000000000000000000e+00	0.000000000000000000e+00	1.397030802598790089e+01
1.516934673366834074e+00	1.993846229306870388e+00	1.946139596292104201e+00	5.854319780443749011e+00	1.425376170861033298e+00	2.447953687904276254e+00	0.000000000000000000e+00	0.000000000000000000e+00	1.366763546480803271e+01
1.642512562814070209e+00	1.993424666155457325e+00	1.937327960524330761e+00	5.830551281916092954e+00	1.344768681870790239e+00	2.254687393396303641e+00	0.000000000000000000e+00	0.000000000000000000e+00	1.336075998386297314e+01
1.768090452261306345e+00	1.992969750426259568e+00	1.927864519938160770e+00	5.805032458500540393e+00	1.262775972171307215e+00	2.064150976348547051e+00	0.000000000000000000e+00	0.000000000000000000e+00	1.305279367738481433e+01
1.893668341708542480e+00	1.992481518492607240e+00	1.917760088633899240e+00	5.777794067251181609e+00	1.180160327765323425e+00	1.878306525323325316e+00	0.000000000000000000e+00	0.000000000000000000e+00	1.274650252746633505e+01
2.019246231155778393e+00	1.991960009372185869e+00	1.907026152310049127e+00	5.748868719232367752e+00	1.097635165620400421e+00	1.698796279366185047e+00	0.000000000000000000e+00	0.000000000000000000e+00	1.244428632590118866e+01
2.144824120603014528e+00	1.991405264719810830e+00	1.895674843253831066e+00	5.718290798283087284e+00	1.015857058965362603e+00	1.526945262693592431e+00	0.000000000000000000e+00	0.000000000000000000e+00	1.214817322791568444e+01
2.270402010050250663e+00	1.990817328819712184e+00	1.883718914131463418e+00	5.686096376258093166e+00	9.354199465478105768e-01	1.363773980676764364e+00	0.000000000000000000e+00	0.000000000000000000e+00	1.185982654643384393e+01
2.395979899497486798e+00	1.990196248577341676e+00	1.871171710670127775e+00	5.652323125100511270e+00	8.568514351408395013e-01	1.210018834280242483e+00	0.000000000000000000e+00	0.000000000000000000e+00	1.158056135376906326e+01
2.521557788944722933e+00	1.989542073510699893e+00	1.858047143326287731e+00	5.617010226107996829e+00	7.806110397725056771e-01	1.066158081676521707e+00	0.000000000000000000e+00	0.000000000000000000e+00	1.131136856439401051e+01
2.647135678391959068e+00	1.988854855741187144e+00	1.844359658037279193e+00	5.580198276759605669e+00	7.070901574350911822e-01	9.324414161699170478e-01	0.000000000000000000e+00	0.000000000000000000e+00	1.105294436414308024e+01
2.772713567839195203e+00	1.988134649983984259e+00	1.830124206154883248e+00	5.541929195473353609e+00	6.366135370922647585e-01	8.089214918984775071e-01	0.000000000000000000e+00	0.000000000000000000e+00	1.080572308060296294e+01
2.898291457286431339e+00	1.987381513537965994e+00	1.815356213660846096e+00	5.502246124665073346e+00	5.694419905283854000e-01	6.954859853525224844e-01	0.000000000000000000e+00	0.000000000000000000e+00	1.056991182774479299e+01
3.023869346733667918e+00	1.986595506275145695e+00	1.800071549765126955e+00	5.461193332477702000e+00	5.057760833306645942e-01	5.918890203012544537e-01	0.000000000000000000e+00	0.000000000000000000e+00	1.034552549214989270e+01
3.149447236180904053e+00	1.985776690629661223e+00	1.784286494987952221e+00	5.418816113546508717e+00	4.457605511134797305e-01	4.977810057545923317e-01	0.000000000000000000e+00	0.000000000000000000e+00	1.013242085603219422e+01
3.275025125628140188e+00	1.984925131586304348e+00	1.768017708826602474e+00	5.375160689160283667e+00	3.894892009168955949e-01	4.127361448902411856e-01	0.000000000000000000e+00	0.000000000000000000e+00	9.930328875380325826e+00
3.400603015075376323e+00	1.984040896668594955e+00	1.751282197107254524e+00	5.330274107171065090e+00	3.370100794864906435e-01	3.362770702265548417e-01	0.000000000000000000e+00	0.000000000000000000e+00	9.738884350659960276e+00
3.526180904522612458e+00	1.983124055926402951e+00	1.734097279121139978e+00	5.284204141995853199e+00	2.883307169231486000e-01	2.678962457121747409e-01	0.000000000000000000e+00	0.000000000000000000e+00	9.557652439678719247e+00
3.651758793969848593e+00	1.982174681923130510e+00	1.716480554642813683e+00	5.236999195042952415e+00	2.434232841930876468e-01	2.070739451482406235e-01	0.000000000000000000e+00	0.000000000000000000e+00	9.386151660950222464e+00
3.777336683417084728e+00	1.981192849722449800e+00	1.698449870926456828e+00	5.188708195883382501e+00	2.022295346073579025e-01	1.532927624954114054e-01	0.000000000000000000e+00	0.000000000000000000e+00	9.223873213635059187e+00
3.902914572864320863e+00	1.980178636874603493e+00	1.680023289773879824e+00	5.139380504474144296e+00	1.646654312030631229e-01	1.060487292323472192e-01	0.000000000000000000e+00	0.000000000000000000e+00	9.070296591558037136e+00
4.028492462311556999e+00	1.979132123402272514e+00	1.661219054765300740e+00	5.089065814725397097e+00	1.306253927567584405e-01	6.485920776873653482e-02	0.000000000000000000e+00	0.000000000000000000e+00	8.924901593418464785e+00
4.154070351758793578e+00	1.978053391786020576e+00	1.642055558741031707e+00	5.037814059687764079e+00	9.998611988064352862e-02	2.926780394271732283e-02	0.000000000000000000e+00	0.000000000000000000e+00	8.787176934038177123e+00
4.279648241206029269e+00	1.976942526949312162e+00	1.622551311618987357e+00	4.985675318619305685e+00	7.260998841021627792e-02	-1.153394914984022654e-03	0.000000000000000000e+00	0.000000000000000000e+00	8.656625750682836795e+00
4.405226130653265848e+00	1.975799616243113732e+00	1.602724908629424183e+00	4.932699726174263333e+00	4.834801937221681195e-02	-2.680388836183809909e-02	0.000000000000000000e+00	0.000000000000000000e+00	8.532768382057179579e+00
4.530804020100501539e+00	1.974624749430081483e+00	1.582594999044578010e+00	4.878937383937708816e+00	2.704245268343627093e-02	-4.805670636258813078e-02	0.000000000000000000e+00	0.000000000000000000e+00	8.415142878733215426e+00
4.656381909547738118e+00	1.973418018668345209e+00	1.562180255476915525e+00	4.824438274511832603e+00	8.528965022469633256e-03	-6.526173538246915484e-02	0.000000000000000000e+00	0.000000000000000000e+00	8.303303778297092208e+00
4.781959798994973809e+00	1.972179518494886485e+00	1.541499343815573742e+00	4.769252178340892989e+00	-7.361419108115782942e-03	-7.874988660490314651e-02	0.000000000000000000e+00	0.000000000000000000e+00	8.196819734938332047e+00
4.907537688442210388e+00	1.970909345808522950e+00	1.520570893866268758e+00	4.713428593443080850e+00	-2.080067017741565188e-02	-8.883754658238353363e-02	0.000000000000000000e+00	0.000000000000000000e+00	8.095270616358074989e+00
5.033115577889446079e+00	1.969607599852497559e+00	1.499413470755545985e+00	4.657016658198712911e+00	-3.196229773146406355e-02	-9.583077358221310516e-02	0.000000000000000000e+00	0.000000000000000000e+00	7.998244657493080112e+00
5.158693467336682659e+00	1.968274382196689931e+00	1.478045547155727002e+00	4.600065077325508511e+00	-4.102004747735824713e-02	-1.000287741470465563e-01	0.000000000000000000e+00	0.000000000000000000e+00	7.905336185053521092e+00
5.284271356783918350e+00	1.966909796719439996e+00	1.456485476382328059e+00	4.542622051153282214e+00	-4.814671032558299341e-02	-1.017263092563856358e-01	0.000000000000000000e+00	0.000000000000000000e+00	7.816144304673080967e+00
5.409849246231154929e+00	1.965513949589002607e+00	1.434751466411105403e+00	4.484735208292291553e+00	-5.351301189770638067e-02	-1.012148229688125262e-01	0.000000000000000000e+00	0.000000000000000000e+00	7.730272789425880475e+00
5.535427135678390620e+00	1.964086949244636893e+00	1.412861554857252955e+00	4.426451541771892373e+00	-5.728656178058236931e-02	-9.878223762431097288e-02	0.000000000000000000e+00	0.000000000000000000e+00	7.647331246468888288e+00
5.661005025125627199e+00	1.962628906377325899e+00	1.390833584954642266e+00	4.367817348709090552e+00	-5.963085282809345994e-02	-9.471149813456125610e-02	0.000000000000000000e+00	0.000000000000000000e+00	7.566937489078403800e+00
5.786582914572862890e+00	1.961139933910151179e+00	1.368685182568413428e+00	4.308878173550138690e+00	-6.070431111881967323e-02	-8.927805938231987704e-02	0.000000000000000000e+00	0.000000000000000000e+00	7.488720919527563247e+00
5.912160804020099469e+00	1.959620146978310329e+00	1.346433734269675053e+00	4.249678754912580736e+00	-6.065940592276530124e-02	-8.274659013676158303e-02	0.000000000000000000e+00	0.000000000000000000e+00	7.412326640101039033e+00
6.037738693467336049e+00	1.958069662908796582e+00	1.324096366496625654e+00	4.190262976040208365e+00	-5.964183552783892950e-02	-7.536721693149282808e-02	0.000000000000000000e+00	0.000000000000000000e+00	7.337419952986298455e+00
6.163316582914571740e+00	1.956488601199741328e+00	1.301689925822025584e+00	4.130673818869183833e+00	-5.778980855231773128e-02	-6.737165853288233641e-02	0.000000000000000000e+00	0.000000000000000000e+00	7.263690878805750373e+00
6.288894472361808319e+00	1.954877083499425572e+00	1.279230960342700119e+00	4.070953321690244486e+00	-5.523344118734885982e-02	-5.896961115318002239e-02	0.000000000000000000e+00	0.000000000000000000e+00	7.190858313191840878e+00
6.414472361809044010e+00	1.953235233584969865e+00	1.256735702202623317e+00	4.011142540379523780e+00	-5.209428869130281609e-02	-5.034573697560729838e-02	0.000000000000000000e+00	0.000000000000000000e+00	7.118673450500206279e+00
6.540050251256280589e+00	1.951563177340710276e+00	1.234220051257136408e+00	3.951281513158840131e+00	-4.848502466510806741e-02	-4.165757946914215581e-02	0.000000000000000000e+00	0.000000000000000000e+00	7.046922137622436466e+00
6.665628140703516280e+00	1.949861042736259487e+00	1.211699559882023713e+00	3.891409228835769785e+00	-4.450927467871747256e-02	-3.303467184455501776e-02	0.000000000000000000e+00	0.000000000000000000e+00	6.975425884930780640e+00
6.791206030150752859e+00	1.948128959804272142e+00	1.189189418927479425e+00	3.831563598463946896e+00	-4.026160239824806697e-02	-2.457901551760492340e-02	0.000000000000000000e+00	0.000000000000000000e+00	6.904041359279845302e+00
6.916783919597988550e+00	1.946367060617908207e+00	1.166704444813508879e+00	3.771781430355268583e+00	-3.582763733524281513e-02	-1.636698536144660238e-02	0.000000000000000000e+00	0.000000000000000000e+00	6.832658313089996938e+00
7.042361809045225129e+00	1.944575479268014107e+00	1.144259067759963777e+00	3.712098408367646485e+00	-3.128432464054741596e-02	-8.452577390713795699e-03	0.000000000000000000e+00	0.000000000000000000e+00	6.761196053364362690e+00
7.167939698492460820e+00	1.942754351840018323e+00	1.121867321141271523e+00	3.652549073384872891e+00	-2.670026993455931752e-02	-8.717685305065474158e-04	0.000000000000000000e+00	0.000000000000000000e+00	6.689598707901097008e+00
7.293517587939697400e+00	1.940903816390551873e+00	1.099542831952959876e+00	3.593166807898887871e+00	-2.213614685701203663e-02	6.352373236465275012e-03	0.000000000000000000e+00	0.000000000000000000e+00	6.617829682621852783e+00
7.419095477386933091e+00	1.939024012923807216e+00	1.077298812374305692e+00	3.533983823599302632e+00	-1.764513251431370361e-02	1.320428834922274426e-02	0.000000000000000000e+00	0.000000000000000000e+00	6.545865804732324378e+00
7.544673366834169670e+00	1.937115083367631607e+00	1.055148052408855008e+00	3.475031151870326962e+00	-1.327333673109398759e-02	1.967074636867453818e-02	0.000000000000000000e+00	0.000000000000000000e+00	6.473691697284394309e+00
7.670251256281405361e+00	1.935177171549369968e+00	1.033102913582179871e+00	3.416338637091366426e+00	-9.060195094474057104e-03	2.573639760749037858e-02	0.000000000000000000e+00	0.000000000000000000e+00	6.401294924735932312e+00
7.795829145728641940e+00	1.933210423171464409e+00	1.011175323674023518e+00	3.357934932634270009e+00	-5.038802989789827567e-03	3.138051028848319601e-02	0.000000000000000000e+00	0.000000000000000000e+00	6.328662386778450610e+00
7.921407035175877631e+00	1.931214985786811722e+00	9.893767724599926705e-01	3.299847499447674970e+00	-1.236177594764659160e-03	3.657524538200650210e-02	0.000000000000000000e+00	0.000000000000000000e+00	6.255778325481721858e+00
8.046984924623114210e+00	1.929191008773894822e+00	9.677183084361044019e-01	3.242102607116914559e+00	2.326553756094835047e-03	4.128568098595049307e-02	0.000000000000000000e+00	0.000000000000000000e+00	6.182624159068959457e+00
8.172562814070349901e+00	1.927138643311688826e+00	9.462105364978651290e-01	3.184725337286589575e+00	5.634028427682164983e-03	4.547163134383926109e-02	0.000000000000000000e+00	0.000000000000000000e+00	6.109180176867664791e+00
8.298140703517587369e+00	1.925058042354350851e+00	9.248636165440772272e-01	3.127739589332000580e+00	8.676564867923905813e-03	4.909112466068637354e-02	0.000000000000000000e+00	0.000000000000000000e+00	6.035428937759038881e+00
8.423718592964823060e+00	1.922949360605704205e+00	9.036872629742714880e-01	3.071168088165308507e+00	1.145008953973708846e-02	5.210522207336911599e-02	0.000000000000000000e+00	0.000000000000000000e+00	5.961360023358390769e+00
8.549296482412058751e+00	1.920812754493520069e+00	8.826907450475186545e-01	3.015032394062285181e+00	1.395603729891052927e-02	5.448369231397207080e-02	0.000000000000000000e+00	0.000000000000000000e+00	5.886975623216206266e+00
8.674874371859294442e+00	1.918648382143607334e+00	8.618828880694098249e-01	2.959352914396015777e+00	1.620118606103451361e-02	5.621091958048103632e-02	0.000000000000000000e+00	0.000000000000000000e+00	5.812296290250548836e+00
8.800452261306531909e+00	1.916456403353716142e+00	8.412720753731541823e-01	2.904148917164675492e+00	1.819738913711839087e-02	5.729133421673818227e-02	0.000000000000000000e+00	0.000000000000000000e+00	5.737366119245402629e+00
8.926030150753767600e+00	1.914236979567264907e+00	8.208662510600738260e-01	2.849438546201638278e+00	1.996117578799566986e-02	5.775363507323132140e-02	0.000000000000000000e+00	0.000000000000000000e+00	5.662256587690204235e+00
9.051608040201003291e+00	1.911990273846894794e+00	8.006729234642253612e-01	2.795238837957537914e+00	2.151320186593017741e-02	5.765313362247462270e-02	0.000000000000000000e+00	0.000000000000000000e+00	5.587068370757063640e+00
9.177185929648238982e+00	1.909716450847864566e+00	7.806991693054795567e-01	2.741565739745572827e+00	2.287754687112549326e-02	5.707170054036912743e-02	0.000000000000000000e+00	0.000000000000000000e+00	5.511930607310411290e+00
9.302763819095476450e+00	1.907415676791288650e+00	7.609516384950937296e-01	2.688434129343145074e+00	2.408086989739630437e-02	5.611503187623134714e-02	0.000000000000000000e+00	0.000000000000000000e+00	5.436997346403154907e+00
9.428341708542712141e+00	1.905088119437226446e+00	7.414365595576580814e-01	2.635857835844965358e+00	2.515145301360054153e-02	5.490725646649317893e-02	0.000000000000000000e+00	0.000000000000000000e+00	5.362441224319943522e+00
9.553919597989947832e+00	1.902733948057634628e+00	7.221597456332268239e-01	2.583849661664919140e+00	2.611817475067313571e-02	5.358324658526707890e-02	0.000000000000000000e+00	0.000000000000000000e+00	5.288444776691720861e+00
9.679497487437183523e+00	1.900353333409186662e+00	7.031266010235101005e-01	2.532421405586308349e+00	2.700946677944134067e-02	5.227932526606748204e-02	0.000000000000000000e+00	0.000000000000000000e+00	5.215190132064514650e+00
9.805075376884420990e+00	1.897946447705964212e+00	6.843421282461360500e-01	2.481583886762465330e+00	2.785231216531032852e-02	5.112333468537840625e-02	0.000000000000000000e+00	0.000000000000000000e+00	5.142848109565254511e+00
9.930653266331656681e+00	1.895513464592036179e+00	6.658109355612374936e-01	2.431346969572266481e+00	2.867134292695119185e-02	5.022519031033202686e-02	0.000000000000000000e+00	0.000000000000000000e+00	5.071567902962823560e+00
1.005623115577889237e+01	1.893054559113925839e+00	6.475372449349325876e-01	2.381719589237614176e+00	2.948808787045864924e-02	4.966905635377373562e-02	0.000000000000000000e+00	0.000000000000000000e+00	5.001468537510705303e+00
1.018180904522612984e+01	1.890569907692974949e+00	6.295249004046803432e-01	2.332709778112612931e+00	3.032040944758962464e-02	4.950812152555742612e-02	0.000000000000000000e+00	0.000000000000000000e+00	4.932633117183415017e+00
1.030738693467336553e+01	1.888059688097615263e+00	6.117773768119537658e-01	2.284324692556834790e+00	3.118215204394212195e-02	4.976263996670751005e-02	0.000000000000000000e+00	0.000000000000000000e+00	4.865106549477053122e+00
1.043296482412060122e+01	1.885524079415552556e+00	5.942977888682203780e-01	2.236570640307771640e+00	3.208300554983699315e-02	5.042147016846774271e-02	0.000000000000000000e+00	0.000000000000000000e+00	4.798896984309849678e+00
1.055854271356783691e+01	1.882963262025870277e+00	5.770889005208231781e-01	2.189453108270337900e+00	3.302856952984239286e-02	5.144685949575716205e-02	0.000000000000000000e+00	0.000000000000000000e+00	4.733980699842631701e+00
1.068412060301507438e+01	1.880377417571061249e+00	5.601531345860113476e-01	2.142976790644050666e+00	3.402058702876847168e-02	5.278176315420166770e-02	0.000000000000000000e+00	0.000000000000000000e+00	4.670309692984093708e+00
1.080969849246231007e+01	1.877766728928996542e+00	5.434925826170826646e-01	2.097145617311279242e+00	3.505730497876474033e-02	5.435863298188792214e-02	0.000000000000000000e+00	0.000000000000000000e+00	4.607820866818011396e+00
1.093527638190954576e+01	1.875131380184833052e+00	5.271090149763558719e-01	2.051962782412781738e+00	3.613391167984604524e-02	5.610842532030477919e-02	0.000000000000000000e+00	0.000000000000000000e+00	4.546445514574121383e+00
1.106085427135678145e+01	1.872471556602875342e+00	5.110038910804980405e-01	2.007430773039548200e+00	3.724300152906071665e-02	5.796859012452058174e-02	0.000000000000000000e+00	0.000000000000000000e+00	4.486117812376503089e+00
1.118643216080401892e+01	1.869787444598390413e+00	4.951783697895636438e-01	1.963551397972765677e+00	3.837502284619524751e-02	5.988900990906136784e-02	0.000000000000000000e+00	0.000000000000000000e+00	4.426781245115976482e+00
1.131201005025125461e+01	1.867079231709392051e+00	4.796333199109834022e-01	1.920325816406581509e+00	3.951867526908444533e-02	6.183521589720763351e-02	0.000000000000000000e+00	0.000000000000000000e+00	4.368392259193249139e+00
1.143758793969849030e+01	1.864347106568390977e+00	4.643693307906404111e-01	1.877754566591128160e+00	4.066123712432496290e-02	6.378865243796882911e-02	0.000000000000000000e+00	0.000000000000000000e+00	4.310920893512453667e+00
1.156316582914572599e+01	1.861591258874128574e+00	4.493867229641078098e-01	1.835837594336123368e+00	4.178881839918207469e-02	6.574421059163972070e-02	0.000000000000000000e+00	0.000000000000000000e+00	4.254348605165181318e+00
1.168874371859296346e+01	1.858811879363293507e+00	4.346855588420748817e-01	1.794574281318181530e+00	4.288654934986316225e-02	6.770563386966874098e-02	0.000000000000000000e+00	0.000000000000000000e+00	4.198663902743081877e+00
1.181432160804019915e+01	1.856009159782232576e+00	4.202656534049669101e-01	1.753963473137794660e+00	4.393872649971245631e-02	6.967965817521508398e-02	0.000000000000000000e+00	0.000000000000000000e+00	4.143856670999921832e+00
1.193989949748743484e+01	1.853183292858661568e+00	4.061265848827549374e-01	1.714003507074752353e+00	4.492894539242386909e-02	7.166985568483287550e-02	0.000000000000000000e+00	0.000000000000000000e+00	4.089912185893425978e+00
1.206547738693467231e+01	1.850334472273381436e+00	3.922677053969639283e-01	1.674692239493603241e+00	4.584025218343014407e-02	7.367110909703318555e-02	0.000000000000000000e+00	0.000000000000000000e+00	4.036805778444412240e+00
1.219105527638190800e+01	1.847462892632009135e+00	3.786881515429030287e-01	1.636027072853537101e+00	4.665534388329400234e-02	7.566547327310614579e-02	0.000000000000000000e+00	0.000000000000000000e+00	3.984498934184849794e+00
1.231663316582914369e+01	1.844568749436728883e+00	3.653868548911711756e-01	1.598004982279860542e+00	4.735684037051584444e-02	7.761992715031421075e-02	0.000000000000000000e+00	0.000000000000000000e+00	3.932937354128590801e+00
1.244221105527637938e+01	1.841652239058070295e+00	3.523625523885275945e-01	1.560622541657018747e+00	4.792764125683916798e-02	7.948622792950164884e-02	0.000000000000000000e+00	0.000000000000000000e+00	3.882051202289957370e+00
1.256778894472361685e+01	1.838713558706720264e+00	3.396137966392507868e-01	1.523875949205826474e+00	4.835136874840661320e-02	8.120279750948784792e-02	0.000000000000000000e+00	0.000000000000000000e+00	3.831757470809692645e+00
1.269336683417085254e+01	1.835752906405374807e+00	3.271389660491538787e-01	1.487761052510326421e+00	4.861288536428508972e-02	8.269833425982935082e-02	0.000000000000000000e+00	0.000000000000000000e+00	3.781964144588969123e+00
1.281894472361808823e+01	1.832770480960637771e+00	3.149362748154558855e-01	1.452273372962327835e+00	4.869886423685814564e-02	8.389667470180935116e-02	0.000000000000000000e+00	0.000000000000000000e+00	3.732575667677088482e+00
1.294452261306532392e+01	1.829766481934974154e+00	3.030037827467522704e-01	1.417408129594361910e+00	4.859838096276464930e-02	8.472233886918807688e-02	0.000000000000000000e+00	0.000000000000000000e+00	3.683499114108041095e+00
1.307010050251256139e+01	1.826741109618720493e+00	2.913394048983503626e-01	1.383160262274354402e+00	4.830349046192055490e-02	8.510617729291154732e-02	0.000000000000000000e+00	0.000000000000000000e+00	3.634650444546257297e+00
1.319567839195979708e+01	1.823694565002163204e+00	2.799409210092650424e-01	1.349524454237880811e+00	4.780975046432232173e-02	8.499058513454110786e-02	0.000000000000000000e+00	0.000000000000000000e+00	3.585960275848172341e+00
1.332125628140703277e+01	1.820627049747688186e+00	2.688059847281776271e-01	1.316495153936344087e+00	4.711665507127829611e-02	8.433384349030895177e-02	0.000000000000000000e+00	0.000000000000000000e+00	3.537378686973797315e+00
1.344683417085426846e+01	1.817538766162007491e+00	2.579321326166745809e-01	1.284066596181864028e+00	4.622794693258983761e-02	8.311327145461989974e-02	0.000000000000000000e+00	0.000000000000000000e+00	3.488878713347755678e+00
1.357241206030150593e+01	1.814429917168473461e+00	2.473167929190641656e-01	1.252232822572012072e+00	4.515178424517805184e-02	8.132700861308787832e-02	0.000000000000000000e+00	0.000000000000000000e+00	3.440458325517815386e+00
1.369798994974874162e+01	1.811300706279478590e+00	2.369572940890582180e-01	1.220987701179836460e+00	4.390074811927484333e-02	7.899438242580232583e-02	0.000000000000000000e+00	0.000000000000000000e+00	3.392140832093450520e+00
1.382356783919597731e+01	1.808151337568955075e+00	2.268508730645600047e-01	1.190324945496828324e+00	4.249168590433071574e-02	7.615493777265271158e-02	0.000000000000000000e+00	0.000000000000000000e+00	3.343973779807326796e+00
1.394914572864321300e+01	1.804982015644972737e+00	2.169946832827581162e-01	1.160238132618648610e+00	4.094539587635568495e-02	7.286630883355116328e-02	0.000000000000000000e+00	0.000000000000000000e+00	3.296026536256285944e+00
1.407472361809045047e+01	1.801792945622447295e+00	2.073858024286485136e-01	1.130720720665475687e+00	3.928616744010589995e-02	6.920119070802061012e-02	0.000000000000000000e+00	0.000000000000000000e+00	3.248386826864697596e+00
1.420030150753768616e+01	1.798584333095960996e+00	1.980212399110264088e-01	1.101766065430855202e+00	3.754119805994030751e-02	6.524371578205727384e-02	0.000000000000000000e+00	0.000000000000000000e+00	3.201156552279840195e+00
1.432587939698492185e+01	1.795356384112698489e+00	1.888979440608785365e-01	1.073367436254808016e+00	3.573991309724701415e-02	6.108555575172954638e-02	0.000000000000000000e+00	0.000000000000000000e+00	3.154447233277361207e+00
1.445145728643215932e+01	1.792109305145511922e+00	1.800128090479884424e-01	1.045518031118821467e+00	3.391321743642649461e-02	5.682205471843788241e-02	0.000000000000000000e+00	0.000000000000000000e+00	3.108375417467185819e+00
1.457703517587939501e+01	1.788843303066109947e+00	1.713626815124145997e-01	1.018210990962070461e+00	3.209270829104544920e-02	5.254865516038551704e-02	0.000000000000000000e+00	0.000000000000000000e+00	3.063058338992025842e+00
1.470261306532663070e+01	1.785558585118384833e+00	1.629443669083398549e-01	9.914394132199149112e-01	3.030987715841894706e-02	4.835781336543994863e-02	0.000000000000000000e+00	0.000000000000000000e+00	3.018610055770498679e+00
1.482819095477386639e+01	1.782255358891876362e+00	1.547546355586018052e-01	9.651963645873216091e-01	2.859532594345230369e-02	4.433652334291460911e-02	0.000000000000000000e+00	0.000000000000000000e+00	2.975138208324167088e+00
1.495376884422110386e+01	1.778933832295382045e+00	1.467902284190034101e-01	9.394748930113895335e-01	2.697801830006784501e-02	4.056448900518790091e-02	0.000000000000000000e+00	0.000000000000000000e+00	2.932741461031030727e+00
1.507934673366833955e+01	1.775594213530715226e+00	1.390478625522736378e-01	9.142680389186489398e-01	2.548458277076159559e-02	3.711291369900057702e-02	0.000000000000000000e+00	0.000000000000000000e+00	2.891507611471400008e+00
1.520492462311557524e+01	1.772236711066617731e+00	1.315242363122902935e-01	8.895688456842020253e-01	2.413867984714164125e-02	3.404382162374113008e-02	0.000000000000000000e+00	0.000000000000000000e+00	2.851512294533992797e+00
1.533050251256281094e+01	1.768861533612831938e+00	1.242160342399059730e-01	8.653703693511591855e-01	2.296044106162442242e-02	3.140979104549251888e-02	0.000000000000000000e+00	0.000000000000000000e+00	2.812818169311014138e+00
1.545608040201004840e+01	1.765468890094335386e+00	1.171199316724108180e-01	8.416656876101142881e-01	2.196598498348841660e-02	2.925396410020271801e-02	0.000000000000000000e+00	0.000000000000000000e+00	2.775474458460551297e+00
1.558165829145728409e+01	1.762058989625743921e+00	1.102325990693482916e-01	8.184479080497005787e-01	2.116701273773931302e-02	2.761019885437920526e-02	0.000000000000000000e+00	0.000000000000000000e+00	2.739516708336911410e+00
1.570723618090451978e+01	1.758632041485885145e+00	1.035507060580485306e-01	7.957101756904825240e-01	2.057048446842087847e-02	2.650324140219851438e-02	0.000000000000000000e+00	0.000000000000000000e+00	2.704966649105035703e+00
1.583281407035175548e+01	1.755188255092552163e+00	9.707092520287442794e-02	7.734456798156598145e-01	2.017837797922959406e-02	2.594881510931006455e-02	0.000000000000000000e+00	0.000000000000000000e+00	2.671832053199626245e+00
1.595839195979899294e+01	1.751727839977434531e+00	9.078993550277879299e-02	7.516476601132271451e-01	1.998753144286948003e-02	2.595354860875189254e-02	0.000000000000000000e+00	0.000000000000000000e+00	2.640106515645062490e+00
1.608396984924623041e+01	1.748251005761235710e+00	8.470442562234917205e-02	7.303094121453879151e-01	1.998957332697646333e-02	2.651469367124688337e-02	0.000000000000000000e+00	0.000000000000000000e+00	2.609769110527196290e+00
1.620954773869346610e+01	1.744757962128978823e+00	7.881109686207225795e-02	7.094242921621571885e-01	2.017094422729082473e-02	2.761961917273722880e-02	0.000000000000000000e+00	0.000000000000000000e+00	2.580783914553236080e+00
1.633512562814070179e+01	1.741248918805504475e+00	7.310666587407413375e-02	6.889857212771934858e-01	2.051301678497042744e-02	2.924510761715651969e-02	0.000000000000000000e+00	0.000000000000000000e+00	2.553099430358899191e+00
1.646070351758793748e+01	1.737724085531166640e+00	6.758786713009809488e-02	6.689871890250163045e-01	2.099232095111613558e-02	3.135652328760639429e-02	0.000000000000000000e+00	0.000000000000000000e+00	2.526647985925003059e+00
1.658628140703517673e+01	1.734183672037727053e+00	6.225145514895215337e-02	6.494222563198255305e-01	2.158088223486840512e-02	3.390696088864283281e-02	0.000000000000000000e+00	0.000000000000000000e+00	2.501345226630016239e+00
1.671185929648241242e+01	1.730627888024453220e+00	5.709420649110653195e-02	6.302845578372201496e-01	2.224667997759547169e-02	3.683651401409140241e-02	0.000000000000000000e+00	0.000000000000000000e+00	2.477089846344466828e+00
1.683743718592964811e+01	1.727056943134424705e+00	5.211292152853778253e-02	6.115678038411480610e-01	2.295423096226748005e-02	4.007181814211464854e-02	0.000000000000000000e+00	0.000000000000000000e+00	2.453763717608492545e+00
1.696301507537688380e+01	1.723471046931047468e+00	4.730442599830676775e-02	5.932657814794443096e-01	2.366530071937653773e-02	4.352601997795792210e-02	0.000000000000000000e+00	0.000000000000000000e+00	2.431232575106132998e+00
1.708859296482411949e+01	1.719870408874784484e+00	4.266557234871340420e-02	5.753723555723019301e-01	2.433974075915019269e-02	4.709930436894179534e-02	0.000000000000000000e+00	0.000000000000000000e+00	2.409347381923891973e+00
1.721417085427135518e+01	1.716255238300101515e+00	3.819324088720061489e-02	5.578814689189839360e-01	2.493644477804684428e-02	5.068007563731676685e-02	0.000000000000000000e+00	0.000000000000000000e+00	2.387946468521649379e+00
1.733974874371859087e+01	1.712625744392632710e+00	3.388434073947354380e-02	5.407871421489945929e-01	2.541441088246521388e-02	5.414684792353468418e-02	0.000000000000000000e+00	0.000000000000000000e+00	2.366858486087100921e+00
1.746532663316582656e+01	1.708982136166567356e+00	2.973581062956397875e-02	5.240834731448017481e-01	2.573389034718039092e-02	5.737085497249885119e-02	0.000000000000000000e+00	0.000000000000000000e+00	2.345906165260612131e+00
1.759090452261306581e+01	1.705324622442267568e+00	2.574461949079834625e-02	5.077646360640044598e-01	2.585759673822423180e-02	6.021934811557388967e-02	0.000000000000000000e+00	0.000000000000000000e+00	2.324910822850868364e+00
1.771648241206030150e+01	1.701653411824104900e+00	2.190776691782359356e-02	4.918248799895988399e-01	2.575194277021140149e-02	6.255951402439774434e-02	0.000000000000000000e+00	0.000000000000000000e+00	2.303697515526136108e+00
1.784206030150753719e+01	1.697968712678537662e+00	1.822228347000058590e-02	4.762585272376352874e-01	2.538826643779559106e-02	6.426291102415744583e-02	0.000000000000000000e+00	0.000000000000000000e+00	2.282100700848126440e+00
1.796763819095477288e+01	1.694270733112412719e+00	1.468523083660585107e-02	4.610599713521766341e-01	2.474400315304903925e-02	6.521029307548857623e-02	0.000000000000000000e+00	0.000000000000000000e+00	2.259970231529733198e+00
1.809321608040200857e+01	1.690559680951509103e+00	1.129370187436051602e-02	4.462236748179188028e-01	2.380375720375559404e-02	6.529666272953886519e-02	0.000000000000000000e+00	0.000000000000000000e+00	2.237177477577082740e+00
1.821879396984924426e+01	1.686835763719317427e+00	8.044820527862536069e-03	4.317441665212373159e-01	2.256022415293880423e-02	6.443636815572209575e-02	0.000000000000000000e+00	0.000000000000000000e+00	2.213621343077078141e+00
1.834437185929647995e+01	1.683099188616056008e+00	4.935741643506721434e-03	4.176160389906814485e-01	2.101491610950166622e-02	6.256803573962775589e-02	0.000000000000000000e+00	0.000000000000000000e+00	2.189233921099373870e+00
1.846994974874371920e+01	1.679350162497935450e+00	1.963650687453691139e-03	4.038339454480832091e-01	1.917864433609922648e-02	5.965911072419226302e-02	0.000000000000000000e+00	0.000000000000000000e+00	2.163985513693763796e+00
1.859552763819095489e+01	1.675588891856661711e+00	-8.742366218536305701e-04	3.903925967014641452e-01	1.707171857503770457e-02	5.570976618042070005e-02	0.000000000000000000e+00	0.000000000000000000e+00	2.137888736691730518e+00
1.872110552763819058e+01	1.671815582799188737e+00	-3.580674756229049703e-03	3.772867579108006852e-01	1.472382983446250161e-02	5.075593709194874126e-02	0.000000000000000000e+00	0.000000000000000000e+00	2.111001432880171613e+00
1.884668341708542627e+01	1.668030441027714916e+00	-6.158388885076386196e-03	3.645112452574568729e-01	1.217359315587154822e-02	4.487124257890370144e-02	0.000000000000000000e+00	0.000000000000000000e+00	2.083428133134870741e+00
1.897226130653266196e+01	1.664233671819934868e+00	-8.610075437430945652e-03	3.520609225476796222e-01	9.467738936240451333e-03	3.816757564918364654e-02	0.000000000000000000e+00	0.000000000000000000e+00	2.055319833515607542e+00
1.909783919597989765e+01	1.660425480009534827e+00	-1.093840270883461412e-02	3.399306977800138352e-01	6.659955428346974599e-03	3.079416658310516960e-02	0.000000000000000000e+00	0.000000000000000000e+00	2.026871897092166197e+00
1.922341708542713334e+01	1.656606069966946926e+00	-1.314601150341340903e-02	3.281155197057989970e-01	3.809400667808938035e-03	2.293496392505884468e-02	0.000000000000000000e+00	0.000000000000000000e+00	1.998319942762200263e+00
1.934899497487436903e+01	1.652775645580353059e+00	-1.523551580180677531e-02	3.166103744110796425e-01	9.789186912332269695e-04	1.480422794797417105e-02	0.000000000000000000e+00	0.000000000000000000e+00	1.969933650828833205e+00
1.947457286432160828e+01	1.648934410236945869e+00	-1.720950344591237746e-02	3.054102819472810371e-01	-1.766988231174325278e-03	6.640298325134813377e-03	0.000000000000000000e+00	0.000000000000000000e+00	1.942008498832274999e+00
1.960015075376884397e+01	1.645082566804445312e+00	-1.907053683174923103e-02	2.945102930369093985e-01	-4.364363426045906463e-03	-1.302416099594967290e-03	0.000000000000000000e+00	0.000000000000000000e+00	1.914855543483964695e+00
1.972572864321607966e+01	1.641220317612871904e+00	-2.082115360212034513e-02	2.839054858792885994e-01	-6.752093278746354801e-03	-8.763069850181137363e-03	0.000000000000000000e+00	0.000000000000000000e+00	1.888789486761112801e+00
1.985130653266331535e+01	1.637347864436579759e+00	-2.246386733115206258e-02	2.735909630800092418e-01	-8.874204183759670794e-03	-1.548535147245963528e-02	0.000000000000000000e+00	0.000000000000000000e+00	1.864115404529217646e+00
1.997688442211055104e+01	1.633465408476547420e+00	-2.400116819321726144e-02	2.635618487262980092e-01	-1.068205703801932208e-02	-2.122936400222812797e-02	0.000000000000000000e+00	0.000000000000000000e+00	1.841114667969380836e+00
2.010246231155778673e+01	1.629573150342929599e+00	-2.543552360919675362e-02	2.538132856289656569e-01	-1.213633445613450552e-02	-2.578383872278118896e-02	0.000000000000000000e+00	0.000000000000000000e+00	1.820030739183782886e+00
2.022804020100502242e+01	1.625671290037870031e+00	-2.676937886350522211e-02	2.443404327499508200e-01	-1.320871875170809458e-02	-2.897797088029700069e-02	0.000000000000000000e+00	0.000000000000000000e+00	1.801055654292310404e+00
2.035361809045226167e+01	1.621760026938573240e+00	-2.800515768579701567e-02	2.351384628327655157e-01	-1.388316782764703085e-02	-3.069206689325772869e-02	0.000000000000000000e+00	0.000000000000000000e+00	1.784318097364637090e+00
2.047919597989949736e+01	1.617839559780642311e+00	-2.914526279177204193e-02	2.262025602513813571e-01	-1.415671151678304408e-02	-3.086615304653675396e-02	0.000000000000000000e+00	0.000000000000000000e+00	1.769873992676931573e+00
2.060477386934673305e+01	1.613910086641675123e+00	-3.019207637802197655e-02	2.175279190912740024e-01	-1.403971217461222852e-02	-2.950573679772338156e-02	0.000000000000000000e+00	0.000000000000000000e+00	1.757700480382591524e+00
2.073035175879396874e+01	1.609971804925125483e+00	-3.114796056638523616e-02	2.091097414745123062e-01	-1.355555947442774710e-02	-2.668404678254259962e-02	0.000000000000000000e+00	0.000000000000000000e+00	1.747693979576282253e+00
2.085592964824120443e+01	1.606024911344426265e+00	-3.201525779381764192e-02	2.009432361389060784e-01	-1.273979890610483882e-02	-2.254030687736504820e-02	0.000000000000000000e+00	0.000000000000000000e+00	1.739672783906044629e+00
2.098150753768844012e+01	1.602069601907377683e+00	-3.279629114432938003e-02	1.930236172793676208e-01	-1.163872452520889507e-02	-1.727390815433410901e-02	0.000000000000000000e+00	0.000000000000000000e+00	1.733384295362872862e+00
2.110708542713567581e+01	1.598106071900795344e+00	-3.349336462008474513e-02	1.853461036577892518e-01	-1.030749685725491568e-02	-1.113469950724834019e-02	0.000000000000000000e+00	0.000000000000000000e+00	1.728516614573996524e+00
2.123266331658291151e+01	1.594134515875425873e+00	-3.410876334930700721e-02	1.779059179859046047e-01	-8.807874273753081226e-03	-4.409980223050878091e-03	0.000000000000000000e+00	0.000000000000000000e+00	1.724713816015219559e+00
2.135824120603015075e+01	1.590155127631122989e+00	-3.464475372917517892e-02	1.706982865838048702e-01	-7.205668506867982624e-03	2.590902553567007299e-03	0.000000000000000000e+00	0.000000000000000000e+00	1.721593894532451818e+00
2.148381909547738644e+01	1.586168100202287157e+00	-3.510358350244029840e-02	1.637184393150196982e-01	-5.568050505169325377e-03	9.553216812012222878e-03	0.000000000000000000e+00	0.000000000000000000e+00	1.718768122321709502e+00
2.160939698492462213e+01	1.582173625843569020e+00	-3.548748176701738144e-02	1.569616097973757785e-01	-3.960840349691435724e-03	1.617352392982225606e-02	0.000000000000000000e+00	0.000000000000000000e+00	1.715860437454058252e+00
2.173497487437185782e+01	1.578171896015835518e+00	-3.579865891833659830e-02	1.504230358871923023e-01	-2.445913919660675818e-03	2.217515226488463859e-02	0.000000000000000000e+00	0.000000000000000000e+00	1.712525511329915151e+00
2.186055276381909351e+01	1.574163101372398677e+00	-3.603930652474342244e-02	1.440979604328003483e-01	-1.078849621584001498e-03	2.732140063167245309e-02	0.000000000000000000e+00	0.000000000000000000e+00	1.708464306290543799e+00
2.198613065326632920e+01	1.570147431745505306e+00	-3.621159713674001329e-02	1.379816322918579197e-01	9.307832791529819215e-05	3.142566377260198884e-02	0.000000000000000000e+00	0.000000000000000000e+00	1.703436209001140567e+00
2.211170854271356490e+01	1.566125076133088712e+00	-3.631768403133677631e-02	1.320693076055006188e-01	1.032476359404375455e-03	3.435799273615470356e-02	0.000000000000000000e+00	0.000000000000000000e+00	1.697267168802811588e+00
2.223728643216080414e+01	1.562096222685781521e+00	-3.635970089325146759e-02	1.263562513210109983e-01	1.712920881741338735e-03	3.604794159521632763e-02	0.000000000000000000e+00	0.000000000000000000e+00	1.689853635590498726e+00
2.236286432160803983e+01	1.558061058694189649e+00	-3.633976143513618223e-02	1.208377389534056184e-01	2.119532397616317402e-03	3.648386541901411234e-02	0.000000000000000000e+00	0.000000000000000000e+00	1.681162434029089603e+00
2.248844221105527552e+01	1.554019770576423820e+00	-3.625995895943757985e-02	1.155090585751426535e-01	2.249034911285316754e-03	3.570908963683159382e-02	0.000000000000000000e+00	0.000000000000000000e+00	1.671226994740245608e+00
2.261402010050251121e+01	1.549972543865892005e+00	-3.612236586489866313e-02	1.103655130220256575e-01	2.109327632139083083e-03	3.381554819009078422e-02	0.000000000000000000e+00	0.000000000000000000e+00	1.660140566845248911e+00
2.273959798994974690e+01	1.545919563199348312e+00	-3.592903310108776921e-02	1.054024223023416335e-01	1.718618800414884211e-03	3.093558170167926002e-02	0.000000000000000000e+00	0.000000000000000000e+00	1.648047152902696100e+00
2.286517587939698259e+01	1.541861012305201006e+00	-3.568198957469671806e-02	1.006151261952936415e-01	1.104189486933011702e-03	2.723260408797283441e-02	0.000000000000000000e+00	0.000000000000000000e+00	1.635130942500703899e+00
2.299075376884421829e+01	1.537797073992074104e+00	-3.538324151167620418e-02	9.599898702390283201e-02	3.008678111608478734e-04	2.289130186021598456e-02	0.000000000000000000e+00	0.000000000000000000e+00	1.621604989175677636e+00
2.311633165829145398e+01	1.533727930137626538e+00	-3.503477177957925459e-02	9.154939258672933899e-02	-6.506989821540907050e-04	1.810794411999397391e-02	0.000000000000000000e+00	0.000000000000000000e+00	1.607699796082616706e+00
2.324190954773869322e+01	1.529653761677624457e+00	-3.463853917475793326e-02	8.726175923201090479e-02	-1.705885497652049861e-03	1.308127226448904841e-02	0.000000000000000000e+00	0.000000000000000000e+00	1.593652368501714323e+00
2.336748743718592891e+01	1.525574748595266206e+00	-3.419647767930061866e-02	8.313153505714344915e-02	-2.817956245259163172e-03	8.004323012510694557e-03	0.000000000000000000e+00	0.000000000000000000e+00	1.579696172740360449e+00
2.349306532663316460e+01	1.521491069910759553e+00	-3.371049569281705377e-02	7.915420321580524110e-02	-3.939881896966032811e-03	3.057428268900059393e-03	0.000000000000000000e+00	0.000000000000000000e+00	1.566052323805681601e+00
2.361864321608040029e+01	1.517402903671150494e+00	-3.318247524436092333e-02	7.532528531449238229e-02	-5.026035000052595826e-03	-1.597462605589485690e-03	0.000000000000000000e+00	0.000000000000000000e+00	1.552922216135639744e+00
2.374422110552763598e+01	1.513310426940399411e+00	-3.261427118993611568e-02	7.164034487974957344e-02	-6.033708627451311000e-03	-5.821075682154467669e-03	0.000000000000000000e+00	0.000000000000000000e+00	1.540481716320607042e+00
2.386979899497487168e+01	1.509213815789706370e+00	-3.200771040115678312e-02	6.809499087697101771e-02	-6.924414841610368465e-03	-9.499726527632491521e-03	0.000000000000000000e+00	0.000000000000000000e+00	1.528876954896277951e+00
2.399537688442210737e+01	1.505113245288084212e+00	-3.136459095072359482e-02	6.468488126130779448e-02	-7.664933585500474135e-03	-1.254691675328398724e-02	0.000000000000000000e+00	0.000000000000000000e+00	1.518221685259883991e+00
2.412095477386934661e+01	1.501008889493173681e+00	-3.068668130043968392e-02	6.140572654094453298e-02	-8.228095985665859202e-03	-1.490371817821048439e-02	0.000000000000000000e+00	0.000000000000000000e+00	1.508596120569802190e+00
2.424653266331658230e+01	1.496900921442305910e+00	-2.997571949751626566e-02	5.825329333281572403e-02	-8.593298485862087624e-03	-1.653808328279098711e-02	0.000000000000000000e+00	0.000000000000000000e+00	1.500047113508952146e+00
2.437211055276381799e+01	1.492789513143804481e+00	-2.923341238491785829e-02	5.522340789069944689e-02	-8.746755292033218943e-03	-1.744324447808027340e-02	0.000000000000000000e+00	0.000000000000000000e+00	1.492589508879472504e+00
2.449768844221105368e+01	1.488674835568528865e+00	-2.846143483145442687e-02	5.231195958560131559e-02	-8.681505997099395189e-03	-1.763537913967704041e-02	0.000000000000000000e+00	0.000000000000000000e+00	1.486208475185899269e+00
2.462326633165828937e+01	1.484557058641657878e+00	-2.766142898726592012e-02	4.951490431836074596e-02	-8.397202782753989542e-03	-1.715072278544449436e-02	0.000000000000000000e+00	0.000000000000000000e+00	1.480862608404554415e+00
2.474884422110552507e+01	1.480436351234709180e+00	-2.683500357023638899e-02	4.682826784455923486e-02	-7.899707184791389392e-03	-1.604231020018552153e-02	0.000000000000000000e+00	0.000000000000000000e+00	1.476487598124055056e+00
2.487442211055276076e+01	1.476312881157795243e+00	-2.598373318874727667e-02	4.424814899201102297e-02	-7.200530067364045890e-03	-1.437651533260254216e-02	0.000000000000000000e+00	0.000000000000000000e+00	1.473000251561092266e+00
2.500000000000000000e+01	1.472186815152112693e+00	-2.510915770600863350e-02	4.177072275144842750e-02	-6.316150264450947661e-03	-1.222954734725113096e-02	0.000000000000000000e+00	0.000000000000000000e+00	1.470302682585850285e+00
