# q (inverse Anstrom)	f(q): 1s	f(q): 2s	f(q): 2p	f(q): 3s	f(q): 3p	f(q): 3d	f(q): 4s	f(q): total
1.000000000000000021e-02	1.993270084676498355e+00	1.997251515588505999e+00	5.994163886679108266e+00	1.997446197907632559e+00	5.994575578396291071e+00	9.990897795994074571e+00	1.998060065812708563e+00	3.996256472819759153e+00	0.000000000000000000e+00	0.000000000000000000e+00	0.000000000000000000e+00	0.000000000000000000e+00	3.396192159787457854e+01
1.355778894472361717e-01	1.993266001064343929e+00	1.997178837901149251e+00	5.993994077098474094e+00	1.996838343218150458e+00	5.992651541282671523e+00	9.987145987349292042e+00	1.991784157069467209e+00	3.976696525400567950e+00	0.000000000000000000e+00	0.000000000000000000e+00	0.000000000000000000e+00	0.000000000000000000e+00	3.392955547038411623e+01
2.611557788944723346e-01	1.993254838349559854e+00	1.996980780994602966e+00	5.993531314234181728e+00	1.995182691434392419e+00	5.987411288124960151e+00	9.976930842863026783e+00	1.974780756072269883e+00	3.923917594714614321e+00	0.000000000000000000e+00	0.000000000000000000e+00	0.000000000000000000e+00	0.000000000000000000e+00	3.384199010678761255e+01
3.867336683417085252e-01	1.993236608570244206e+00	1.996657386747418217e+00	5.992775688777022935e+00	1.992481731532040889e+00	5.978863711747566256e+00	9.960278482697358271e+00	1.947324472201346746e+00	3.839353910190055785e+00	0.000000000000000000e+00	0.000000000000000000e+00	0.000000000000000000e+00	0.000000000000000000e+00	3.370097199246305308e+01
5.123115577889446604e-01	1.993211312264342006e+00	1.996208719360389683e+00	5.991727336382622227e+00	1.988739519234707709e+00	5.967023298510286011e+00	9.937231385929409910e+00	1.909854342413661588e+00	3.725259373433330801e+00	0.000000000000000000e+00	0.000000000000000000e+00	0.000000000000000000e+00	0.000000000000000000e+00	3.350925528752874527e+01
6.378894472361807955e-01	1.993178949906503572e+00	1.995634867828337322e+00	5.990386445046072872e+00	1.983961666946622238e+00	5.951910084226447850e+00	9.907848149165625173e+00	1.862960745134939700e+00	3.584588761994384587e+00	0.000000000000000000e+00	0.000000000000000000e+00	0.000000000000000000e+00	0.000000000000000000e+00	3.327046967024893576e+01
7.634673366834170416e-01	1.993139522057864932e+00	1.994935945939475319e+00	5.988753255129807052e+00	1.978155328734465979e+00	5.933549590167218390e+00	9.872203150663382942e+00	1.807368165325474063e+00	3.420848241272988588e+00	0.000000000000000000e+00	0.000000000000000000e+00	0.000000000000000000e+00	0.000000000000000000e+00	3.298895319929067682e+01
8.890452261306531767e-01	1.993093029388875781e+00	1.994112092237796841e+00	5.986828059289741155e+00	1.971329181213654191e+00	5.911972741742976822e+00	9.830386126821593962e+00	1.743914627962846353e+00	3.237927627562763533e+00	0.000000000000000000e+00	0.000000000000000000e+00	0.000000000000000000e+00	0.000000000000000000e+00	3.266956348622024819e+01
1.014623115577889312e+00	1.993039472685149471e+00	1.993163469972513591e+00	5.984611202371169725e+00	1.963493400428163449e+00	5.887215770310484153e+00	9.782501665516488032e+00	1.673528738375393843e+00	3.039927339602007894e+00	0.000000000000000000e+00	0.000000000000000000e+00	0.000000000000000000e+00	0.000000000000000000e+00	3.231748105926136816e+01
1.140201005025125447e+00	1.992978852849430993e+00	1.992090267037426310e+00	5.982103081282942547e+00	1.954659634822807579e+00	5.859320098621174644e+00	9.728668621539227956e+00	1.597205325966601475e+00	2.830992054680785408e+00	0.000000000000000000e+00	0.000000000000000000e+00	0.000000000000000000e+00	0.000000000000000000e+00	3.193801793680039580e+01
1.265778894472361582e+00	1.992911170902364359e+00	1.990892695900861042e+00	5.979304144851777636e+00	1.944840974422232360e+00	5.828332210505897670e+00	9.669019460109666397e+00	1.515980682982037253e+00	2.615161044998944639e+00	0.000000000000000000e+00	0.000000000000000000e+00	0.000000000000000000e+00	0.000000000000000000e+00	3.153644238467378003e+01
1.391356783919597717e+00	1.992836427982827452e+00	1.989570993526379672e+00	5.976214893657296301e+00	1.934051916346131827e+00	5.794303505468553439e+00	9.603699535061700487e+00	1.430908327755061160e+00	2.396242423682248379e+00	0.000000000000000000e+00	0.000000000000000000e+00	0.000000000000000000e+00	0.000000000000000000e+00	3.111782802348020383e+01
1.516934673366834074e+00	1.992754625348070796e+00	1.988125421284354433e+00	5.972835879848012119e+00	1.922308326804747391e+00	5.757290138933291779e+00	9.532866308810447720e+00	1.343036112313618968e+00	2.177715516618031089e+00	0.000000000000000000e+00	0.000000000000000000e+00	0.000000000000000000e+00	0.000000000000000000e+00	3.068693232996057674e+01
1.642512562814070209e+00	1.992665764373771520e+00	1.986556264854498766e+00	5.969167706938499407e+00	1.909627399732400255e+00	5.717352848956502420e+00	9.456688521614053045e+00	1.253385350220461047e+00	1.962662685524955153e+00	0.000000000000000000e+00	0.000000000000000000e+00	0.000000000000000000e+00	0.000000000000000000e+00	3.024810654221514028e+01
1.768090452261306345e+00	1.992569846554036461e+00	1.984863834119417136e+00	5.965211029587874414e+00	1.896027612229568060e+00	5.674556770275379414e+00	9.375345317930507960e+00	1.162932476242184654e+00	1.753729451495904978e+00	0.000000000000000000e+00	0.000000000000000000e+00	0.000000000000000000e+00	0.000000000000000000e+00	2.980523633843487019e+01
1.893668341708542480e+00	1.992466873501379299e+00	1.983048463049236876e+00	5.960966553359726916e+00	1.881528676995726013e+00	5.628971236618777851e+00	9.289025337841881225e+00	1.072593578858520358e+00	1.553109883214779385e+00	0.000000000000000000e+00	0.000000000000000000e+00	0.000000000000000000e+00	0.000000000000000000e+00	2.936171060344003081e+01
2.019246231155778393e+00	1.992356846946678584e+00	1.981110509577407530e+00	5.956435034463702927e+00	1.866151491945828411e+00	5.580669572253277977e+00	9.197925781577145798e+00	9.832119821602710585e-01	1.362552987182596542e+00	0.000000000000000000e+00	0.000000000000000000e+00	0.000000000000000000e+00	0.000000000000000000e+00	2.892041420610690494e+01
2.144824120603014528e+00	1.992239768739126893e+00	1.979050355467732114e+00	5.951617279478856659e+00	1.849918087212816031e+00	5.529728873777523646e+00	9.102251455114718226e+00	8.955489052906870917e-01	1.183385246911841993e+00	0.000000000000000000e+00	0.000000000000000000e+00	0.000000000000000000e+00	0.000000000000000000e+00	2.848373997199330532e+01
2.270402010050250663e+00	1.992115640846166214e+00	1.976868406172722636e+00	5.946514145058980461e+00	1.832851569746855258e+00	5.476229783210760260e+00	9.002213804692949850e+00	8.102771021965937681e-01	1.016544420370921742e+00	0.000000000000000000e+00	0.000000000000000000e+00	0.000000000000000000e+00	0.000000000000000000e+00	2.805361487229595241e+01
2.395979899497486798e+00	1.991984465353417999e+00	1.974565090683356949e+00	5.941126537620084136e+00	1.814976065729145827e+00	5.420256253447091055e+00	8.898029947809922291e+00	7.279772858721224038e-01	8.626200999570666772e-01	0.000000000000000000e+00	0.000000000000000000e+00	0.000000000000000000e+00	0.000000000000000000e+00	2.763153574647220623e+01
2.521557788944722933e+00	1.991846244464607674e+00	1.972140861370336617e+00	5.935455413010222614e+00	1.796316661024020434e+00	5.361895307165204905e+00	8.789921707961955377e+00	6.491370703957284327e-01	7.218972322593664170e-01	0.000000000000000000e+00	0.000000000000000000e+00	0.000000000000000000e+00	0.000000000000000000e+00	2.721861049765144003e+01
2.647135678391959068e+00	1.991700980501481588e+00	1.969596193816935736e+00	5.929501776161881565e+00	1.776899339897690888e+00	5.301236790294233003e+00	8.678114659964480282e+00	5.741521193715367621e-01	5.943996526521341250e-01	0.000000000000000000e+00	0.000000000000000000e+00	0.000000000000000000e+00	0.000000000000000000e+00	2.681560151266037195e+01
2.772713567839195203e+00	1.991548675903719090e+00	1.966931586643546170e+00	5.923266680727130584e+00	1.756750922235396528e+00	5.238373121140075916e+00	8.562837192230654537e+00	5.033291676340139187e-01	4.799315917520718955e-01	0.000000000000000000e+00	0.000000000000000000e+00	0.000000000000000000e+00	0.000000000000000000e+00	2.642296893826660664e+01
2.898291457286431339e+00	1.991389333228838376e+00	1.964147561324023128e+00	5.916751228695777520e+00	1.735898999490830263e+00	5.173399036273243823e+00	8.444319591864328345e+00	4.368905799726476302e-01	3.781159561877030506e-01	0.000000000000000000e+00	0.000000000000000000e+00	0.000000000000000000e+00	0.000000000000000000e+00	2.604091228703738992e+01
3.023869346733667918e+00	1.991222955152102125e+00	1.961244661993943206e+00	5.909956569996759335e+00	1.714371869602640652e+00	5.106411334269067126e+00	8.322793157866811953e+00	3.749801215336275306e-01	2.884288984497252462e-01	0.000000000000000000e+00	0.000000000000000000e+00	0.000000000000000000e+00	0.000000000000000000e+00	2.566940956886467973e+01
3.149447236180904053e+00	1.991049544466408028e+00	1.958223455250886147e+00	5.902883902083010170e+00	1.692198471112485558e+00	5.037508618374483049e+00	8.198489347173316233e+00	3.176696350148501269e-01	2.102307203387143719e-01	0.000000000000000000e+00	0.000000000000000000e+00	0.000000000000000000e+00	0.000000000000000000e+00	2.530825369381415157e+01
3.275025125628140188e+00	1.990869104082188645e+00	1.955084529946865990e+00	5.895534469500073982e+00	1.669408316717618579e+00	4.966791039152692377e+00	8.071638957636301015e+00	2.649663459546197641e-01	1.427934806306502269e-01	0.000000000000000000e+00	0.000000000000000000e+00	0.000000000000000000e+00	0.000000000000000000e+00	2.495708624362101347e+01
3.400603015075376323e+00	1.990681637027291950e+00	1.951828496973033955e+00	5.887909563438716631e+00	1.646031426488356653e+00	4.894360038128260371e+00	7.942471351470218544e+00	2.168205463293740032e-01	8.532580697574029815e-02	0.000000000000000000e+00	0.000000000000000000e+00	0.000000000000000000e+00	0.000000000000000000e+00	2.461542886683098885e+01
3.526180904522612458e+00	1.990487146446869415e+00	1.948455989036775415e+00	5.880010521271809232e+00	1.622098260977038020e+00	4.820318093421152028e+00	7.811213722074935362e+00	1.731334362317962505e-01	3.699537673949535033e-02	0.000000000000000000e+00	0.000000000000000000e+00	0.000000000000000000e+00	0.000000000000000000e+00	2.428271254619987118e+01
3.651758793969848593e+00	1.990285635603251668e+00	1.944967660431340839e+00	5.871838726075785608e+00	1.597639654440274448e+00	4.744768468318971699e+00	7.678090406572601445e+00	1.337649323360250164e-01	-3.050617438969879802e-03	0.000000000000000000e+00	0.000000000000000000e+00	0.000000000000000000e+00	0.000000000000000000e+00	2.395830486633928302e+01
3.777336683417084728e+00	1.990077107875822593e+00	1.941364186798147706e+00	5.863395606136936777e+00	1.572686748390536016e+00	4.667814963693167840e+00	7.543322245832236206e+00	9.854127956389209519e-02	-3.566690284409911732e-02	0.000000000000000000e+00	0.000000000000000000e+00	0.000000000000000000e+00	0.000000000000000000e+00	2.364153523544664282e+01
3.902914572864320863e+00	1.989861566760888101e+00	1.937646264881885738e+00	5.854682634442869293e+00	1.547270925686384579e+00	4.589561675117215245e+00	7.407125993224703997e+00	6.726232867031828322e-02	-6.169354055204617771e-02	0.000000000000000000e+00	0.000000000000000000e+00	0.000000000000000000e+00	0.000000000000000000e+00	2.333171784823221984e+01
4.028492462311556999e+00	1.989639015871542904e+00	1.933814612278578204e+00	5.845701328159408128e+00	1.521423745363096103e+00	4.510112755493702608e+00	7.269713772852810507e+00	3.970836740224838873e-02	-8.194152882064405230e-02	0.000000000000000000e+00	0.000000000000000000e+00	0.000000000000000000e+00	0.000000000000000000e+00	2.302817206860074606e+01
4.154070351758793578e+00	1.989409458937526409e+00	1.929869967176741419e+00	5.836453248093290469e+00	1.495176878397046050e+00	4.429572183942996233e+00	7.131292587541309125e+00	1.564641651661858798e-02	-9.718084816688303540e-02	0.000000000000000000e+00	0.000000000000000000e+00	0.000000000000000000e+00	0.000000000000000000e+00	2.273023989243864307e+01
4.279648241206029269e+00	1.989172899805082828e+00	1.925813088091800518e+00	5.826939998140937327e+00	1.468562044588151094e+00	4.348043541649569299e+00	6.992063876452161431e+00	-5.164075756617040464e-03	-1.081311412399234007e-01	0.000000000000000000e+00	0.000000000000000000e+00	0.000000000000000000e+00	0.000000000000000000e+00	2.243730023173116095e+01
4.405226130653265848e+00	1.988929342436808190e+00	1.921644753593905852e+00	5.817163224723670645e+00	1.441610950734921737e+00	4.265629795303337524e+00	6.852223121813142193e+00	-2.296618640293900462e-02	-1.154550764131733603e-01	0.000000000000000000e+00	0.000000000000000000e+00	0.000000000000000000e+00	0.000000000000000000e+00	2.214877992578967181e+01
4.530804020100501539e+00	1.988678790911500016e+00	1.917365762029320742e+00	5.807124616209674350e+00	1.414355230266409746e+00	4.182433088713278124e+00	6.711959503913421443e+00	-3.800114397423475648e-02	-1.197542502807622672e-01	0.000000000000000000e+00	0.000000000000000000e+00	0.000000000000000000e+00	0.000000000000000000e+00	2.186416159778860546e+01
4.656381909547738118e+00	1.988421249423998116e+00	1.912976931235530920e+00	5.796825902323071489e+00	1.386826384484550978e+00	4.098554543109426795e+00	6.571455603227642328e+00	-5.050463802556184184e-02	-1.215672892192625199e-01	0.000000000000000000e+00	0.000000000000000000e+00	0.000000000000000000e+00	0.000000000000000000e+00	2.158298868655939629e+01
4.781959798994973809e+00	1.988156722285021827e+00	1.908479098250246420e+00	5.786268853540454948e+00	1.359055725559235261e+00	4.014094066587716725e+00	6.430887148279150090e+00	-6.070380615635101451e-02	-1.213696642162809813e-01	0.000000000000000000e+00	0.000000000000000000e+00	0.000000000000000000e+00	0.000000000000000000e+00	2.130486814412919117e+01
4.907537688442210388e+00	1.987885213921003924e+00	1.903873119014459769e+00	5.775455280475220832e+00	1.331074321406941818e+00	3.929150173090406817e+00	6.290422807641459890e+00	-6.881488047589968959e-02	-1.195746768927154063e-01	0.000000000000000000e+00	0.000000000000000000e+00	0.000000000000000000e+00	0.000000000000000000e+00	2.102947135818087787e+01
5.033115577889446079e+00	1.987606728873918316e+00	1.899159868069733914e+00	5.764387033250076620e+00	1.302912942572036714e+00	3.843819811253504248e+00	6.150224024302648473e+00	-7.504146463963072555e-02	-1.165351283753397887e-01	0.000000000000000000e+00	0.000000000000000000e+00	0.000000000000000000e+00	0.000000000000000000e+00	2.075653381530694830e+01
5.158693467336682659e+00	1.987321271801107736e+00	1.894340238249885067e+00	5.753066000858077622e+00	1.274602011217925712e+00	3.758198203391989622e+00	6.010444890476931867e+00	-7.957340358899339661e-02	-1.125453397720200671e-01	0.000000000000000000e+00	0.000000000000000000e+00	0.000000000000000000e+00	0.000000000000000000e+00	2.048585387263490176e+01
5.284271356783918350e+00	1.987028847475099225e+00	1.889415140367244117e+00	5.741494110512574522e+00	1.246171552323260157e+00	3.672378694834264490e+00	5.871232060838704747e+00	-8.258620029886472313e-02	-1.078434192209909853e-01	0.000000000000000000e+00	0.000000000000000000e+00	0.000000000000000000e+00	0.000000000000000000e+00	2.021729078683128833e+01
5.409849246231154929e+00	1.986729460783421164e+00	1.884385502893665354e+00	5.729673326986429061e+00	1.217651147166379122e+00	3.586452613759270935e+00	5.732724702073120682e+00	-8.424092672503141754e-02	-1.026139102188257102e-01	0.000000000000000000e+00	0.000000000000000000e+00	0.000000000000000000e+00	0.000000000000000000e+00	1.995076191671843091e+01
5.535427135678390620e+00	1.986423116728418092e+00	1.879252271636468574e+00	5.717605651940899314e+00	1.189069889169215077e+00	3.500509141633674659e+00	5.595054476581071690e+00	-8.468456942351154648e-02	-9.699114454991011880e-02	0.000000000000000000e+00	0.000000000000000000e+00	0.000000000000000000e+00	0.000000000000000000e+00	1.968623883371632388e+01
5.661005025125627199e+00	1.986109820427052863e+00	1.874016409409488881e+00	5.705293123244557840e+00	1.160456342160048893e+00	3.414635194292428899e+00	5.458345558141673770e+00	-8.405074390568939569e-02	-9.106370307009085951e-02	0.000000000000000000e+00	0.000000000000000000e+00	0.000000000000000000e+00	0.000000000000000000e+00	1.942374200069947321e+01
5.786582914572862890e+00	1.985789577110711246e+00	1.868678895699422249e+00	5.692737814282636144e+00	1.131838501102842010e+00	3.328915313654440933e+00	5.322714677319445364e+00	-8.246070592819663980e-02	-8.488032449349937336e-02	0.000000000000000000e+00	0.000000000000000000e+00	0.000000000000000000e+00	0.000000000000000000e+00	1.916333374874780304e+01
5.912160804020099469e+00	1.985462392125000086e+00	1.863240726327648700e+00	5.679941833257188932e+00	1.103243755329462061e+00	3.243431570015914645e+00	5.188271194403172082e+00	-8.002458311516064127e-02	-7.845739711634365510e-02	0.000000000000000000e+00	0.000000000000000000e+00	0.000000000000000000e+00	0.000000000000000000e+00	1.890510949122688089e+01
6.037738693467336049e+00	1.985128270929541250e+00	1.857702913107720732e+00	5.666907322478459186e+00	1.074698854300004669e+00	3.158263474817670780e+00	5.055117197676716856e+00	-7.684274729256743153e-02	-7.178786125770346416e-02	0.000000000000000000e+00	0.000000000000000000e+00	0.000000000000000000e+00	0.000000000000000000e+00	1.864918742475984459e+01
6.163316582914571740e+00	1.984787219097760902e+00	1.852066483498699068e+00	5.653636457647855273e+00	1.046229875905636764e+00	3.073487903739284377e+00	4.923347624846393877e+00	-7.300724744620894213e-02	-6.485101398159648367e-02	0.000000000000000000e+00	0.000000000000000000e+00	0.000000000000000000e+00	0.000000000000000000e+00	1.839569730330782349e+01
6.288894472361808319e+00	1.984439242316675456e+00	1.846332480254533781e+00	5.640131447132918474e+00	1.017862197318024187e+00	2.989179029932539589e+00	4.793050405483159082e+00	-6.860322592910932105e-02	-5.762243100585279915e-02	0.000000000000000000e+00	0.000000000000000000e+00	0.000000000000000000e+00	0.000000000000000000e+00	1.814476914550288811e+01
6.414472361809044010e+00	1.984084346386671971e+00	1.840501961069670456e+00	5.626394531234695684e+00	9.896204683794632695e-01	2.905408267169461656e+00	4.664306622379184475e+00	-6.371024677708192474e-02	-5.008308402166106177e-02	0.000000000000000000e+00	0.000000000000000000e+00	0.000000000000000000e+00	0.000000000000000000e+00	1.789652286582040475e+01
6.540050251256280589e+00	1.983722537221284998e+00	1.834575998221078086e+00	5.612427981447902781e+00	9.615285875183628983e-01	2.822244222646141942e+00	4.537190689766008589e+00	-5.840347467101499046e-02	-4.222678271842427583e-02	0.000000000000000000e+00	0.000000000000000000e+00	0.000000000000000000e+00	0.000000000000000000e+00	1.765105975943134453e+01
6.665628140703516280e+00	1.983353820846970539e+00	1.828555678206888135e+00	5.598234099714298750e+00	9.336096801657776112e-01	2.739752659152798753e+00	4.411770546394591541e+00	-5.275465570776052826e-02	-3.406530774459286259e-02	0.000000000000000000e+00	0.000000000000000000e+00	0.000000000000000000e+00	0.000000000000000000e+00	1.740845652102897034e+01
6.791206030150752859e+00	1.982978203402871564e+00	1.822442101381833490e+00	5.583815217669649833e+00	9.058860796402398163e-01	2.657996466292986693e+00	4.288107861535264576e+00	-4.683286583665104835e-02	-2.563096919586475494e-02	0.000000000000000000e+00	0.000000000000000000e+00	0.000000000000000000e+00	0.000000000000000000e+00	1.716876209489032945e+01
6.916783919597988550e+00	1.982595691140585537e+00	1.816236381589686921e+00	5.569173695884705566e+00	8.783793104602777291e-01	2.577035640410580974e+00	4.166258252017436270e+00	-4.070500848795031296e-02	-1.697673184928342668e-02	0.000000000000000000e+00	0.000000000000000000e+00	0.000000000000000000e+00	0.000000000000000000e+00	1.693199723116604005e+01
7.042361809045225129e+00	1.982206290423921935e+00	1.809939645792881802e+00	5.554311923100587300e+00	8.511100740366821515e-01	2.496927272862106140e+00	4.046271508494463376e+00	-3.443605842201288153e-02	-8.174388698834522682e-03	0.000000000000000000e+00	0.000000000000000000e+00	0.000000000000000000e+00	0.000000000000000000e+00	1.669815626758979832e+01
7.167939698492460820e+00	1.981810007728658896e+00	1.803553033699516472e+00	5.539232315458978206e+00	8.240982366898716993e-01	2.417725546254096969e+00	3.928191829188174999e+00	-2.808906315982680896e-02	6.885453609123849813e-04	0.000000000000000000e+00	0.000000000000000000e+00	0.000000000000000000e+00	0.000000000000000000e+00	1.646721045122038518e+01
7.293517587939697400e+00	1.981406849642294743e+00	1.797077697387930773e+00	5.523937315727531328e+00	7.973628199315592191e-01	2.339481738250358323e+00	3.812058059439963564e+00	-2.172492578513154568e-02	9.512544571570571636e-03	0.000000000000000000e+00	0.000000000000000000e+00	0.000000000000000000e+00	0.000000000000000000e+00	1.623911209916607490e+01
7.419095477386933091e+00	1.980996822863795748e+00	1.790514800929045913e+00	5.508429392520896251e+00	7.709219929443931196e-01	2.262244232542239164e+00	3.697903935470938208e+00	-1.540200303524060302e-02	1.818987631398448490e-02	0.000000000000000000e+00	0.000000000000000000e+00	0.000000000000000000e+00	0.000000000000000000e+00	1.601379905055004826e+01
7.544673366834169670e+00	1.980579934203339221e+00	1.783865520006662653e+00	5.492711039517759630e+00	7.447930671882957432e-01	2.186058536566116484e+00	3.585758330832327090e+00	-9.175560329537259599e-03	2.660824738146985724e-02	0.000000000000000000e+00	0.000000000000000000e+00	0.000000000000000000e+00	0.000000000000000000e+00	1.579119911536643350e+01
7.670251256281405361e+00	1.980156190582052833e+00	1.777131041535911171e+00	5.476784774674303691e+00	7.189924930578821538e-01	2.110967305546254114e+00	3.475645504108912487e+00	-3.097130843377253473e-03	3.465430732108491785e-02	0.000000000000000000e+00	0.000000000000000000e+00	0.000000000000000000e+00	0.000000000000000000e+00	1.557123448598302495e+01
7.795829145728641940e+00	1.979725599031750383e+00	1.770312563280036944e+00	5.460653139434474390e+00	6.935358585115616314e-01	2.037010372437752181e+00	3.367585346522478318e+00	2.786170872745478456e-03	4.221720701970226031e-02	0.000000000000000000e+00	0.000000000000000000e+00	0.000000000000000000e+00	0.000000000000000000e+00	1.535382625711050153e+01
7.921407035175877631e+00	1.979288166694661566e+00	1.763411293465723340e+00	5.444318697937467810e+00	6.684378895897492567e-01	1.964224783343436531e+00	3.261593628168955039e+00	8.432328739054239033e-03	4.919245866131616990e-02	0.000000000000000000e+00	0.000000000000000000e+00	0.000000000000000000e+00	0.000000000000000000e+00	1.513889924660036357e+01
8.046984924623114210e+00	1.978843900823159974e+00	1.756428450397129248e+00	5.427784036222817576e+00	6.437124527369730842e-01	1.892644837980053785e+00	3.157682241711485371e+00	1.380504684355137075e-02	5.548624922403475740e-02	0.000000000000000000e+00	0.000000000000000000e+00	0.000000000000000000e+00	0.000000000000000000e+00	1.492638721593920614e+01
8.172562814070349901e+00	1.978392808779487089e+00	1.749365262068842242e+00	5.411051761433471441e+00	6.193725588405852855e-01	1.822302134772886273e+00	3.055859442441868801e+00	1.887426373106962027e-02	6.102016171031124370e-02	0.000000000000000000e+00	0.000000000000000000e+00	0.000000000000000000e+00	0.000000000000000000e+00	1.471623839377852150e+01
8.298140703517587369e+00	1.977934898035468736e+00	1.742222965777924015e+00	5.394124501017263817e+00	5.954303688972196751e-01	1.753225620163728848e+00	2.956130083713941481e+00	2.361651457417831071e-02	6.573602278764663354e-02	0.000000000000000000e+00	0.000000000000000000e+00	0.000000000000000000e+00	0.000000000000000000e+00	1.450842097496737004e+01
8.423718592964823060e+00	1.977470176172232419e+00	1.735002807735244845e+00	5.377004901927152858e+00	5.718972012170870922e-01	1.685441641724936934e+00	2.858495846844069543e+00	2.801510347849092697e-02	6.960039518357849508e-02	0.000000000000000000e+00	0.000000000000000000e+00	0.000000000000000000e+00	0.000000000000000000e+00	1.430292807428279289e+01
8.549296482412058751e+00	1.976998650879917996e+00	1.727706042676283804e+00	5.359695629820611096e+00	5.487835400756161386e-01	1.618974004681750900e+00	2.762955464665250549e+00	3.206005765101364868e-02	7.260812587895459913e-02	0.000000000000000000e+00	0.000000000000000000e+00	0.000000000000000000e+00	0.000000000000000000e+00	1.409978151632939891e+01
8.674874371859294442e+00	1.976520329957383693e+00	1.720333933471583698e+00	5.342199368258540915e+00	5.260990457218380767e-01	1.553844031456246721e+00	2.669504938011880046e+00	3.574784701902323364e-02	7.478437593319191279e-02	0.000000000000000000e+00	0.000000000000000000e+00	0.000000000000000000e+00	0.000000000000000000e+00	1.389903386982968669e+01
8.800452261306531909e+00	1.976035221311909007e+00	1.712887750737039694e+00	5.324518817904115409e+00	5.038525656532081287e-01	1.490070623858767984e+00	2.578137744501261430e+00	3.908086669868107710e-02	7.618469087147761165e-02	0.000000000000000000e+00	0.000000000000000000e+00	0.000000000000000000e+00	0.000000000000000000e+00	1.370076828153645820e+01
8.926030150753767600e+00	1.975543332958898279e+00	1.705368772444206815e+00	5.306656695721875927e+00	4.820521470672775588e-01	1.427670327566541886e+00	2.488845039064955245e+00	4.206669474011576898e-02	7.689289048141681460e-02	0.000000000000000000e+00	0.000000000000000000e+00	0.000000000000000000e+00	0.000000000000000000e+00	1.350509590004528881e+01
9.051608040201003291e+00	1.975044673021569386e+00	1.697778283530796628e+00	5.288615734177489536e+00	4.607050504016945158e-01	1.366657398544042001e+00	2.401615845767483659e+00	4.471715283075877734e-02	7.701681568910721809e-02	0.000000000000000000e+00	0.000000000000000000e+00	0.000000000000000000e+00	0.000000000000000000e+00	1.331215095396294323e+01
9.177185929648238982e+00	1.974539249730649759e+00	1.690117575511550507e+00	5.270398680438506567e+00	4.398177638754515173e-01	1.307043871075575847e+00	2.316437240531416641e+00	4.704721198914137148e-02	7.668221699806977709e-02	0.000000000000000000e+00	0.000000000000000000e+00	0.000000000000000000e+00	0.000000000000000000e+00	1.312208381015036096e+01
9.302763819095476450e+00	1.974027071424062640e+00	1.682387946089655362e+00	5.252008295576487740e+00	4.193960189460134713e-01	1.248839627097156679e+00	2.233294524465965214e+00	4.907379758651999463e-02	7.602526181407345818e-02	0.000000000000000000e+00	0.000000000000000000e+00	0.000000000000000000e+00	0.000000000000000000e+00	1.293505254299993368e+01
9.428341708542712141e+00	1.973508146546611774e+00	1.674590698768879671e+00	5.233447353770847243e+00	3.994448065989848473e-01	1.192052466532016686e+00	2.152171387570893213e+00	5.081455728016940482e-02	7.518425174801897370e-02	0.000000000000000000e+00	0.000000000000000000e+00	0.000000000000000000e+00	0.000000000000000000e+00	1.275121366881642082e+01
9.553919597989947832e+00	1.972982483649660113e+00	1.666727142466595701e+00	5.214718641514766162e+00	3.799683943892345206e-01	1.136688178351843659e+00	2.073050062658556847e+00	5.228666085451664364e-02	7.429117022421911909e-02	0.000000000000000000e+00	0.000000000000000000e+00	0.000000000000000000e+00	0.000000000000000000e+00	1.257071273410939050e+01
9.679497487437183523e+00	1.972450091390806515e+00	1.658798591127863098e+00	5.195824956823506646e+00	3.609703441548857694e-01	1.082750612103923427e+00	1.995911469404366034e+00	5.350570207577866333e-02	7.346363743989203776e-02	0.000000000000000000e+00	0.000000000000000000e+00	0.000000000000000000e+00	0.000000000000000000e+00	1.239367540452102112e+01
9.805075376884420990e+00	1.971910978533558678e+00	1.650806363340730831e+00	5.176769108445482104e+00	3.424535303282540410e-01	1.030241749662623496e+00	1.920735348499919226e+00	5.448476933104298009e-02	7.279775765618025363e-02	0.000000000000000000e+00	0.000000000000000000e+00	0.000000000000000000e+00	0.000000000000000000e+00	1.222019960579779330e+01
9.930653266331656681e+00	1.971365153947001181e+00	1.642751781952928036e+00	5.157553915076396933e+00	3.244201587706522782e-01	9.791617769820031292e-01	1.847500385943784185e+00	5.523374420726702427e-02	7.236223093912567961e-02	0.000000000000000000e+00	0.000000000000000000e+00	0.000000000000000000e+00	0.000000000000000000e+00	1.205034914781915845e+01
1.005623115577889237e+01	1.970812626605461304e+00	1.634636173690099170e+00	5.138182204576794199e+00	3.068717860609539994e-01	9.295091556445892467e-01	1.776184327562593257e+00	5.575887568552381074e-02	7.219399288651767721e-02	0.000000000000000000e+00	0.000000000000000000e+00	0.000000000000000000e+00	0.000000000000000000e+00	1.188414914271253409e+01
1.018180904522612984e+01	1.970253405588169304e+00	1.626460868775747137e+00	5.118656813193322108e+00	2.898093391708845279e-01	8.812806940194690686e-01	1.706764083910106811e+00	5.606266288527508856e-02	7.229555843121170111e-02	0.000000000000000000e+00	0.000000000000000000e+00	0.000000000000000000e+00	0.000000000000000000e+00	1.172158342597418645e+01
1.030738693467336553e+01	1.969687500078916242e+00	1.618227200553030709e+00	5.098980584784039927e+00	2.732331354631631903e-01	8.344716178606113033e-01	1.639215825744396504e+00	5.614406202559564518e-02	7.263418553875218564e-02	0.000000000000000000e+00	0.000000000000000000e+00	0.000000000000000000e+00	0.000000000000000000e+00	1.156259411204850274e+01
1.043296482412060122e+01	1.969114919365708705e+00	1.609936505108578997e+00	5.079156370048070634e+00	2.571429029518227938e-01	7.890756401937205622e-01	1.573515070333592947e+00	5.599901429483344212e-02	7.314293691200197955e-02	0.000000000000000000e+00	0.000000000000000000e+00	0.000000000000000000e+00	0.000000000000000000e+00	1.140708335920833072e+01
1.055854271356783691e+01	1.968535672840418860e+00	1.601590120898464420e+00	5.059187025759885437e+00	2.415378007672836780e-01	7.450850303568342659e-01	1.509636758888936781e+00	5.562127152368177146e-02	7.372368992271344235e-02	0.000000000000000000e+00	0.000000000000000000e+00	0.000000000000000000e+00	0.000000000000000000e+00	1.125491737095821776e+01
1.068412060301507438e+01	1.967949769998430076e+00	1.593189388376485383e+00	5.039075414008540754e+00	2.264164397719891919e-01	7.024906820761408488e-01	1.447555325470126997e+00	5.500347689170000109e-02	7.425211002032869323e-02	0.000000000000000000e+00	0.000000000000000000e+00	0.000000000000000000e+00	0.000000000000000000e+00	1.110593260661374337e+01
1.080969849246231007e+01	1.967357220438281651e+00	1.584735649624898324e+00	5.018824401442137706e+00	2.117769032756521563e-01	6.612821804741568776e-01	1.387244757752304158e+00	5.413843939139710570e-02	7.458454445381293429e-02	0.000000000000000000e+00	0.000000000000000000e+00	0.000000000000000000e+00	0.000000000000000000e+00	1.095994409685264159e+01
1.093527638190954576e+01	1.966758033861306432e+00	1.576230247987745470e+00	4.998436858517780301e+00	1.976167678023481866e-01	6.214478679222739110e-01	1.328678650086121849e+00	5.302052453310269337e-02	7.456669983665402401e-02	0.000000000000000000e+00	0.000000000000000000e+00	0.000000000000000000e+00	0.000000000000000000e+00	1.081675565054733390e+01
1.106085427135678145e+01	1.966152220071269774e+00	1.567674527706907961e+00	4.977915658757328110e+00	1.839331238648447830e-01	5.829749086638005284e-01	1.271830249322106754e+00	5.164707096672768033e-02	7.404383568924202685e-02	0.000000000000000000e+00	0.000000000000000000e+00	0.000000000000000000e+00	0.000000000000000000e+00	1.067617159504222890e+01
1.118643216080401892e+01	1.965539788973999169e+00	1.559069833561023577e+00	4.957263678009181440e+00	1.707225967046250292e-01	5.458493521468462673e-01	1.216672493907318575e+00	5.001973450705310409e-02	7.287204328724820879e-02	0.000000000000000000e+00	0.000000000000000000e+00	0.000000000000000000e+00	0.000000000000000000e+00	1.053800952109729394e+01
1.131201005025125461e+01	1.964920750577014319e+00	1.550417510507401397e+00	4.936483793716396562e+00	1.579813669590627023e-01	5.100561950187576521e-01	1.163178046795810161e+00	4.814565859151153510e-02	7.093000117072668920e-02	0.000000000000000000e+00	0.000000000000000000e+00	0.000000000000000000e+00	0.000000000000000000e+00	1.040211332333668182e+01
1.143758793969849030e+01	1.964295114989153657e+00	1.541718903327053525e+00	4.915578884191330822e+00	1.457051912200982013e-01	4.755794417452051670e-01	1.111319322743794302e+00	4.603837439756811728e-02	6.813042924094504793e-02	0.000000000000000000e+00	0.000000000000000000e+00	0.000000000000000000e+00	0.000000000000000000e+00	1.026836566185514954e+01
1.156316582914572599e+01	1.963662892420195094e+00	1.532975356272975764e+00	4.894551827897126728e+00	1.338894224515650710e-01	4.424021638275066892e-01	1.061068510585250424e+00	4.371834528998494451e-02	6.443033036355924614e-02	0.000000000000000000e+00	0.000000000000000000e+00	0.000000000000000000e+00	0.000000000000000000e+00	1.013669884910816599e+01
1.168874371859296346e+01	1.963024093180475660e+00	1.524188212721794944e+00	4.873405502736213535e+00	1.225290302349831689e-01	4.105065576012237316e-01	1.012397591103044947e+00	4.121308906014715945e-02	5.983903997154028931e-02	0.000000000000000000e+00	0.000000000000000000e+00	0.000000000000000000e+00	0.000000000000000000e+00	1.000710311660942331e+01
1.181432160804019915e+01	1.962378727680505586e+00	1.515358814828901224e+00	4.852142785346103437e+00	1.116186208161942389e-01	3.798740006075900233e-01	9.652783511240089487e-01	3.855683704625761238e-02	5.442312491528721041e-02	0.000000000000000000e+00	0.000000000000000000e+00	0.000000000000000000e+00	0.000000000000000000e+00	9.879631262364847899e+00
1.193989949748743484e+01	1.961726806430581727e+00	1.506488503187175310e+00	4.830766550402673332e+00	1.011524569276336938e-01	3.504851065368388974e-01	9.196823944731131739e-01	3.578972046563697745e-02	4.830730024344188217e-02	0.000000000000000000e+00	0.000000000000000000e+00	0.000000000000000000e+00	0.000000000000000000e+00	9.754398838667095006e+00
1.206547738693467231e+01	1.961068340040396540e+00	1.497578616489429137e+00	4.809279669931169288e+00	9.112447736332456028e-02	3.223197787490534316e-01	8.755811504213977248e-01	3.295650920764781749e-02	4.167077405799007178e-02	0.000000000000000000e+00	0.000000000000000000e+00	0.000000000000000000e+00	0.000000000000000000e+00	9.631579316260408419e+00
1.219105527638190800e+01	1.960403339218641072e+00	1.488630491194660621e+00	4.787685012625132686e+00	8.152831628583254164e-02	2.953572623837664168e-01	8.329458802543723284e-01	3.010496433675525010e-02	3.473878070805822699e-02	0.000000000000000000e+00	0.000000000000000000e+00	0.000000000000000000e+00	0.000000000000000000e+00	9.511394047007222241e+00
1.231663316582914369e+01	1.959731814772609271e+00	1.479645461198226375e+00	4.765985443173449632e+00	7.235732224643090515e-02	2.695761950741880075e-01	7.917476825719006461e-01	2.728389956874172420e-02	2.776950143771568513e-02	0.000000000000000000e+00	0.000000000000000000e+00	0.000000000000000000e+00	0.000000000000000000e+00	9.394097320043263366e+00
1.244221105527637938e+01	1.959053777607795199e+00	1.470624857506037442e+00	4.744183821595724382e+00	6.360457690160951916e-02	2.449546562857469190e-01	7.519574979072847221e-01	2.454107572172069263e-02	2.103706384564812959e-02	0.000000000000000000e+00	0.000000000000000000e+00	0.000000000000000000e+00	0.000000000000000000e+00	9.279957327371567644e+00
1.256778894472361685e+01	1.958369238727490025e+00	1.461570007912868396e+00	4.722283002586144640e+00	5.526291341079554720e-02	2.214702153015330743e-01	7.135461132224790726e-01	2.192107244231195420e-02	1.481180712781895309e-02	0.000000000000000000e+00	0.000000000000000000e+00	0.000000000000000000e+00	0.000000000000000000e+00	9.169234370731441430e+00
1.269336683417085254e+01	1.957678209232373678e+00	1.452482236684877970e+00	4.700285834866049228e+00	4.732493450176553790e-02	1.990999778793551833e-01	6.764841667985914686e-01	1.946329070220738020e-02	9.339437331737870593e-03	0.000000000000000000e+00	0.000000000000000000e+00	0.000000000000000000e+00	0.000000000000000000e+00	9.062158087996957434e+00
1.281894472361808823e+01	1.956980700320103628e+00	1.443362864246425570e+00	4.678195160545334019e+00	3.978303019170360139e-02	1.778206316064876169e-01	6.407421539967235180e-01	1.720023586087617365e-02	4.821008210037974751e-03	0.000000000000000000e+00	0.000000000000000000e+00	0.000000000000000000e+00	0.000000000000000000e+00	8.958905784977691411e+00
1.294452261306532392e+01	1.956276723284900987e+00	1.434213206871276514e+00	4.656013814492886205e+00	3.262939515321661849e-02	1.576084899788524618e-01	6.062904343145816277e-01	1.515621389154561509e-02	1.395784472948727664e-03	0.000000000000000000e+00	0.000000000000000000e+00	0.000000000000000000e+00	0.000000000000000000e+00	8.859584062460209353e+00
1.307010050251256139e+01	1.955566289517134182e+00	1.425034576378267692e+00	4.633744623716185451e+00	2.585604571584672329e-02	1.384395352313965433e-01	5.730992401101017153e-01	1.334654344969143577e-02	-8.710738124148606314e-04	0.000000000000000000e+00	0.000000000000000000e+00	0.000000000000000000e+00	0.000000000000000000e+00	8.764215780306209069e+00
1.319567839195979708e+01	1.954849410502897955e+00	1.415828279831527148e+00	4.611390406750235371e+00	1.945483649474765223e-02	1.202894599458978059e-01	5.411386873057476565e-01	1.177734603244725425e-02	-1.994445359266669437e-03	0.000000000000000000e+00	0.000000000000000000e+00	0.000000000000000000e+00	0.000000000000000000e+00	8.672733981504233469e+00
1.332125628140703277e+01	1.954126097823590369e+00	1.406595619245306628e+00	4.588953973055956759e+00	1.341747663920194594e-02	1.031337074613728477e-01	5.103787883272153936e-01	1.044592902604971063e-02	-2.067861027957469504e-03	0.000000000000000000e+00	0.000000000000000000e+00	0.000000000000000000e+00	0.000000000000000000e+00	8.584983730550739267e+00
1.344683417085426846e+01	1.953396363155486704e+00	1.397337891293511714e+00	4.566438122428177593e+00	7.735545694578285433e-03	8.694751111079351835e-02	4.807894674692915205e-01	9.341726422811145319e-03	-1.254658758283796072e-03	0.000000000000000000e+00	0.000000000000000000e+00	0.000000000000000000e+00	0.000000000000000000e+00	8.500731968816365836e+00
1.357241206030150593e+01	1.952660218269309578e+00	1.388056387023989702e+00	4.543845644413353035e+00	2.400509072154775533e-03	7.170593230597364920e-02	4.523405788206320000e-01	8.447714353891045205e-03	2.275776208876711308e-04	0.000000000000000000e+00	0.000000000000000000e+00	0.000000000000000000e+00	0.000000000000000000e+00	8.419684561880192319e+00
1.369798994974874162e+01	1.951917675029796850e+00	1.378752391577644509e+00	4.521179317737123782e+00	-2.596266878019425246e-03	5.738389749036294785e-02	4.250019268193691024e-01	7.742178191551225136e-03	2.127723507059853074e-03	0.000000000000000000e+00	0.000000000000000000e+00	0.000000000000000000e+00	0.000000000000000000e+00	8.341508843474887414e+00
1.382356783919597731e+01	1.951168745395266413e+00	1.369427183912438339e+00	4.498441909741836220e+00	-7.263500195376751227e-03	4.395623397713796510e-02	3.987432894536718786e-01	7.200679014088343100e-03	4.184742105815958402e-03	0.000000000000000000e+00	0.000000000000000000e+00	0.000000000000000000e+00	0.000000000000000000e+00	8.265859283404877189e+00
1.394914572864321300e+01	1.950413441417178539e+00	1.360082036532334948e+00	4.475636175834124764e+00	-1.160997904173970662e-02	3.139770468750091581e-02	3.735344440665191446e-01	6.798052690647153791e-03	6.151657157539004023e-03	0.000000000000000000e+00	0.000000000000000000e+00	0.000000000000000000e+00	0.000000000000000000e+00	8.192403533344103650e+00
1.407472361809045047e+01	1.949651775239693130e+00	1.350718215221243135e+00	4.452764858942648729e+00	-1.564454784187340949e-02	1.968304180151889127e-02	3.493451956726127960e-01	6.510276147818325025e-03	7.817281306523702830e-03	0.000000000000000000e+00	0.000000000000000000e+00	0.000000000000000000e+00	0.000000000000000000e+00	8.120846096490184962e+00
1.420030150753768616e+01	1.948883759099227397e+00	1.341336978782009082e+00	4.429830688986086784e+00	-1.937609383416207670e-02	8.786979331276976654e-03	3.261454076481125064e-01	6.316052189759807645e-03	9.023451126850592571e-03	0.000000000000000000e+00	0.000000000000000000e+00	0.000000000000000000e+00	0.000000000000000000e+00	8.050947223329162128e+00
1.432587939698492185e+01	1.948109405324008225e+00	1.331939578780504618e+00	4.406836382351454695e+00	-2.281353403342126912e-02	-1.315715376412232183e-03	3.039050346109873346e-01	6.197994526682531861e-03	9.676146135080797295e-03	0.000000000000000000e+00	0.000000000000000000e+00	0.000000000000000000e+00	0.000000000000000000e+00	7.982535292318885034e+00
1.445145728643215932e+01	1.947328726333622972e+00	1.322527259294855373e+00	4.383784641382848513e+00	-2.596580260742038793e-02	-1.065021120289664190e-02	2.825941572714517069e-01	6.143334971702626643e-03	9.749673804443702990e-03	0.000000000000000000e+00	0.000000000000000000e+00	0.000000000000000000e+00	0.000000000000000000e+00	7.915511779248606494e+00
1.457703517587939501e+01	1.946541734638566057e+00	1.313101256669851225e+00	4.360678153880656716e+00	-2.884183866827860418e-02	-1.924158388356608795e-02	2.621830189982014003e-01	6.144120677033101767e-03	9.283954804892734572e-03	0.000000000000000000e+00	0.000000000000000000e+00	0.000000000000000000e+00	0.000000000000000000e+00	7.849848817117355715e+00
1.470261306532663070e+01	1.945748442839785097e+00	1.303662799276573692e+00	4.337519592611325692e+00	-3.145057447950066337e-02	-2.711478769613274997e-02	2.426420638169186628e-01	6.196915976927633296e-03	8.375716109618755109e-03	0.000000000000000000e+00	0.000000000000000000e+00	0.000000000000000000e+00	0.000000000000000000e+00	7.785580168455516592e+00
1.482819095477386639e+01	1.944948863628221281e+00	1.294213107277276675e+00	4.314311614827717634e+00	-3.380092407903769608e-02	-3.429462821247725862e-02	2.239419755326199635e-01	6.302066245865335301e-03	7.164995185248281516e-03	0.000000000000000000e+00	0.000000000000000000e+00	0.000000000000000000e+00	0.000000000000000000e+00	7.722787070405433774e+00
1.495376884422110386e+01	1.944143009784350395e+00	1.284753392395549199e+00	4.291056861800132793e+00	-3.590177231837914790e-02	-4.080573611666667155e-02	2.060537176467040210e-01	6.462616228475568346e-03	5.818718135156071732e-03	0.000000000000000000e+00	0.000000000000000000e+00	0.000000000000000000e+00	0.000000000000000000e+00	7.661580807555322004e+00
1.507934673366833955e+01	1.943330894177718982e+00	1.275284857691790341e+00	4.267757958358012083e+00	-3.776196431730873687e-02	-4.667254209287956951e-02	1.889485737227844797e-01	6.682999714452619693e-03	4.513224346703184099e-03	0.000000000000000000e+00	0.000000000000000000e+00	0.000000000000000000e+00	0.000000000000000000e+00	7.602084001601273400e+00
1.520492462311557524e+01	1.942512529766477813e+00	1.265808697344018796e+00	4.244417512442391072e+00	-3.939029533357792101e-02	-5.191925278771623159e-02	1.725981878424523719e-01	6.967629705006479768e-03	3.417493921167047335e-03	0.000000000000000000e+00	0.000000000000000000e+00	0.000000000000000000e+00	0.000000000000000000e+00	7.544412502900219586e+00
1.533050251256281094e+01	1.941687929596913831e+00	1.256326096434036810e+00	4.221038114669100949e+00	-4.079550104636787966e-02	-5.656982785175958955e-02	1.569746047828120550e-01	7.319518204279584252e-03	2.678542463847030132e-03	0.000000000000000000e+00	0.000000000000000000e+00	0.000000000000000000e+00	0.000000000000000000e+00	7.488659477252862295e+00
1.545608040201004840e+01	1.940857106802978516e+00	1.246838230738974262e+00	4.197622337902768841e+00	-4.198624825202221938e-02	-6.064795806523830268e-02	1.420503095419712591e-01	7.739043570416903085e-03	2.410044435008554427e-03	0.000000000000000000e+00	0.000000000000000000e+00	0.000000000000000000e+00	0.000000000000000000e+00	7.434882866674857205e+00
1.558165829145728409e+01	1.940020074605815825e+00	1.237346266528217331e+00	4.174172736841625486e+00	-4.297112597013034996e-02	-6.417704455223283144e-02	1.277982658366325075e-01	8.222963063452902455e-03	2.684796261476751853e-03	0.000000000000000000e+00	0.000000000000000000e+00	0.000000000000000000e+00	0.000000000000000000e+00	7.383096932614857444e+00
1.570723618090451978e+01	1.939176846313282576e+00	1.227851360365741717e+00	4.150691847613138918e+00	-4.375863695763475975e-02	-6.718017908707533958e-02	1.141919531976001156e-01	8.763741563944608265e-03	3.531191274780918002e-03	0.000000000000000000e+00	0.000000000000000000e+00	0.000000000000000000e+00	0.000000000000000000e+00	7.333268124283778278e+00
1.583281407035175548e+01	1.938327435319473491e+00	1.218354658917858879e+00	4.127182187380466161e+00	-4.435718962821581790e-02	-6.968012549540837652e-02	1.012054022945950010e-01	9.349237418644679512e-03	4.933494877801476546e-03	0.000000000000000000e+00	0.000000000000000000e+00	0.000000000000000000e+00	0.000000000000000000e+00	7.285315101085215517e+00
1.595839195979899294e+01	1.937471855104237362e+00	1.208857298766377264e+00	4.103646253959750467e+00	-4.477509037377998269e-02	-7.169930215082399860e-02	8.881322813138158023e-02	9.962755940447570735e-03	6.835409667277464810e-03	0.000000000000000000e+00	0.000000000000000000e+00	0.000000000000000000e+00	0.000000000000000000e+00	7.239112409044867746e+00
1.608396984924623041e+01	1.936610119232695437e+00	1.199360406227189424e+00	4.080086525448241908e+00	-4.502053628444337152e-02	-7.325976556611699109e-02	7.699066076616080390e-02	1.058345283762030312e-02	9.146221140834853713e-03	0.000000000000000000e+00	0.000000000000000000e+00	0.000000000000000000e+00	0.000000000000000000e+00	7.194497083802182225e+00
1.620954773869346610e+01	1.935742241354753590e+00	1.189865097174278574e+00	4.056505459863230634e+00	-4.510160826296222975e-02	-7.438319507597895841e-02	6.571357323063480027e-02	1.118704580389809876e-02	1.174871642304259854e-02	0.000000000000000000e+00	0.000000000000000000e+00	0.000000000000000000e+00	0.000000000000000000e+00	7.151277330510897201e+00
1.633512562814070179e+01	1.934868235204614262e+00	1.180372476869146814e+00	4.032905494791793721e+00	-4.502626452912120852e-02	-7.509087860548192828e-02	5.495850634431465737e-02	1.174677403461856298e-02	1.450806175096183530e-02	0.000000000000000000e+00	0.000000000000000000e+00	0.000000000000000000e+00	0.000000000000000000e+00	7.109242405860846326e+00
1.646070351758793748e+01	1.933988114600287522e+00	1.170883639795660569e+00	4.009289047051324495e+00	-4.480233450914691828e-02	-7.540369951596670450e-02	4.470269014866669333e-02	1.223453323192217473e-02	1.728089204080456021e-02	0.000000000000000000e+00	0.000000000000000000e+00	0.000000000000000000e+00	0.000000000000000000e+00	7.068172882843552607e+00
1.658628140703517673e+01	1.933101893443095465e+00	1.161399669500304821e+00	3.985658512360817252e+00	-4.443751310478141758e-02	-7.534212451703879709e-02	3.492406171854321034e-02	1.262210778838055228e-02	1.992398570540199546e-02	0.000000000000000000e+00	0.000000000000000000e+00	0.000000000000000000e+00	0.000000000000000000e+00	7.027850592894723469e+00
1.671185929648241242e+01	1.932209585717178379e+00	1.151921638437837236e+00	3.962016265022897610e+00	-4.393935533621902423e-02	-7.492619263029474952e-02	2.560127914602408628e-02	1.288242184625841731e-02	2.230204624877989844e-02	0.000000000000000000e+00	0.000000000000000000e+00	0.000000000000000000e+00	0.000000000000000000e+00	6.988067688452463067e+00
1.683743718592964811e+01	1.931311205488996929e+00	1.142450607822329323e+00	3.938364657616530984e+00	-4.331527135269910844e-02	-7.417550518723839414e-02	1.671373153399927439e-02	1.299073600210298371e-02	2.429426644882793501e-02	0.000000000000000000e+00	0.000000000000000000e+00	0.000000000000000000e+00	0.000000000000000000e+00	6.948634428372849392e+00
1.696301507537688380e+01	1.930406766906832106e+00	1.132987627483580617e+00	3.914706020700404299e+00	-4.257252180414578674e-02	-7.310921684062347825e-02	8.241544883267096569e-03	1.292572552418089216e-02	2.579949239522994625e-02	0.000000000000000000e+00	0.000000000000000000e+00	0.000000000000000000e+00	0.000000000000000000e+00	6.909385439248725724e+00
1.708859296482411949e+01	1.929496284200284073e+00	1.123533735728888372e+00	3.891042662526913887e+00	-4.171821356687583499e-02	-7.174602756526170244e-02	1.655838070037098596e-04	1.267038794591506153e-02	2.673992041190791785e-02	0.000000000000000000e+00	0.000000000000000000e+00	0.000000000000000000e+00	0.000000000000000000e+00	6.870184333488776218e+00
1.721417085427135518e+01	1.928579771679766797e+00	1.114089959210156522e+00	3.867376868766730258e+00	-4.075929581604152002e-02	-7.010417562118333168e-02	-7.532550940384004010e-03	1.221274168345329661e-02	2.706334412376778034e-02	0.000000000000000000e+00	0.000000000000000000e+00	0.000000000000000000e+00	0.000000000000000000e+00	6.830926663086265727e+00
1.733974874371859087e+01	1.927657243736001780e+00	1.104657312796315738e+00	3.843710902243865579e+00	-3.970255643716205651e-02	-6.820143144902440779e-02	-1.487052907765905839e-02	1.154629188431135003e-02	2.674402276255300262e-02	0.000000000000000000e+00	0.000000000000000000e+00	0.000000000000000000e+00	0.000000000000000000e+00	6.791541256459201925e+00
1.746532663316582656e+01	1.926728714839511358e+00	1.095236799451037246e+00	3.820047002681211001e+00	-3.855461876881117328e-02	-6.605509246465897377e-02	-2.186530145534824540e-02	1.067025416438159569e-02	2.578227207514183911e-02	0.000000000000000000e+00	0.000000000000000000e+00	0.000000000000000000e+00	0.000000000000000000e+00	6.751990030522465602e+00
1.759090452261306581e+01	1.925794199540106444e+00	1.085829410115712879e+00	3.796387386456465673e+00	-3.732193866828520390e-02	-6.368197871748269845e-02	-2.853311460244090103e-02	9.589540495850642360e-03	2.420289615717680087e-02	0.000000000000000000e+00	0.000000000000000000e+00	0.000000000000000000e+00	0.000000000000000000e+00	6.712266400777104458e+00
1.771648241206030150e+01	1.924853712466375599e+00	1.076436123597671601e+00	3.772734246368407707e+00	-3.601080189187390312e-02	-6.109842937439813326e-02	-3.488952894879703004e-02	8.314523671512641378e-03	2.205259307391702062e-02	0.000000000000000000e+00	0.000000000000000000e+00	0.000000000000000000e+00	0.000000000000000000e+00	6.672392438962814865e+00
1.784206030150753719e+01	1.923907268325168562e+00	1.067057906463602324e+00	3.749089751413425375e+00	-3.462732178119874021e-02	-5.832029998954197519e-02	-4.094944045637545493e-02	6.860607019649364070e-03	1.939648797546609377e-02	0.000000000000000000e+00	0.000000000000000000e+00	0.000000000000000000e+00	0.000000000000000000e+00	6.632414958970195507e+00
1.796763819095477288e+01	1.922954881901082436e+00	1.057695712938155008e+00	3.725456046572245050e+00	-3.317743724697400087e-02	-5.536296051812599622e-02	-4.672710534074275140e-02	5.247634018852769325e-03	1.631397886289947044e-02	0.000000000000000000e+00	0.000000000000000000e+00	0.000000000000000000e+00	0.000000000000000000e+00	6.592400751187391883e+00
1.809321608040200857e+01	1.921996568055940324e+00	1.048350484807683225e+00	3.701835252606787918e+00	-3.166691104148582070e-02	-5.224129403151539508e-02	-5.223616751662456259e-02	3.499177913050348886e-03	1.289412078824853786e-02	0.000000000000000000e+00	0.000000000000000000e+00	0.000000000000000000e+00	0.000000000000000000e+00	6.552431231582084514e+00
1.821879396984924426e+01	1.921032341728274417e+00	1.039023151329090178e+00	3.678229465867058234e+00	-3.010132831107395490e-02	-4.896969608983816474e-02	-5.748968835840211067e-02	1.641754217156251141e-03	9.230816929454264616e-03	0.000000000000000000e+00	0.000000000000000000e+00	0.000000000000000000e+00	0.000000000000000000e+00	6.512596817311720798e+00
1.834437185929647995e+01	1.920062217932801074e+00	1.029714629143746674e+00	3.654640758108002263e+00	-2.848609541994129649e-02	-4.556207472805318820e-02	-6.250017832937150575e-02	-2.960008747573934589e-04	5.418118261114973806e-03	0.000000000000000000e+00	0.000000000000000000e+00	0.000000000000000000e+00	0.000000000000000000e+00	6.472991374093540529e+00
1.846994974874371920e+01	1.919086211759897909e+00	1.020425822196436627e+00	3.631071176316234883e+00	-2.682643903670895932e-02	-4.203185101151355602e-02	-6.727963000298073371e-02	-2.284145577938376855e-03	1.545944524462054782e-03	0.000000000000000000e+00	0.000000000000000000e+00	0.000000000000000000e+00	0.000000000000000000e+00	6.433707089167890025e+00
1.859552763819095489e+01	1.918104338375078211e+00	1.011157621659293016e+00	3.607522742546568129e+00	-2.512740547527182386e-02	-3.839196011764650640e-02	-7.183955197577425456e-02	-4.292205155407790261e-03	-2.303482981503688146e-03	0.000000000000000000e+00	0.000000000000000000e+00	0.000000000000000000e+00	0.000000000000000000e+00	6.394830096875335990e+00
1.872110552763819058e+01	1.917116613018462479e+00	1.001910905860677437e+00	3.583997453768222208e+00	-2.339386028170030440e-02	-3.465485290146189112e-02	-7.619100315589984185e-02	-6.289872619722578113e-03	-6.058266877652457305e-03	0.000000000000000000e+00	0.000000000000000000e+00	0.000000000000000000e+00	0.000000000000000000e+00	6.356437116810923271e+00
1.884668341708542627e+01	1.916123051004251510e+00	9.926865402189648524e-01	3.560497281720656382e+00	-2.163048805916362866e-02	-3.083249790414902686e-02	-8.034462690302283938e-02	-8.247615717448780748e-03	-9.658383667695875571e-03	0.000000000000000000e+00	0.000000000000000000e+00	0.000000000000000000e+00	0.000000000000000000e+00	6.318593260692392910e+00
1.897226130653266196e+01	1.915123667720191269e+00	9.834853771811822298e-01	3.537024172778900244e+00	-1.984179252312496394e-02	-2.693638376606360268e-02	-8.431068449560515099e-02	-1.013717673152273943e-02	-1.305614417998280513e-02	0.000000000000000000e+00	0.000000000000000000e+00	0.000000000000000000e+00	0.000000000000000000e+00	6.281351035983973929e+00
1.909783919597989765e+01	1.914118478627043984e+00	9.743082561664596630e-01	3.513580047828304131e+00	-1.803209677936725222e-02	-2.297752200788066856e-02	-8.809908740968205865e-02	-1.193195991112308042e-02	-1.621567462620318936e-02	0.000000000000000000e+00	0.000000000000000000e+00	0.000000000000000000e+00	0.000000000000000000e+00	6.244750441887552128e+00
1.922341708542713334e+01	1.913107499258051458e+00	9.651560035142419114e-01	3.490166802148591874e+00	-1.620554381775217087e-02	-1.896645014658592324e-02	-9.171942790944762058e-02	-1.360730897464117531e-02	-1.911163400082114064e-02	0.000000000000000000e+00	0.000000000000000000e+00	0.000000000000000000e+00	0.000000000000000000e+00	6.208819940071637511e+00
1.934899497487436903e+01	1.912090745218400833e+00	9.560294324372106134e-01	3.466786305307131055e+00	-1.436609721498380461e-02	-1.491323511626464586e-02	-9.518100747387896188e-02	-1.514068364841021641e-02	-2.172744936125071274e-02	0.000000000000000000e+00	0.000000000000000000e+00	0.000000000000000000e+00	0.000000000000000000e+00	6.173578010147953599e+00
1.947457286432160828e+01	1.911068232184684801e+00	9.469293429788706584e-01	3.443440401061295564e+00	-1.251754204003798984e-02	-1.082747696726417755e-02	-9.849286261493717110e-02	-1.651174928320683216e-02	-2.405336281678519331e-02	0.000000000000000000e+00	0.000000000000000000e+00	0.000000000000000000e+00	0.000000000000000000e+00	6.139034982502621141e+00
1.960015075376884397e+01	1.910039975904365361e+00	9.378565219757432070e-01	3.420130907269836040e+00	-1.066348595632158822e-02	-6.718312821214600383e-03	-1.016637876811416069e-01	-1.770239709264190622e-02	-2.608454105785320068e-02	0.000000000000000000e+00	0.000000000000000000e+00	0.000000000000000000e+00	0.000000000000000000e+00	6.105194880540770974e+00
1.972572864321607966e+01	1.909005992195230261e+00	9.288117430241144001e-01	3.396859615813123678e+00	-8.807360515039362042e-03	-2.594421063539597595e-03	-1.047023542850116784e-01	-1.869671450929032835e-02	-2.781941202801313170e-02	0.000000000000000000e+00	0.000000000000000000e+00	0.000000000000000000e+00	0.000000000000000000e+00	6.072057088631574118e+00
1.985130653266331535e+01	1.907966296944851869e+00	9.197957664512876885e-01	3.373628292522180772e+00	-6.952422634655230048e-03	1.535974240603119089e-03	-1.076169270433771363e-01	-1.948092570919912961e-02	-2.925828773814658640e-02	0.000000000000000000e+00	0.000000000000000000e+00	0.000000000000000000e+00	0.000000000000000000e+00	6.039617767033545803e+00
1.997688442211055104e+01	1.906920906110044944e+00	9.108093392912807174e-01	3.350438677116367892e+00	-5.101756261741557073e-03	5.665098716587073022e-03	-1.104156753752904840e-01	-2.004332173656299398e-02	-3.040223704961294085e-02	0.000000000000000000e+00	0.000000000000000000e+00	0.000000000000000000e+00	0.000000000000000000e+00	6.007871030811072544e+00
2.010246231155778673e+01	1.905869835716319738e+00	9.018531952649126993e-01	3.327292483149622893e+00	-3.258274208898168968e-03	9.785622841971326757e-03	-1.131065811624961392e-01	-2.037419810169024265e-02	-3.125211479399044728e-02	0.000000000000000000e+00	0.000000000000000000e+00	0.000000000000000000e+00	0.000000000000000000e+00	5.976809968705752318e+00
2.022804020100502242e+01	1.904813101857336655e+00	8.929280547642242105e-01	3.304191397965133170e+00	-1.424720165792125450e-03	1.389065690030743053e-02	-1.156974421414441456e-01	-2.046581542407471116e-02	-3.180764998785187703e-02	0.000000000000000000e+00	0.000000000000000000e+00	0.000000000000000000e+00	0.000000000000000000e+00	5.946427583767839309e+00
2.035361809045226167e+01	1.903750720694358023e+00	8.840346248411709018e-01	3.281137082658319049e+00	3.963291202916300162e-04	1.797374572355056252e-02	-1.181958709629138404e-01	-2.031239578503385435e-02	-3.206654530269600900e-02	0.000000000000000000e+00	0.000000000000000000e+00	0.000000000000000000e+00	0.000000000000000000e+00	5.916717690987047362e+00
2.047919597989949736e+01	1.902682708455698313e+00	8.751735992005352793e-01	3.258131172048023050e+00	2.202461497695587175e-03	2.202886321539682807e-02	-1.206092899246781480e-01	-1.991016402099714255e-02	-3.202362391694146826e-02	0.000000000000000000e+00	0.000000000000000000e+00	0.000000000000000000e+00	0.000000000000000000e+00	5.887675726554732591e+00
2.060477386934673305e+01	1.901609081436175464e+00	8.663456581969894987e-01	3.235175274655766486e+00	3.991426900477366459e-03	2.605040664399963651e-02	-1.229449214534941714e-01	-1.925743928090550144e-02	-3.167014768819641918e-02	0.000000000000000000e+00	0.000000000000000000e+00	0.000000000000000000e+00	0.000000000000000000e+00	5.859299339410813268e+00
2.073035175879396874e+01	1.900529855996557549e+00	8.575514688362578797e-01	3.212270972692972570e+00	5.761134678171370843e-03	3.003319068896073696e-02	-1.252097744842292915e-01	-1.835477785505755174e-02	-3.099348911175299828e-02	0.000000000000000000e+00	0.000000000000000000e+00	0.000000000000000000e+00	0.000000000000000000e+00	5.831588581441880415e+00
2.085592964824120443e+01	1.899445048563010330e+00	8.487916847803110842e-01	3.189419822056016596e+00	7.509650767899704420e-03	3.397244122434071173e-02	-1.274106269552813253e-01	-1.720516367907701932e-02	-2.997734434597722208e-02	0.000000000000000000e+00	0.000000000000000000e+00	0.000000000000000000e+00	0.000000000000000000e+00	5.804545512411242392e+00
2.098150753768844012e+01	1.898354675626543919e+00	8.400669463565325623e-01	3.166623352328993501e+00	9.235194711405459236e-03	3.786378881672859686e-02	-1.295540047097337166e-01	-1.581423822778576030e-02	-2.860261832592161935e-02	0.000000000000000000e+00	0.000000000000000000e+00	0.000000000000000000e+00	0.000000000000000000e+00	5.778173096576763257e+00
2.110708542713567581e+01	1.897258753742455895e+00	8.313778805707954245e-01	3.143883066794070036e+00	1.093613651954164143e-02	4.170326191521119691e-02	-1.316461571600180402e-01	-1.419055702401701528e-02	-2.684900792432503083e-02	0.000000000000000000e+00	0.000000000000000000e+00	0.000000000000000000e+00	0.000000000000000000e+00	5.752473377433714674e+00
2.123266331658291151e+01	1.896157299529776408e+00	8.227251011243854606e-01	3.121200442449302948e+00	1.261099338677863779e-02	4.548727970845990037e-02	-1.336930301392443843e-01	-1.234585603632884845e-02	-2.469718302234694476e-02	0.000000000000000000e+00	0.000000000000000000e+00	0.000000000000000000e+00	0.000000000000000000e+00	5.727445047000783163e+00
2.135824120603015075e+01	1.895050329670709077e+00	8.141092084347066882e-01	3.098576930033792198e+00	1.425842625838223340e-02	4.921264462311186055e-02	-1.357002364238790726e-01	-1.029530817274076568e-02	-2.213135228293025211e-02	0.000000000000000000e+00	0.000000000000000000e+00	0.000000000000000000e+00	0.000000000000000000e+00	5.703080642141151735e+00
2.148381909547738644e+01	1.893937860910074544e+00	8.055307896597082573e-01	3.076013954060052846e+00	1.587723625307799202e-02	5.287653443723257241e-02	-1.376730244690469174e-01	-8.057748187639574011e-03	-1.914192989625795524e-02	0.000000000000000000e+00	0.000000000000000000e+00	0.000000000000000000e+00	0.000000000000000000e+00	5.679363672767202331e+00
2.160939698492462213e+01	1.892819910054748922e+00	7.969904187259631012e-01	3.053512912853465266e+00	1.746636094424532104e-02	5.647649398291069989e-02	-1.396162459484044660e-01	-5.655843791822506676e-03	-1.572800789046233452e-02	0.000000000000000000e+00	0.000000000000000000e+00	0.000000000000000000e+00	0.000000000000000000e+00	5.656265998930644301e+00
2.173497487437185782e+01	1.891696493973102911e+00	7.884886563603391574e-01	3.031075178598690023e+00	1.902487050297967108e-02	6.001042641297144042e-02	-1.415343227342285293e-01	-3.116191635847264524e-03	-1.189938503552011480e-02	0.000000000000000000e+00	0.000000000000000000e+00	0.000000000000000000e+00	0.000000000000000000e+00	5.633745726442487722e+00
2.186055276381909351e+01	1.890567629594441357e+00	7.800260501251942147e-01	3.008702097392913721e+00	2.055196370672015410e-02	6.347658400841089954e-02	-1.434312139890523974e-01	-4.693190208751151643e-04	-7.677991893447969583e-03	0.000000000000000000e+00	0.000000000000000000e+00	0.000000000000000000e+00	0.000000000000000000e+00	5.611745799924304556e+00
2.198613065326632920e+01	1.889433333908441037e+00	7.716031344570298822e-01	2.986394989305799275e+00	2.204696381756073020e-02	6.687355850543398594e-02	-1.453103840668598379e-01	2.250424550361786093e-03	-3.098656958549151925e-03	0.000000000000000000e+00	0.000000000000000000e+00	0.000000000000000000e+00	0.000000000000000000e+00	5.590193363519218472e+00
2.211170854271356490e+01	1.888293623964585333e+00	7.632204307085410644e-01	2.964155148446009136e+00	2.350931433483760893e-02	7.020027092391201151e-02	-1.471747719385441411e-01	5.005097846666074074e-03	1.790745391655540085e-03	0.000000000000000000e+00	0.000000000000000000e+00	0.000000000000000000e+00	0.000000000000000000e+00	5.568999859677663089e+00
2.223728643216080414e+01	1.887148516871600679e+00	7.548784471939905538e-01	2.941983843034182033e+00	2.493857462711325523e-02	7.345596088262477952e-02	-1.490267628621823603e-01	7.753527814702224595e-03	6.929658793834847681e-03	0.000000000000000000e+00	0.000000000000000000e+00	0.000000000000000000e+00	0.000000000000000000e+00	5.548061766355866453e+00
2.236286432160803983e+01	1.885998029796892128e+00	7.465776792378487903e-01	2.919882315482230428e+00	2.633441544924847166e-02	7.664017539078465946e-02	-1.508681630128692330e-01	1.045180174153750863e-02	1.224558893399516589e-02	0.000000000000000000e+00	0.000000000000000000e+00	0.000000000000000000e+00	0.000000000000000000e+00	5.527261843019668497e+00
2.248844221105527552e+01	1.884842179965975584e+00	7.383186092266246225e-01	2.897851782478820137e+00	2.769661435086156684e-02	7.975275710999159273e-02	-1.527001777687825856e-01	1.305389000665222420e-02	1.765510947766086094e-02	0.000000000000000000e+00	0.000000000000000000e+00	0.000000000000000000e+00	0.000000000000000000e+00	5.506470764847804844e+00
2.261402010050251121e+01	1.883680984661912916e+00	7.301017066638301189e-01	2.875893435080928651e+00	2.902505098311231047e-02	8.279383208589768950e-02	-1.545233943192890202e-01	1.551239349819251434e-02	2.306505310143381129e-02	0.000000000000000000e+00	0.000000000000000000e+00	0.000000000000000000e+00	0.000000000000000000e+00	5.485549061756018752e+00
2.273959798994974690e+01	1.882514461224741753e+00	7.219274282280034871e-01	2.854008438811327153e+00	3.031970231140287617e-02	8.576379695436243955e-02	-1.563377692170497268e-01	1.777940578727483720e-02	2.837386407117988354e-02	0.000000000000000000e+00	0.000000000000000000e+00	0.000000000000000000e+00	0.000000000000000000e+00	5.464349328171243414e+00
2.286517587939698259e+01	1.881342627050910599e+00	7.137962178337308172e-01	2.832197933761872122e+00	3.158063774225947085e-02	8.866330563272546705e-02	-1.581426214391061791e-01	1.980747643190178611e-02	3.347313709545048782e-02	0.000000000000000000e+00	0.000000000000000000e+00	0.000000000000000000e+00	0.000000000000000000e+00	5.442718714109744838e+00
2.299075376884421829e+01	1.880165499592706180e+00	7.057085066955960384e-01	2.810463034702483931e+00	3.280801417332702974e-02	9.149325551287873504e-02	-1.599366314521216415e-01	2.155065826941291937e-02	3.824939739841817787e-02	0.000000000000000000e+00	0.000000000000000000e+00	0.000000000000000000e+00	0.000000000000000000e+00	5.420501734892702039e+00
2.311633165829145398e+01	1.878983096357685900e+00	6.976647133949944735e-01	2.788804831195666356e+00	3.400207097606963713e-02	9.425477317901875818e-02	-1.617178466947737925e-01	2.296561820998500522e-02	4.258618231857697056e-02	0.000000000000000000e+00	0.000000000000000000e+00	0.000000000000000000e+00	0.000000000000000000e+00	5.397543438937222327e+00
2.324190954773869322e+01	1.877795434908107186e+00	6.896652439497416021e-01	2.767224387716459066e+00	3.516312492141333151e-02	9.694919967920632986e-02	-1.634836937965344905e-01	2.401278785408366562e-02	4.636646557788872552e-02	0.000000000000000000e+00	0.000000000000000000e+00	0.000000000000000000e+00	0.000000000000000000e+00	5.373692950810364799e+00
2.336748743718592891e+01	1.876602532860356165e+00	6.817104918864138607e-01	2.745722743777680996e+00	3.629156505918112313e-02	9.957807538604646069e-02	-1.652309977478615133e-01	2.465752726304509118e-02	4.947542810701405225e-02	0.000000000000000000e+00	0.000000000000000000e+00	0.000000000000000000e+00	0.000000000000000000e+00	5.348807366591876722e+00
2.349306532663316460e+01	1.875404407884376123e+00	6.738008383153505365e-01	2.724300914060350465e+00	3.738784756274657339e-02	1.021431244878304168e-01	-1.669560081235694493e-01	2.487127250087817903e-02	5.180353414872349710e-02	0.000000000000000000e+00	0.000000000000000000e+00	0.000000000000000000e+00	0.000000000000000000e+00	5.322755930836685856e+00
2.361864321608040029e+01	1.874201077703095963e+00	6.659366520082532492e-01	2.702959888549139489e+00	3.845249055085718515e-02	1.046462391572554329e-01	-1.686544323405715640e-01	2.463263525751278188e-02	5.324982934976162097e-02	0.000000000000000000e+00	0.000000000000000000e+00	0.000000000000000000e+00	0.000000000000000000e+00	5.295424380235304262e+00
2.374422110552763598e+01	1.872992560091856440e+00	6.581182894783200732e-01	2.681700632672758822e+00	3.948606889905423301e-02	1.070894634502673332e-01	-1.703214758053001321e-01	2.392842109244009211e-02	5.372534788276507600e-02	0.000000000000000000e+00	0.000000000000000000e+00	0.000000000000000000e+00	0.000000000000000000e+00	5.266719307762162572e+00
2.386979899497487168e+01	1.871778872877839284e+00	6.503460950628392467e-01	2.660524087449125830e+00	4.048920905351581501e-02	1.094749769925370680e-01	-1.719518886772352650e-01	2.275453172784829697e-02	5.315650366519935471e-02	0.000000000000000000e+00	0.000000000000000000e+00	0.000000000000000000e+00	0.000000000000000000e+00	5.236572388151670587e+00
2.399537688442210737e+01	1.870560033939491662e+00	6.426204010081875140e-01	2.639431169635201968e+00	4.146258386048761596e-02	1.118050785155386001e-01	-1.735400188455537562e-01	2.111671647349874087e-02	5.148834705377294124e-02	0.000000000000000000e+00	0.000000000000000000e+00	0.000000000000000000e+00	0.000000000000000000e+00	5.204944311640624655e+00
2.412095477386934661e+01	1.869336061205952637e+00	6.349415275571589357e-01	2.618422771881376399e+00	4.240690742471464603e-02	1.140821693080163596e-01	-1.750798705887141316e-01	1.903113835591497410e-02	4.868758900119694866e-02	0.000000000000000000e+00	0.000000000000000000e+00	0.000000000000000000e+00	0.000000000000000000e+00	5.171828294145617733e+00
2.424653266331658230e+01	1.868106972656480291e+00	6.273097830385654383e-01	2.597499762890268737e+00	4.332293001045957326e-02	1.163087366517868287e-01	-1.765651682645704157e-01	1.652472190687444276e-02	4.474532211335445486e-02	0.000000000000000000e+00	0.000000000000000000e+00	0.000000000000000000e+00	0.000000000000000000e+00	5.137253061003218768e+00
2.437211055276381799e+01	1.866872786319875521e+00	6.197254639590376035e-01	2.576662987579822595e+00	4.421143299876897914e-02	1.184873373132145358e-01	-1.779894242643055291e-01	1.363525189371581764e-02	3.967939319515689095e-02	0.000000000000000000e+00	0.000000000000000000e+00	0.000000000000000000e+00	0.000000000000000000e+00	5.101285228995286580e+00
2.449768844221105368e+01	1.865633520273908275e+00	6.121888550969680765e-01	2.555913267250580656e+00	4.507322391463675776e-02	1.206205811633179609e-01	-1.793460103598976119e-01	1.041119561930435242e-02	3.353639596795067457e-02	0.000000000000000000e+00	0.000000000000000000e+00	0.000000000000000000e+00	0.000000000000000000e+00	5.064031028926768485e+00
2.462326633165828937e+01	1.864389192644740678e+00	6.047002295985260956e-01	2.535251399757007196e+00	4.590913153760356469e-02	1.227111150002346274e-01	-1.806282314848212389e-01	6.911225893007468327e-03	2.639324929885673507e-02	0.000000000000000000e+00	0.000000000000000000e+00	0.000000000000000000e+00	0.000000000000000000e+00	5.025637312245155641e+00
2.474884422110552507e+01	1.863139821606352831e+00	5.972598490756861889e-01	2.514678159682743885e+00	4.672000110912841175e-02	1.247616066477019031e-01	-1.818294009138144984e-01	3.203427530899433801e-03	1.835830300291050113e-02	0.000000000000000000e+00	0.000000000000000000e+00	0.000000000000000000e+00	0.000000000000000000e+00	4.986291767741609426e+00
2.487442211055276076e+01	1.861885425379968151e+00	5.898679637061997605e-01	2.494194298519673225e+00	4.750668964976563491e-02	1.267747294022668614e-01	-1.829429157521884897e-01	-6.358225267493698967e-04	9.571872197539108701e-03	0.000000000000000000e+00	0.000000000000000000e+00	0.000000000000000000e+00	0.000000000000000000e+00	4.946222240576474860e+00
2.500000000000000000e+01	1.860626022233474730e+00	5.825248123354531682e-01	2.473800544850678573e+00	4.827006139879229385e-02	1.287531469001481077e-01	-1.839623316103373152e-01	-4.523302496600566103e-03	2.060489778450751109e-04	0.000000000000000000e+00	0.000000000000000000e+00	0.000000000000000000e+00	0.000000000000000000e+00	4.905695002589452791e+00
