# q (inverse Anstrom)	f(q): 1s	f(q): 2s	f(q): 2p	f(q): 3s	f(q): 3p	f(q): 3d	f(q): 4s	f(q): total
1.000000000000000021e-02	1.996039599715002000e+00	1.998437650432439261e+00	5.995455537042402305e+00	1.998267393886324683e+00	5.994382195705714622e+00	1.998210602316917939e+00	1.997964312331658387e+00	2.197875729143045831e+01
1.355778894472361717e-01	1.996029540286377912e+00	1.998243347209631038e+00	5.994973858661462707e+00	1.996423799597709214e+00	5.987795685045172789e+00	1.993732410742598216e+00	1.972444185119647697e+00	2.193964282666260246e+01
2.611557788944723346e-01	1.996002104517199616e+00	1.997713922961445121e+00	5.993661403152392708e+00	1.991408007004617398e+00	5.969884730903591397e+00	1.981604923611500757e+00	1.904573760790103432e+00	2.183484885294084776e+01
3.867336683417085252e-01	1.995957301180487420e+00	1.996849662098847400e+00	5.991518851550754476e+00	1.983243378346595698e+00	5.940756768025923229e+00	1.962037873695041235e+00	1.798808023924922228e+00	2.166917185882257613e+01
5.123115577889446604e-01	1.995895132286574558e+00	1.995651026210016665e+00	5.988547307767487560e+00	1.971967842398429038e+00	5.900585818060509524e+00	1.935363891463917074e+00	1.661806614846687458e+00	2.144981763303362499e+01
6.378894472361807955e-01	1.995815600449767135e+00	1.994118655104456295e+00	5.984748301846308571e+00	1.957633577295128768e+00	5.849610467407680758e+00	1.902025073111779818e+00	1.501671167971202925e+00	2.118562284318632294e+01
7.634673366834170416e-01	1.995718708984587142e+00	1.992253366173621032e+00	5.980123788374543281e+00	1.940306575827652980e+00	5.788131116984265745e+00	1.862555813093155876e+00	1.327093954197085424e+00	2.088618332363490993e+01
8.890452261306531767e-01	1.995604461920172490e+00	1.990056153552453688e+00	5.974676144389680310e+00	1.920066099405283166e+00	5.716506558977100028e+00	1.817563117581472376e+00	1.146551375870339173e+00	2.056102391169649835e+01
1.014623115577889312e+00	1.995472864003678959e+00	1.987528187097892696e+00	5.968408166828292671e+00	1.897004027845312635e+00	5.635149946605870319e+00	1.767705693299738812e+00	9.676463769229547429e-01	2.021891526260374050e+01
1.140201005025125447e+00	1.995323920701111309e+00	1.984670811187821071e+00	5.961323069527122875e+00	1.871224113414047485e+00	5.544524233089607179e+00	1.713673054738374502e+00	7.966591898906032476e-01	1.986739839254869011e+01
1.265778894472361582e+00	1.995157638197321281e+00	1.981485543342869748e+00	5.953424479782898793e+00	1.842841148648457716e+00	5.445137163988302831e+00	1.656165733718828692e+00	6.383202025758262232e-01	1.951253191025450562e+01
1.391356783919597717e+00	1.994974023395656326e+00	1.977974072673504446e+00	5.944716434477474110e+00	1.811980058414096817e+00	5.337535912705697605e+00	1.595877442213451625e+00	4.957824974544922658e-01	1.915884044133437314e+01
1.516934673366834074e+00	1.994773083917416701e+00	1.974138258155067049e+00	5.935203375775495616e+00	1.778774927388519833e+00	5.222301452125412524e+00	1.533479770287437427e+00	3.707494074694587249e-01	1.880942027511880710e+01
1.642512562814070209e+00	1.994554828101194888e+00	1.969980126733689829e+00	5.924890146402472801e+00	1.743367974692107136e+00	5.100042756136068611e+00	1.469609731792395513e+00	2.637038131991431555e-01	1.846614937705707149e+01
1.768090452261306345e+00	1.994319265002117314e+00	1.965501871266286837e+00	5.913781984511865986e+00	1.705908487716492949e+00	4.971390923291809649e+00	1.404860229770128255e+00	1.741876078929537885e-01	1.812995036945165594e+01
1.893668341708542480e+00	1.994066404390999692e+00	1.960705848298075704e+00	5.901884518150475323e+00	1.666551727326277987e+00	4.836993311237343107e+00	1.339773320477779306e+00	1.010878207558368463e-01	1.780106295063678701e+01
2.019246231155778393e+00	1.993796256753432194e+00	1.955594575681351532e+00	5.889203759332146682e+00	1.625457816538504519e+00	4.697507765047346240e+00	1.274836018358424639e+00	4.289695758046487006e-02	1.747929314929167077e+01
2.144824120603014528e+00	1.993508833288784476e+00	1.950170730039477274e+00	5.875746097730418782e+00	1.582790624526859258e+00	4.553597015581678953e+00	1.210478303914503728e+00	-2.073170466113159402e-03	1.716421843461560925e+01
2.270402010050250663e+00	1.993204145909147629e+00	1.944437144080305435e+00	5.861518294001403007e+00	1.538716657367862561e+00	4.405923315664344919e+00	1.147072965173499659e+00	-3.553396921240550843e-02	1.685533855298415773e+01
2.395979899497486798e+00	1.992882207238200420e+00	1.938396803763459131e+00	5.846527472748748622e+00	1.493403966361636082e+00	4.255143372694665693e+00	1.084936909904736124e+00	-5.911950599500108428e-02	1.655217122671644958e+01
2.521557788944722933e+00	1.992543030610009813e+00	1.932052845326139190e+00	5.830781115143169657e+00	1.447021084039965988e+00	4.101903626533501601e+00	1.024333616957660453e+00	-7.433617416535373557e-02	1.625429914444509194e+01
2.647135678391959068e+00	1.992186630067764419e+00	1.925408552172311216e+00	5.814287051209475088e+00	1.399735997140818089e+00	3.946835911501954008e+00	9.654764386450584990e-01	-8.255078947255425903e-02	1.596137979126482698e+01
2.772713567839195203e+00	1.991813020362439568e+00	1.918467351630341655e+00	5.797053451794601742e+00	1.351715164903856348e+00	3.790553531387251152e+00	9.085325118339785400e-01	-8.500262813403149098e-02	1.567313240377843897e+01
2.898291457286431339e+00	1.991422216951392654e+00	1.911232811584318680e+00	5.779088820230576573e+00	1.303122590048920726e+00	3.633647766738981044e+00	8.536270763958855312e-01	-8.282479421304304867e-02	1.538931648773703387e+01
3.023869346733667918e+00	1.991014235996896753e+00	1.903708636984476010e+00	5.760401983706795903e+00	1.254118948761665520e+00	3.476684824687445108e+00	8.008480324698976638e-01	-7.706272883866699397e-02	1.510971393376850891e+01
3.149447236180904053e+00	1.990589094364604739e+00	1.895898666242290309e+00	5.741002084366346736e+00	1.204860784949681740e+00	3.320203233209272575e+00	7.502505923268562027e-01	-6.868212053727099087e-02	1.483412233492178167e+01
3.275025125628140188e+00	1.990146809621947677e+00	1.887806867515969600e+00	5.720898570141529582e+00	1.155499772969101668e+00	3.164711674342620906e+00	7.018619005159584257e-01	-5.856389388718970246e-02	1.456236170121993645e+01
3.400603015075376323e+00	1.989687400036468379e+00	1.879437334892184452e+00	5.700101185343967813e+00	1.106182051974905489e+00	3.010687244409110619e+00	6.556855106327922345e-01	-4.748904572289344705e-02	1.429429168156653596e+01
3.526180904522612458e+00	1.989210884574088345e+00	1.870794284470000290e+00	5.678619961025025198e+00	1.057047634034771422e+00	2.858574123882513085e+00	6.117056216626993725e-01	-3.611972070287636227e-02	1.402983278894622288e+01
3.651758793969848593e+00	1.988717282897310756e+00	1.861882050353093510e+00	5.656465205122479745e+00	1.008229887180905671e+00	2.708782635166483210e+00	5.698909936343533600e-01	-2.498434977161849771e-02	1.376898370458300747e+01
3.777336683417084728e+00	1.988206615363357965e+00	1.852705080556404482e+00	5.633647492409573410e+00	9.598550936689691504e-01	2.561688663181372227e+00	5.301984819124431203e-01	-1.447368926963325982e-02	1.351182773782248425e+01
3.902914572864320863e+00	1.987678903022246146e+00	1.843267932833470457e+00	5.610177654262749947e+00	9.120420828775626099e-01	2.417633411260454501e+00	4.925761508916851050e-01	-4.851464865931838163e-03	1.325852467028223813e+01
4.028492462311556999e+00	1.987134167614791780e+00	1.833575270430739090e+00	5.586066768264492666e+00	8.649019375228511608e-01	2.276923463341903542e+00	4.569659489703352118e-01	3.721170586266040695e-03	1.300928872673138059e+01
4.154070351758793578e+00	1.986572431570559072e+00	1.823631857775213749e+00	5.561326147657760899e+00	8.185377711855568172e-01	2.139831122720235346e+00	4.233059449373541838e-01	1.115275501686439907e-02	1.276435803086354426e+01
4.279648241206029269e+00	1.985993718005742537e+00	1.813442556101816816e+00	5.535967330668578157e+00	7.730445745541862923e-01	2.006594997583295292e+00	3.915321392923253319e-01	1.738882963640858356e-02	1.252396414584235274e+01
4.405226130653265848e+00	1.985398050720983409e+00	1.803012319026881416e+00	5.510002069713306305e+00	7.285091272795533035e-01	1.877420804095431217e+00	3.615798718079372698e-01	2.238869754453763974e-02	1.228831094018862835e+01
4.530804020100501539e+00	1.984785454199128329e+00	1.792346188074187330e+00	5.483442320507138312e+00	6.850099719101186979e-01	1.752482358780145466e+00	3.333848497506299302e-01	2.611841635860105010e-02	1.205756955957994947e+01
4.656381909547738118e+00	1.984155953602923184e+00	1.781449288159952626e+00	5.456300231090263075e+00	6.426174460326568028e-01	1.631922733294787209e+00	3.068838219301963655e-01	2.856174131770209887e-02	1.183189121542848277e+01
4.781959798994973809e+00	1.983509574772642781e+00	1.770326823043177455e+00	5.428588130788028820e+00	6.013937684743703160e-01	1.515855546271578369e+00	2.820149251799327073e-01	2.974447763864748392e-02	1.161143324616837802e+01
4.907537688442210388e+00	1.982846344223665236e+00	1.758984070747705575e+00	5.400318519121362293e+00	5.613931752258570773e-01	1.404366368628482631e+00	2.587177346394781696e-01	2.976226701244898826e-02	1.139638847959900048e+01
5.033115577889446079e+00	1.982166289143977078e+00	1.747426378962320337e+00	5.371504054683438945e+00	5.226621006138238990e-01	1.297514220547962616e+00	2.369330585882674645e-01	2.879926701589913263e-02	1.118700536955568836e+01
5.158693467336682659e+00	1.981469437391627508e+00	1.735659160425145897e+00	5.342157543998480307e+00	4.852393991820862507e-01	1.195333140112536441e+00	2.166025317764692371e-01	2.712687656307343625e-02	1.098358808944941956e+01
5.284271356783918350e+00	1.980755817492111159e+00	1.723687888298549131e+00	5.312291930378277627e+00	4.491566037231057851e-01	1.097833805319397449e+00	1.976680754100250126e-01	2.507768431211297375e-02	1.078647180493357993e+01
5.409849246231154929e+00	1.980025458635701341e+00	1.711518091540667807e+00	5.281920282791769949e+00	4.144382149338317056e-01	1.005005192832685079e+00	1.800713030775478729e-01	2.299853314872144991e-02	1.059597707696092606e+01
5.535427135678390620e+00	1.979278390674717336e+00	1.699155350279589527e+00	5.251055784762772127e+00	3.811020182429629144e-01	9.168162583464650739e-01	1.637529558904144700e-01	2.119490836286686691e-02	1.041235566655978850e+01
5.661005025125627199e+00	1.978514644120736188e+00	1.686605291196120460e+00	5.219711723310532570e+00	3.491594234660855278e-01	8.332176248121625495e-01	1.486524443151829578e-01	1.988326454605705840e-02	1.023574441576687555e+01
5.786582914572862890e+00	1.977734250141742978e+00	1.673873582920961001e+00	5.187901477947567841e+00	3.186158230851078854e-01	7.541432660310122271e-01	1.347075584502168411e-01	1.916606570081249433e-02	1.006614202427741844e+01
5.912160804020099469e+00	1.976937240559227815e+00	1.660965931451988231e+00	5.155638509748760256e+00	2.894709651139207307e-01	6.795121742343639415e-01	1.218543853651205683e-01	1.903642005508486210e-02	9.903415626528467186e+00
6.037738693467336049e+00	1.976123647845219766e+00	1.647888075597224722e+00	5.122936350505367109e+00	2.617193366987593528e-01	6.092300012892692962e-01	1.100274460763715073e-01	1.940827865958209136e-02	9.747333136671793241e+00
6.163316582914571740e+00	1.975293505119267490e+00	1.634645782448919116e+00	5.089808591977166508e+00	2.353505548051281204e-01	5.431906640950792120e-01	9.916004080044406310e-02	2.015891375813302216e-02	9.597608053004135442e+00
6.288894472361808319e+00	1.974446846145364809e+00	1.621244842894037586e+00	5.056268875255522488e+00	2.103497605597469677e-01	4.812779056028199109e-01	8.918477324834149511e-02	2.116688783283371747e-02	9.453939891538666984e+00
6.414472361809044010e+00	1.973583705328814553e+00	1.607691067166293619e+00	5.022330880249715079e+00	1.866980140424692181e-01	4.233668037166105069e-01	8.003421458510855124e-02	2.233238150879112913e-02	9.316037066597802507e+00
6.540050251256280589e+00	1.972704117713041549e+00	1.593990280444695040e+00	4.988008315308411156e+00	1.643726865566206563e-01	3.693252211468771029e-01	7.164166440797305191e-02	2.357560251168734980e-02	9.183617888089306902e+00
6.665628140703516280e+00	1.971808118976352331e+00	1.580148318503417970e+00	4.953314906987685617e+00	1.433478476441849003e-01	3.190151900961404330e-01	6.394196695884235560e-02	2.481880136338650983e-02	9.056395150530008209e+00
6.791206030150752859e+00	1.970895745428633328e+00	1.566171023417635144e+00	4.918264389976470419e+00	1.235946443524184868e-01	2.722942264815750302e-01	5.687234249911900241e-02	2.596386565308430455e-02	8.934056237808936984e+00
6.916783919597988550e+00	1.969967034008003326e+00	1.552064239329763451e+00	4.882870497189864878e+00	1.050816704988930816e-01	2.290165692401649744e-01	5.037319392629466264e-02	2.687822335579339444e-02	8.816251427548779773e+00
7.042361809045225129e+00	1.969022022277406636e+00	1.537833808280396175e+00	4.847146950040166047e+00	8.777532392083532697e-02	1.890343411210229085e-01	4.438884669932057631e-02	2.739729388949261463e-02	8.702598586228640798e+00
7.167939698492460820e+00	1.968060748421156525e+00	1.523485566108006450e+00	4.811107448895000971e+00	7.164014993047490565e-02	1.521986282380990985e-01	3.886817729922596026e-02	2.734453135287525163e-02	8.592705250244840443e+00
7.293517587939697400e+00	1.967083251241427577e+00	1.509025338421313700e+00	4.774765663731390219e+00	5.663916942954053124e-02	1.183604765221266536e-01	3.376508440324733212e-02	2.656337838288617276e-02	8.486202362131932020e+00
7.419095477386933091e+00	1.966089570154691213e+00	1.494458936648011660e+00	4.738135224994039163e+00	4.273419036191584280e-02	8.737180405616633283e-02	2.903876048028337237e-02	2.495156552829317850e-02	8.382780052223399281e+00
7.544673366834169670e+00	1.965079745188107241e+00	1.479792154163351858e+00	4.701229714665627668e+00	2.988610140275323179e-02	5.908622908472632024e-02	2.465373144840175487e-02	2.248800023299902390e-02	8.282215676185968434e+00
7.670251256281405361e+00	1.964053816975859235e+00	1.465030762501888573e+00	4.664062657556313773e+00	1.805514699421538125e-02	3.335981423170714111e-02	2.057964851144841040e-02	1.924538803574500981e-02	8.184387234807177336e+00
7.795829145728641940e+00	1.963011826755443723e+00	1.450180507655473239e+00	4.626647512819134889e+00	7.201183041749576776e-03	1.005172812811350701e-02	1.679083764876955834e-02	1.538623866505148784e-02	8.089269834713736174e+00
7.921407035175877631e+00	1.961953816363907421e+00	1.435247106460400213e+00	4.588997665697453598e+00	-2.716087220138886128e-03	-1.097517377937228672e-02	1.326563546611550862e-02	1.114437449308966835e-02	7.996917337481455057e+00
8.046984924623114210e+00	1.960879828234038724e+00	1.420236243076385296e+00	4.551126419510033827e+00	-1.173689749769529951e-02	-2.985384700438924871e-02	9.985561706238429286e-03	6.797182034731990424e-03	7.907434490059342735e+00
8.172562814070349901e+00	1.959789905390508347e+00	1.405153565559869033e+00	4.513046987878816196e+00	-1.990122297183145872e-02	-4.671263179493434503e-02	6.934395510590158143e-03	2.634983277187947538e-03	7.820945982850206590e+00
8.298140703517587369e+00	1.958684091445965114e+00	1.390004682533919400e+00	4.474772487203953375e+00	-2.724860505771750305e-02	-6.167490007626545701e-02	4.097232403412295020e-03	-1.066888826536188445e-03	7.737568099626730422e+00
8.423718592964823060e+00	1.957562430597082681e+00	1.374795159956818225e+00	4.436315929390059587e+00	-3.381799619435264803e-02	-7.485877259064882550e-02	1.459601156605657953e-03	-4.069827809706640098e-03	7.657386524505858105e+00
8.549296482412058751e+00	1.956424967620563171e+00	1.359530517991200504e+00	4.397690214827203015e+00	-3.964762432090428862e-02	-8.637690320247316811e-02	-9.932853546106199492e-04	-6.186536260087805751e-03	7.580441351300891917e+00
8.674874371859294442e+00	1.955271747869090859e+00	1.344216227975425282e+00	4.358908125629605834e+00	-4.477487655883752998e-02	-9.633632733885270916e-02	-3.277082177236468295e-03	-7.289574384677544212e-03	7.506718241014517901e+00
8.800452261306531909e+00	1.954102817267245440e+00	1.328857709498656003e+00	4.319982319134507698e+00	-4.923620149085747993e-02	-1.048383715719510140e-01	-5.408619343120958656e-03	-7.316123619421934648e-03	7.436143529875058000e+00
8.926030150753767600e+00	1.952918222307369778e+00	1.313460327580924236e+00	4.280925321663181293e+00	-5.306702930947624491e-02	-1.119786213910860390e-01	-7.405934206908879221e-03	-6.271237241257407967e-03	7.368581049402747496e+00
9.051608040201003291e+00	1.951718010045391916e+00	1.298029389959267643e+00	4.241749522545580575e+00	-5.630170899968405668e-02	-1.178469442316687349e-01	-9.288019072899559442e-03	-4.230947027172503490e-03	7.303829303218814850e+00
9.177185929648238982e+00	1.950502228096608004e+00	1.282570144480836394e+00	4.202467168409660836e+00	-5.897346162189429086e-02	-1.225275647982798505e-01	-1.107429491285904025e-02	-1.345148950454929824e-03	7.241619070703616323e+00
9.302763819095476450e+00	1.949270924631419266e+00	1.267087776603676552e+00	4.163090357735886649e+00	-6.111434867329706283e-02	-1.260991896200077400e-01	-1.278384333470515208e-02	2.161316890372019534e-03	7.181612994233343983e+00
9.428341708542712141e+00	1.948024148371029662e+00	1.251587407005714025e+00	4.123631035677086665e+00	-6.275525442831332568e-02	-1.286351775939950648e-01	-1.443445036527016105e-02	5.992059409761416738e-03	7.123409768076014004e+00
9.553919597989947832e+00	1.946761948583103807e+00	1.236074089302284573e+00	4.084100989143273353e+00	-6.392588109241092997e-02	-1.302037530033006985e-01	-1.604153613065378500e-02	9.789949390997372547e-03	7.066555806193293598e+00
9.679497487437183523e+00	1.945484375077380701e+00	1.220552807872382184e+00	4.044511842150723346e+00	-6.465475554861772889e-02	-1.308682571427315922e-01	-1.761706260866756357e-02	1.315762300454866550e-02	7.010566572805019270e+00
9.805075376884420990e+00	1.944191478201252377e+00	1.205028475793620935e+00	4.004875051434130917e+00	-6.496924643317024406e-02	-1.306874342660896970e-01	-1.916852510726830064e-02	1.568843574199683955e-02	6.954958235364473218e+00
9.930653266331656681e+00	1.942883308835301914e+00	1.189505932885747574e+00	3.965201902320298011e+00	-6.489559024641972096e-02	-1.297157471042729993e-01	-2.069813938444763080e-02	1.700660294270429224e-02	6.899288270248911559e+00
1.005623115577889237e+01	1.941559918388801265e+00	1.173989943862373320e+00	3.925503504861418413e+00	-6.445892518789755887e-02	-1.280037167273056220e-01	-2.220233275860221747e-02	1.681311933998132571e-02	6.843201511778768342e+00
1.018180904522612984e+01	1.940221358795175544e+00	1.158485196590443467e+00	3.885790790225682745e+00	-6.368333140075897736e-02	-1.255982810712313047e-01	-2.367163210845884061e-02	1.493214072110332982e-02	6.786476241751956628e+00
1.030738693467336553e+01	1.938867682507428247e+00	1.142996300456812220e+00	3.846074507342557958e+00	-6.259187632100410292e-02	-1.225431660617333079e-01	-2.509101342370688784e-02	1.135112518885943687e-02	6.729063559689213214e+00
1.043296482412060122e+01	1.937498942493531606e+00	1.127527784841138692e+00	3.806365219799757504e+00	-6.120666385107418478e-02	-1.188792629782257498e-01	-2.644073730775376233e-02	6.247419303032400971e-03	6.671112702300407094e+00
1.055854271356783691e+01	1.936115192231778748e+00	1.112084097694189033e+00	3.766673302988644778e+00	-5.954888611559083084e-02	-1.146450055486433334e-01	-2.769764531923751480e-02	-5.632482877871723431e-06	6.612975423448262724e+00
1.068412060301507438e+01	1.934716485706107436e+00	1.096669604220494199e+00	3.727008941494473149e+00	-5.763887660885883696e-02	-1.098767402725860098e-01	-2.883683807743431249e-02	-6.858376990106391201e-03	6.555184199472089190e+00
1.080969849246231007e+01	1.933302877401382069e+00	1.081288585664180291e+00	3.687382126727599907e+00	-5.549616360875719162e-02	-1.046090836555182146e-01	-2.983360417648467378e-02	-1.363273354771476348e-02	6.498402004804687770e+00
1.093527638190954576e+01	1.931874422298649252e+00	1.065945238196668088e+00	3.647802654791542309e+00	-5.313952280897154407e-02	-9.887526040446263653e-02	-3.066542668563659868e-02	-1.959644490827436997e-02	6.443345660479512738e+00
1.106085427135678145e+01	1.930431175870357841e+00	1.050643671904832210e+00	3.608280124583512549e+00	-5.058702821012001777e-02	-9.270741717903634160e-02	-3.131386881221085577e-02	-2.405670680780124665e-02	6.390689951349534326e+00
1.118643216080401892e+01	1.928973194075545905e+00	1.035387909878084489e+00	3.568823936122799800e+00	-4.785610040886587729e-02	-8.613690719174110777e-02	-3.176613822170765850e-02	-2.646083994531314362e-02	6.340965054308802529e+00
1.131201005025125461e+01	1.927500533355000156e+00	1.020181887392757059e+00	3.529443289102193848e+00	-4.496355153106610519e-02	-7.919454177860442423e-02	-3.201615382766606621e-02	-2.648742580541483052e-02	6.294464036907199578e+00
1.143758793969849030e+01	1.926013250626383400e+00	1.005029451192051893e+00	3.490147181657407227e+00	-4.192562616867079317e-02	-7.191080597781117356e-02	-3.206498898382789675e-02	-2.410978654050509318e-02	6.251178675805026508e+00
1.156316582914572599e+01	1.924511403279332233e+00	9.899343588597401267e-01	3.450944409349294695e+00	-3.875803779862770776e-02	-6.431603611687806976e-02	-3.192063591364659170e-02	-1.961624540444108916e-02	6.210779216254773694e+00
1.168874371859296346e+01	1.922995049170524995e+00	9.749002782857116856e-01	3.411843564353498337e+00	-3.547600028355016311e-02	-5.644055837353249838e-02	-3.159711875534722270e-02	-1.357871156210025028e-02	6.172646502835203997e+00
1.181432160804019915e+01	1.921464246618725280e+00	9.599307872213792558e-01	3.372853034851975629e+00	-3.209425417644776873e-02	-4.831478819900880683e-02	-3.111306476057134826e-02	-6.771700970550321823e-03	6.135954260585501530e+00
1.193989949748743484e+01	1.919919054399792824e+00	9.450293729228914641e-01	3.333981004620750088e+00	-2.862708767349158440e-02	-3.996929133749999724e-02	-3.048991210301177715e-02	-5.527817419366977126e-05	6.099787862655237092e+00
1.206547738693467231e+01	1.918359531741673285e+00	9.301994318800276274e-01	3.295235452808108700e+00	-2.508835217777214896e-02	-3.143480791271164448e-02	-2.974997720091131226e-02	5.755857172293027575e-03	6.063277136310706972e+00
1.219105527638190800e+01	1.916785738319357835e+00	9.154442696285872705e-01	3.256624153897337948e+00	-2.149147255159110370e-02	-2.274224166267976160e-02	-2.891461713695297336e-02	1.001169160890200832e-02	6.025717522102961965e+00
1.231663316582914369e+01	1.915197734249819650e+00	9.007671006440367556e-01	3.218154677848022338e+00	-1.784945224344917578e-02	-1.392261687927342888e-02	-2.800270185710652601e-02	1.231253959862074580e-02	5.986657281360670879e+00
1.244221105527637938e+01	1.913595580086926207e+00	8.861710483141254091e-01	3.179834390409850275e+00	-1.417487357715314228e-02	-5.007005952190220904e-03	-2.702956038935333538e-02	1.254763866489459583e-02	5.945937217557100141e+00
1.256778894472361685e+01	1.911979336816326924e+00	8.716591449881352371e-01	3.141670453602791735e+00	-1.047989358313559764e-02	3.973569358196378520e-03	-2.600649433428404642e-02	1.088446578614948000e-02	5.903680582634178720e+00
1.269336683417085254e+01	1.910349065850317940e+00	8.572343321003961236e-01	3.103669826357489114e+00	-6.776235835121011651e-03	1.298825966811292636e-02	-2.494087233920297408e-02	7.716710743520409192e-03	5.860241086545513234e+00
1.281894472361808823e+01	1.908704829022686678e+00	8.428994603656596585e-01	3.065839265309639128e+00	-3.075178827795963313e-03	2.200652943190800973e-02	-2.383674372763987942e-02	3.585528423821822842e-03	5.816123689998280888e+00
1.294452261306532392e+01	1.907046688583531324e+00	8.286572900439082012e-01	3.028185325742149825e+00	6.124585075623192919e-04	3.099831480074765125e-02	-2.269584867970963690e-02	-9.090473174631273591e-04	5.771895181680727127e+00
1.307010050251256139e+01	1.905374707194062989e+00	8.145104912721390367e-01	2.990714362668822623e+00	4.276333503060584726e-03	3.993419456691261332e-02	-2.151886360116135946e-02	-5.191267711686237130e-03	5.728099957892149874e+00
1.319567839195979708e+01	1.903688947921386543e+00	8.004616444606624803e-01	2.953432532053317239e+00	7.906597986094832109e-03	4.878557088135598852e-02	-2.030670652755810560e-02	-8.776244881701643005e-03	5.685192341893556822e+00
1.332125628140703277e+01	1.901989474233263033e+00	7.865132407514260349e-01	2.916345792157185368e+00	1.149391733486206969e-02	5.752485640864547778e-02	-1.906173735793283142e-02	-1.131378366391860325e-02	5.643491759863529467e+00
1.344683417085426846e+01	1.900276349992850555e+00	7.726676825358848033e-01	2.879459905010760323e+00	1.502948963730252503e-02	6.612566452861302901e-02	-1.778871686649189862e-02	-1.260802882196298408e-02	5.603162346016956619e+00
1.357241206030150593e+01	1.898549639453432247e+00	7.589272840299244871e-01	2.842780438000742649e+00	1.850506423435392678e-02	7.456299910818817156e-02	-1.649543024587255338e-02	-1.261520359317081126e-02	5.564214790987597858e+00
1.369798994974874162e+01	1.896809407253123858e+00	7.452942719033516239e-01	2.806312765568369283e+00	2.191295894236651789e-02	8.281344025872985903e-02	-1.519292818189232896e-02	-1.142416942736944156e-02	5.526525746316679921e+00
1.382356783919597731e+01	1.895055718409564660e+00	7.317707859614704935e-01	2.770062071012081795e+00	2.524607527628697223e-02	9.085532237982718584e-02	-1.389538447669711602e-02	-9.225751686615926359e-03	5.489868836875917424e+00
1.394914572864321300e+01	1.893288638314597705e+00	7.183588798762791106e-01	2.734033348388720253e+00	2.849791103450761628e-02	9.866890069170171362e-02	-1.261960874626561965e-02	-6.276929255580744604e-03	5.453951140303960443e+00
1.407472361809045047e+01	1.891508232728927430e+00	7.050605219648312660e-01	2.698231404507305253e+00	3.166256965769386617e-02	1.062365023999902874e-01	-1.138428229185670278e-02	-2.865318159262547973e-03	5.418449630807628203e+00
1.420030150753768616e+01	1.889714567776770382e+00	6.918775960123269009e-01	2.662660861009564339e+00	3.473476583686313512e-02	1.135426586444157199e-01	-1.020900339106682944e-02	7.218591003290582547e-04	5.383043304989203470e+00
1.432587939698492185e+01	1.887907709940488621e+00	6.788119021375235151e-01	2.627326156531464285e+00	3.770982691971805356e-02	1.205742134802856164e-01	-9.113235199055855912e-03	4.221696332776468316e-03	5.347438270143200612e+00
1.445145728643215932e+01	1.886087726055212466e+00	6.658651576980801901e-01	2.592231548940083119e+00	4.058368974775982546e-02	1.273204063482040183e-01	-8.115246718585751237e-03	7.411459783629317268e-03	5.311384741854382696e+00
1.457703517587939501e+01	1.884254683303448807e+00	6.530389982334821042e-01	2.557381117640296964e+00	4.335289264882710714e-02	1.337729248158389950e-01	-7.231127191481585316e-03	1.011692407475279012e-02	5.274686413525165207e+00
1.470261306532663070e+01	1.882408649209682094e+00	6.403349784432167402e-01	2.522778765945817625e+00	4.601456240901010547e-02	1.399259248314584925e-01	-6.473939344197725612e-03	1.221483015270702702e-02	5.237203771647694239e+00
1.482819095477386639e+01	1.880549691634961551e+00	6.277545731979250476e-01	2.488428223509298931e+00	4.856639615274761790e-02	1.457760163093307637e-01	-5.853059566091824324e-03	1.363160578309740613e-02	5.198853447021270391e+00
1.495376884422110386e+01	1.878677878771479959e+00	6.152991785812698122e-01	2.454333048806295103e+00	5.100663816850944249e-02	1.513222125608793822e-01	-5.373735214842256108e-03	1.434034313606703456e-02	5.159605564809658595e+00
1.507934673366833955e+01	1.876793279137143555e+00	6.029701129603237675e-01	2.420496631668031640e+00	5.333405182780711490e-02	1.565658428740460406e-01	-5.036872134585046630e-03	1.435736275904084258e-02	5.119480409091807793e+00
1.520492462311557524e+01	1.874895961570134606e+00	5.907686180823092936e-01	2.386922195858039331e+00	5.554788685523098096e-02	1.615104284017397640e-01	-4.839049887538383714e-03	1.373876445925683622e-02	5.078544805339172186e+00
1.533050251256281094e+01	1.872985995223463540e+00	5.786958601955772830e-01	2.353612801687890776e+00	5.764784231457210223e-02	1.661615224190888807e-01	-4.772748496581857500e-03	1.257647694195269256e-02	5.036907750285963381e+00
1.545608040201004840e+01	1.871063449559517977e+00	5.667529311927591573e-01	2.320571348667371581e+00	5.963402577859688164e-02	1.705265169163869554e-01	-4.826758862046119820e-03	1.099274646683902866e-02	4.994714259719425620e+00
1.558165829145728409e+01	1.869128394344600874e+00	5.549408497740723201e-01	2.287800578184607581e+00	6.150690924545672983e-02	1.746144183774615000e-01	-4.986739669243373842e-03	9.131949374112571099e-03	4.952136359631067464e+00
1.570723618090451978e+01	1.867180899643470449e+00	5.432605626288168343e-01	2.255303076211784497e+00	6.326728245087064051e-02	1.784355964204068223e-01	-5.235876906342002736e-03	7.149147835054167101e-03	4.909360688284061247e+00
1.583281407035175548e+01	1.865221035813867001e+00	5.317129456331550763e-01	2.223081276032280673e+00	6.491620430006893316e-02	1.820015097209991828e-01	-5.555598557833702975e-03	5.195831519467967487e-03	4.866573204462004476e+00
1.595839195979899294e+01	1.863248873501042402e+00	5.202988050623150729e-01	2.191137460985157048e+00	6.645495320517971760e-02	1.853244142749198853e-01	-5.926297111777279782e-03	3.404507040526728867e-03	4.823942716957363430e+00
1.608396984924623041e+01	1.861264483632280919e+00	5.090188788154247357e-01	2.159473767223138552e+00	6.788497716063512932e-02	1.884170595648268776e-01	-6.328016476698143308e-03	1.874785698946715515e-03	4.781605935618555847e+00
1.620954773869346610e+01	1.859267937411423599e+00	4.978738376512327757e-01	2.128092186480346815e+00	6.920784441993230174e-02	1.912923785700160195e-01	-6.741067554708380684e-03	6.639538193298446427e-04	4.739657070797572480e+00
1.633512562814070179e+01	1.857259306313384428e+00	4.868642864330373632e-01	2.096994568846222595e+00	7.042519565064218889e-02	1.939631777835111315e-01	-7.146547284743674441e-03	-2.155728606008333831e-04	4.698144414881453734e+00
1.646070351758793748e+01	1.855238662078669165e+00	4.759907653812011086e-01	2.066182625542241524e+00	7.153869844021840119e-02	1.964418334832696011e-01	-7.526748115927204240e-03	-7.909875857615866366e-04	4.657074849223911350e+00
1.658628140703517673e+01	1.853206076707891947e+00	4.652537513316893913e-01	2.035657931698164447e+00	7.255000500255162632e-02	1.987400004450589064e-01	-7.865456903983502474e-03	-1.117132436782776678e-03	4.616425175844589113e+00
1.671185929648241242e+01	1.851161622456293454e+00	4.546536589991346244e-01	2.005421929124752367e+00	7.346071389435868126e-02	2.008683390928281687e-01	-8.148152451990282527e-03	-1.260928482146083610e-03	4.576157182633232345e+00
1.683743718592964811e+01	1.849105371828257960e+00	4.441908422429831083e-01	1.975475929080008353e+00	7.427233649174487529e-02	2.028362667693326959e-01	-8.362118055563761906e-03	-1.286499552069222344e-03	4.536232128804694064e+00
1.696301507537688380e+01	1.847037397571833051e+00	4.338655953353508510e-01	1.945821115026193704e+00	7.498626890138410106e-02	2.046517383885889940e-01	-8.496488909200959269e-03	-1.245159329691667869e-03	4.496620466984457387e+00
1.708859296482411949e+01	1.844957772673251117e+00	4.236781542292699654e-01	1.916458545375012479e+00	7.560376988878463045e-02	2.063210612163052793e-01	-8.542254390160432601e-03	-1.172773547305963572e-03	4.457304275445157060e+00
1.721417085427135518e+01	1.842866570351453515e+00	4.136286978260705349e-01	1.887389156218503228e+00	7.612594529947462607e-02	2.078487479285524298e-01	-8.492233082581172876e-03	-1.094251642632935442e-03	4.418272632898839980e+00
1.733974874371859087e+01	1.840763864052619381e+00	4.037173492407050146e-01	1.858613764043365313e+00	7.655373932936339332e-02	2.092374114354405290e-01	-8.341035302713203578e-03	-1.032060933299199217e-03	4.379513031865481132e+00
1.746532663316582656e+01	1.838649727444695570e+00	3.939441770638824614e-01	1.830133068426567977e+00	7.688793287003228838e-02	2.104877042369513451e-01	-8.085025050143607173e-03	-1.013921105270531534e-03	4.341003663886714214e+00
1.759090452261306581e+01	1.836524234411935019e+00	3.843091966199396192e-01	1.801947654710260194e+00	7.712914901553694080e-02	2.115983043121615337e-01	-7.722291373805878663e-03	-1.075130124018007331e-03	4.302711117572008526e+00
1.771648241206030150e+01	1.834387459049437341e+00	3.748123712194364465e-01	1.774057996654146097e+00	7.727786567197920953e-02	2.125659487392332347e-01	-7.252637965218471268e-03	-1.253347315710996333e-03	4.264595656053303152e+00
1.784206030150753719e+01	1.832239475657697625e+00	3.654536134055220153e-01	1.746464459063628016e+00	7.733443506230752718e-02	2.133855154086822525e-01	-6.677598587610245918e-03	-1.577161090481866892e-03	4.226622738919745714e+00
1.796763819095477288e+01	1.830080358737160129e+00	3.562327861931780526e-01	1.719167300392183018e+00	7.729910976940980449e-02	2.140501523328251221e-01	-6.000483690000047582e-03	-2.052816720287791493e-03	4.188776407014468184e+00
1.809321608040200857e+01	1.827910182982780629e+00	3.471497043004989624e-01	1.692166675316551627e+00	7.717207481353210996e-02	2.145514531758608845e-01	-5.226459491809673855e-03	-2.654639267130250949e-03	4.151068991830284105e+00
1.821879396984924426e+01	1.825729023278596763e+00	3.382041353712310627e-01	1.665462637283480873e+00	7.695348511848087991e-02	2.148796767383390205e-01	-4.362654905928633857e-03	-3.323414519846870641e-03	4.113542888364352557e+00
1.834437185929647995e+01	1.823536954692303924e+00	3.293958011878407310e-01	1.639055141026877438e+00	7.664350758801816155e-02	2.150240072343799214e-01	-3.418284678276778659e-03	-3.973909306689778903e-03	4.076263217744454437e+00
1.846994974874371920e+01	1.821334052469845366e+00	3.207243788744442159e-01	1.612944045054366171e+00	7.624236689244666410e-02	2.149728513095306437e-01	-2.404770464962478760e-03	-4.509257155749213895e-03	4.039303666979922269e+00
1.859552763819095489e+01	1.819120392030007194e+00	3.121895020889772776e-01	1.587129114102377336e+00	7.575039395859742286e-02	2.147141668733662800e-01	-1.335836806015449013e-03	-4.837599108448967407e-03	4.002730133138860502e+00
1.872110552763819058e+01	1.816896048959026677e+00	3.037907622040370570e-01	1.561610021558988093e+00	7.516807606716491286e-02	2.142358179784646099e-01	-2.275572727638925578e-04	-4.885996387580413165e-03	3.966587173107337438e+00
1.884668341708542627e+01	1.814661099005209222e+00	2.955277094758815837e-01	1.536386351853893828e+00	7.449610739225089040e-02	2.135259491835754531e-01	9.016721169834127124e-04	-4.608123860591722444e-03	3.930890765167202705e+00
1.897226130653266196e+01	1.812415618073560220e+00	2.873998542011154678e-01	1.511457602814960888e+00	7.373543877148798498e-02	2.125733721138158838e-01	2.031250260347269854e-03	-3.984771282816008259e-03	3.895628364952471667e+00
1.909783919597989765e+01	1.810159682220424227e+00	2.794066678606410559e-01	1.486823187990945261e+00	7.288732547326913502e-02	2.113679562970484094e-01	3.138590378541930570e-03	-3.018633929355806888e-03	3.860764776291513822e+00
1.922341708542713334e+01	1.807893367648141902e+00	2.715475842504983528e-01	1.462482438940054141e+00	7.195337173205347547e-02	2.099010158375677337e-01	4.199445469378510452e-03	-1.726411626540738740e-03	3.826250812251153377e+00
1.934899497487436903e+01	1.805616750699715167e+00	2.638220005992615858e-01	1.438434607484130101e+00	7.093557085459156752e-02	2.081656831110848260e-01	5.188337262238338146e-03	-1.315029616574789383e-04	3.792031447049364346e+00
1.947457286432160828e+01	1.803329907853491454e+00	2.562292786717015325e-01	1.414678867928321981e+00	6.983633975980690911e-02	2.061572604540075904e-01	6.079081078974117244e-03	1.740268482495839833e-03	3.758051004228798675e+00
1.960015075376884397e+01	1.801032915717856175e+00	2.487687458584622313e-01	1.391214319246206310e+00	6.865854690292952367e-02	2.038735407991212889e-01	6.845395548425461940e-03	3.860944518301053386e-03	3.724254408591301857e+00
1.972572864321607966e+01	1.798725851025946065e+00	2.414396962515404366e-01	1.368039987230395882e+00	6.740553264960857938e-02	2.013150884005205921e-01	7.461583859811116333e-03	6.197325408022333858e-03	3.690585064825845585e+00
1.985130653266331535e+01	1.796408790630374730e+00	2.342413917053939310e-01	1.345154826608757848e+00	6.608112130668558626e-02	1.984854712105980079e-01	7.903271490582328140e-03	8.706151054672253350e-03	3.656981024007064818e+00
1.997688442211055104e+01	1.794081811497973522e+00	2.271730628835351706e-01	1.322557723126431828e+00	6.468962418094645339e-02	1.953914371335654099e-01	8.148183453286876599e-03	1.132964566870182412e-02	3.623371487944441416e+00
2.010246231155778673e+01	1.791744990704551066e+00	2.202339102905055690e-01	1.300247495593902958e+00	6.323583322258626016e-02	1.920430272893390300e-01	8.176941689629771762e-03	1.399317198447905947e-02	3.589675370774993990e+00
2.022804020100502242e+01	1.789398405429669436e+00	2.134231052891507885e-01	1.278222897901456712e+00	6.172500501272216999e-02	1.884536205771022710e-01	7.973860300210355856e-03	1.660590812224234381e-02	3.555802802632554105e+00
2.035361809045226167e+01	1.787042132951436768e+00	2.067397911031508551e-01	1.256482621000388544e+00	6.016283506981401352e-02	1.846399052193656576e-01	7.527713191810435703e-03	1.906446051640062894e-02	3.521659459052366881e+00
2.047919597989949736e+01	1.784676250641317852e+00	2.001830838047863881e-01	1.235025294851402222e+00	5.855542267344243657e-02	1.806217745755306636e-01	6.832446013146220923e-03	2.125848963224407501e-02	3.487152762191870092e+00
2.060477386934673305e+01	1.782300835958965601e+00	1.937520732879413066e-01	1.213849490340668691e+00	5.690922663021796141e-02	1.764221463099189258e-01	5.887802501256751524e-03	2.307697420543183137e-02	3.452198549234400726e+00
2.073035175879396874e+01	1.779915966447068731e+00	1.874458242263762620e-01	1.192953721164067504e+00	5.523101262993720950e-02	1.720667059443700686e-01	4.699834960838881505e-03	2.441375353760992170e-02	3.416726818910268637e+00
2.085592964824120443e+01	1.777521719726220306e+00	1.812633770173188164e-01	1.172336445680166594e+00	5.352779305453969627e-02	1.675835778720253244e-01	3.281269646889040884e-03	2.517141729544434409e-02	3.380685600292604231e+00
2.098150753768844012e+01	1.775118173489808493e+00	1.752037487104424196e-01	1.151996068732521250e+00	5.180676030196141452e-02	1.630029290005380327e-01	1.651700126187660451e-03	2.526331561167391784e-02	3.344042695973133306e+00
2.110708542713567581e+01	1.772705405498921971e+00	1.692659339223215043e-01	1.131930943441913140e+00	5.007521486578236231e-02	1.583565122663334879e-01	-1.624151260477021247e-04	2.461423497494177534e-02	3.306785829844165914e+00
2.123266331658291151e+01	1.770283493577283762e+00	1.634489057364678921e-01	1.112139372969158657e+00	4.834048956406142294e-02	1.536771592478489989e-01	-2.127970986901086756e-03	2.316090304281828369e-02	3.268922353150738314e+00
2.135824120603015075e+01	1.767852515606200603e+00	1.577516165890656408e-01	1.092619612249143612e+00	4.660987143192298066e-02	1.489982329330342692e-01	-4.205666020626973485e-03	2.085376286859615472e-02	3.230479945657336760e+00
2.148381909547738644e+01	1.765412549519537633e+00	1.521729991405395277e-01	1.073369869696754630e+00	4.489052287794115942e-02	1.443530532922163157e-01	-6.350696945253879802e-03	1.766130609987248690e-02	3.191509603681607743e+00
2.160939698492462213e+01	1.762963673298715062e+00	1.467119671330940345e-01	1.054388308885366277e+00	4.318940375069276610e-02	1.397743096016568209e-01	-8.513704422679279141e-03	1.357770530007679569e-02	3.152091663546922717e+00
2.173497487437185782e+01	1.760505964967724379e+00	1.413674162343817875e-01	1.035673050198586909e+00	4.151319596655689281e-02	1.352934743911940740e-01	-1.064197105196616755e-02	8.633655317160043516e-03	3.112344786023638399e+00
2.186055276381909351e+01	1.758039502588174319e+00	1.361382248674571915e-01	1.017222172455922946e+00	3.986823231162443110e-02	1.309402343955941017e-01	-1.268086378993504848e-02	2.909374616371138752e-03	3.072436877445209102e+00
2.198613065326632920e+01	1.755564364254353693e+00	1.310232550271837604e-01	9.990337145130513408e-01	3.826043094939075850e-02	1.267419539300623232e-01	-1.457550121355278769e-02	-3.452220930633273770e-03	3.032595996529856119e+00
2.211170854271356490e+01	1.753080628088323545e+00	1.260213530832665352e-01	9.811056768373632719e-01	3.669523704298080502e-02	1.227231856572710555e-01	-1.627261064161682549e-02	-1.023493574861913426e-02	2.993118534318969459e+00
2.223728643216080414e+01	1.750588372235030388e+00	1.211313505700840482e-01	9.634360230594376517e-01	3.517757273855859346e-02	1.189052427553532743e-01	-1.772252137431749863e-02	-1.714453769609801739e-02	2.954371502288048568e+00
2.236286432160803983e+01	1.748087674857446538e+00	1.163520649635004234e-01	9.460226815010981394e-01	3.371179655913211781e-02	1.153058450422407150e-01	-1.888121928748157791e-02	-2.381307192640973874e-02	2.916785771709526909e+00
2.248844221105527552e+01	1.745578614131735762e+00	1.116823004448311007e-01	9.288635466806696162e-01	3.230167303021168335e-02	1.119388496907735148e-01	-1.971236679442118708e-02	-2.981489516944945892e-02	2.880837722014351066e+00
2.261402010050251121e+01	1.743061268242442674e+00	1.071208486521459530e-01	9.119564807960508501e-01	3.095035310679620372e-02	1.088140748312261541e-01	-2.018917369486389335e-02	-3.469576289790815560e-02	2.847018089035889599e+00
2.273959798994974690e+01	1.740535715377710346e+00	1.026664894190839200e-01	8.952993151861884380e-01	2.966036570192909921e-02	1.059372216532083189e-01	-2.029599217073996958e-02	-3.801423612522564915e-02	2.815788879042154136e+00
2.286517587939698259e+01	1.738002033724525219e+00	9.831799150135418774e-02	8.788898517715098002e-01	2.843362033821666968e-02	1.033098976749923653e-01	-2.002950672483074304e-02	-3.939200608717900731e-02	2.787531882198588384e+00
2.299075376884421829e+01	1.735460301463985111e+00	9.407411329109655052e-02	8.627258644738498017e-01	2.727142066333604689e-02	1.009297407476646008e-01	-1.939940013653853809e-02	-3.856687526672736982e-02	2.762495165236666494e+00
2.311633165829145398e+01	1.732910596766598976e+00	8.993360351926725504e-02	8.468051006163755945e-01	2.617448829688196962e-02	9.879064021700874332e-02	-1.842840112614738124e-02	-3.543979311690943768e-02	2.740746235173076251e+00
2.324190954773869322e+01	1.730352997787612646e+00	8.589520194621350080e-02	8.311252823039834148e-01	2.514299621706737528e-02	9.688304859648071143e-02	-1.715165798674610914e-02	-3.010641984150548567e-02	2.722141449023105952e+00
2.336748743718592891e+01	1.727787582662360544e+00	8.195764004059238883e-02	8.156841077846079813e-01	2.417661065949025523e-02	9.519437422883929301e-02	-1.561543223110081931e-02	-2.286495786817574830e-02	2.706319925276614136e+00
2.349306532663316460e+01	1.725214429501648716e+00	7.811964164678412981e-02	8.004792527918432876e-01	2.327454029348676595e-02	9.370944284546238456e-02	-1.387516231495543491e-02	-1.419569413382619320e-02	2.692726450630443580e+00
2.361864321608040029e+01	1.722633616387166278e+00	7.437992364094443698e-02	7.855083718692620343e-01	2.243559127062985312e-02	9.241101377339235035e-02	-1.199300307042351979e-02	-4.713241520639121183e-03	2.680662272350332387e+00
2.374422110552763598e+01	1.720045221366923505e+00	7.073719657582987208e-02	7.707690996767524449e-01	2.165822660971230759e-02	9.128033487683494263e-02	-1.003499431858064644e-02	4.901561970791801573e-03	2.669356646758264784e+00
2.386979899497487168e+01	1.717449322450722349e+00	6.719016531452447205e-02	7.562590522791801106e-01	2.094062829676153481e-02	9.029771921758888986e-02	-8.068045616326069425e-03	1.397853682961127178e-02	2.658047378772062430e+00
2.399537688442210737e+01	1.714845997605653594e+00	6.373752965318782437e-02	7.419758284176356522e-01	2.028076043952965757e-02	8.944312591917417954e-02	-6.156938568342536916e-03	2.193049996321236317e-02	2.646056803430051119e+00
2.412095477386934661e+01	1.712235324751627763e+00	6.037798493293381613e-02	7.279170107634898024e-01	1.967643182422779136e-02	8.869672783764202817e-02	-4.361541804773835275e-03	2.830929950490217520e-02	2.632851237810049927e+00
2.424653266331658230e+01	1.709617381756933119e+00	5.711022264094484102e-02	7.140801671554461993e-01	1.912535627724732540e-02	8.803944936693437751e-02	-2.734407976901084662e-03	3.283805529998590905e-02	2.618076224520590856e+00
2.437211055276381799e+01	1.706992246433824079e+00	5.393293100091123976e-02	7.004628518197377751e-01	1.862520933396517864e-02	8.745345900107506787e-02	-1.318881177118915934e-03	3.541760366348022104e-02	2.601565420075874879e+00
2.449768844221105368e+01	1.704359996534144939e+00	5.084479555288477087e-02	6.870626065735871979e-01	1.817367985680632542e-02	8.692260307864510538e-02	-1.477931868621784129e-04	3.611021077764855342e-02	2.583326099186854741e+00
2.462326633165828937e+01	1.701720709744979576e+00	4.784449972261729800e-02	6.738769620120004245e-01	1.776851542063495257e-02	8.643276936590572890e-02	7.572252632764664253e-04	3.510705807427693531e-02	2.563507739603691604e+00
2.474884422110552507e+01	1.699074463684334901e+00	4.493072538045552594e-02	6.609034386779457648e-01	1.740756048931079228e-02	8.597217169675963611e-02	1.385840157477287449e-03	3.268736641241613144e-02	2.542361566498700487e+00
2.487442211055276076e+01	1.696421335896857396e+00	4.210215338984625577e-02	6.481395482159160171e-01	1.708878663609884191e-02	8.553154967295910349e-02	1.738577905530027745e-03	2.917655536866877244e-02	2.520198507085876560e+00
2.500000000000000000e+01	1.693761403849577851e+00	3.935746414550518602e-02	6.355827945088603492e-01	1.681031430520407363e-02	8.510428032379746544e-02	1.825945651521445343e-03	2.490916259792593304e-02	2.497351365382391997e+00
