# q (inverse Anstrom)	f(q): 1s	f(q): 2s	f(q): 2p	f(q): 3s	f(q): 3p	f(q): 3d	f(q): 4s	f(q): total
1.000000000000000021e-02	1.995640313754653672e+00	1.998224271575036237e+00	5.995116950881074658e+00	1.998572018291207009e+00	5.994441111929609711e+00	2.997316454099640648e+00	1.998024661533825519e+00	2.297733578206504745e+01
1.355778894472361717e-01	1.995631143436204624e+00	1.998049013475805324e+00	5.994686095022760952e+00	1.996932991583274752e+00	5.988660289956256655e+00	2.991766231994749781e+00	1.974550477255995640e+00	2.294027624272504795e+01
2.611557788944723346e-01	1.995606129626539715e+00	1.997571472185976083e+00	5.993512092711066330e+00	1.992472934289228670e+00	5.972936165104449024e+00	2.976719787965352193e+00	1.912012202043253284e+00	2.284083078392586330e+01
3.867336683417085252e-01	1.995565281256344248e+00	1.996791878879479398e+00	5.991595488382804646e+00	1.985210341796495026e+00	5.947351698380245466e+00	2.952394422639186722e+00	1.814229330299222287e+00	2.268313844163377979e+01
5.123115577889446604e-01	1.995508600028806478e+00	1.995710608159111832e+00	5.988937162698055872e+00	1.975175260204153460e+00	5.912041400386713441e+00	2.919136351755938108e+00	1.686944111439251603e+00	2.247345349467203235e+01
6.378894472361807955e-01	1.995436088124056484e+00	1.994328179311177118e+00	5.985538336390702874e+00	1.962409062107605573e+00	5.867189955189631156e+00	2.877408839584793210e+00	1.537202328139319674e+00	2.221951278884728254e+01
7.634673366834170416e-01	1.995347748299892920e+00	1.992645255846123842e+00	5.981400569159072589e+00	1.946964138618020757e+00	5.813030343404422595e+00	2.827776843538241991e+00	1.372652533152367349e+00	2.192981743201814382e+01
8.890452261306531767e-01	1.995243583906933127e+00	1.990662644888503641e+00	5.976525758180719627e+00	1.928903511730435394e+00	5.749841498261440975e+00	2.770889111171309871e+00	1.200868776203311894e+00	2.161293488434265697e+01
1.014623115577889312e+00	1.995123598892283301e+00	1.988381296432592649e+00	5.970916136298996868e+00	1.908300371588503630e+00	5.677945534646854142e+00	2.707458758436337209e+00	1.028781725973922034e+00	2.127690742226948828e+01
1.140201005025125447e+00	1.994987797800538365e+00	1.985802302466654234e+00	5.964574269889755698e+00	1.885237544014614741e+00	5.597704597568887941e+00	2.638243354308949407e+00	8.622704702618197992e-01	2.092882033631121885e+01
1.265778894472361582e+00	1.994836185773928072e+00	1.982926895967555891e+00	5.957503056412791764e+00	1.859806894406361488e+00	5.509517381761638077e+00	2.564025451967598901e+00	7.059323424463640473e-01	2.057454820873623902e+01
1.391356783919597717e+00	1.994668768552119831e+00	1.979756449767382076e+00	5.949705721652381207e+00	1.832108674729847619e+00	5.413815378101317854e+00	2.485594359704140111e+00	5.630188816056661549e-01	2.021866823411285452e+01
1.516934673366834074e+00	1.994485552471844336e+00	1.976292475293811801e+00	5.941185816651495699e+00	1.802250820858368296e+00	5.311058905117380213e+00	2.403729759292135615e+00	4.355066084232075418e-01	1.986450993810824528e+01
1.642512562814070209e+00	1.994286544466410183e+00	1.972536621186182337e+00	5.931947214344762465e+00	1.770348207905586557e+00	5.201732985124709607e+00	2.319187579826496037e+00	3.242621309486986014e-01	1.951430128380284756e+01
1.768090452261306345e+00	1.994071752065140091e+00	1.968490671789347779e+00	5.921994105895660887e+00	1.736521871482206381e+00	5.086343124418339023e+00	2.232688342476365051e+00	2.292602858475931704e-01	1.916937015397465416e+01
1.893668341708542480e+00	1.993841183392738525e+00	1.964156545527614206e+00	5.911330996743886956e+00	1.700898202963688099e+00	4.965411055634624482e+00	2.144908022510636059e+00	1.498188323804991728e-01	1.883036483915369175e+01
2.019246231155778393e+00	1.993594847168600026e+00	1.959536293161199705e+00	5.899962702369309753e+00	1.663608126895613548e+00	4.839470497903058721e+00	2.056471339580434599e+00	8.482108942878499591e-02	1.849746489650700099e+01
2.144824120603014528e+00	1.993332752706058697e+00	1.954632095927843372e+00	5.887894343779286110e+00	1.624786268587202098e+00	4.709062986929797745e+00	1.967947289692464796e+00	3.290688894318129915e-02	1.817056262656583598e+01
2.270402010050250663e+00	1.993054909911585515e+00	1.949446263572342186e+00	5.875131342726634287e+00	1.584570119758617057e+00	4.574733822828143559e+00	1.879846671469399988e+00	-7.379001190406257217e-03	1.784940412907631568e+01
2.395979899497486798e+00	1.992761329283932570e+00	1.943981232266952519e+00	5.861679416665823261e+00	1.543099209822373918e+00	4.437028178516476906e+00	1.792621330220551146e+00	-3.748405293405230460e-02	1.753368664384205999e+01
2.521557788944722933e+00	1.992452021913221349e+00	1.938239562425746909e+00	5.847544573455442318e+00	1.500514290003315931e+00	4.296487406021306299e+00	1.706664838852015809e+00	-5.878747850556638455e-02	1.722311521416548530e+01
2.647135678391959068e+00	1.992126999479983285e+00	1.932223936416147092e+00	5.832733105815282926e+00	1.456956537046383726e+00	4.153645572231916994e+00	1.622314346842332000e+00	-7.257411586714308804e-02	1.691742638196490489e+01
2.772713567839195203e+00	1.991786274254145450e+00	1.925937156171007913e+00	5.817251585546743264e+00	1.412566782738821969e+00	4.009026249726325375e+00	1.539853350084511519e+00	-8.003195215290044573e-02	1.661638944636865389e+01
2.898291457286431339e+00	1.991429859093969856e+00	1.919382140704734008e+00	5.801106857525597071e+00	1.367484774896183142e+00	3.863139582386548643e+00	1.459515159505785808e+00	-8.226174255343021713e-02	1.631979663155938809e+01
3.023869346733667918e+00	1.991057767444935678e+00	1.912561923537049235e+00	5.784306033476402042e+00	1.321848474842324705e+00	3.716479639787772626e+00	1.381486871110821690e+00	-8.028841132614304710e-02	1.602745229887316114e+01
3.149447236180904053e+00	1.990670013338575961e+00	1.905479650028140126e+00	5.766856485538191635e+00	1.275793395765256077e+00	3.569522068904610546e+00	1.305913662508817241e+00	-7.506687031088832285e-02	1.573916840577270371e+01
3.275025125628140188e+00	1.990266611391261709e+00	1.898138574629005593e+00	5.748765839631267305e+00	1.229451985665577451e+00	3.422722046629296244e+00	1.232903260786724742e+00	-6.747886936239370914e-02	1.545476944937073860e+01
3.400603015075376323e+00	1.989847576802936446e+00	1.890542058050937557e+00	5.730041968635172012e+00	1.182953057943985753e+00	3.276512532019557611e+00	1.162530444580603062e+00	-5.832156510351394624e-02	1.517410607292967839e+01
3.526180904522612458e+00	1.989412925355801054e+00	1.882693564358148386e+00	5.710692985388140741e+00	1.136421272009750849e+00	3.131302813142725849e+00	1.094841460616000850e+00	-4.829174048735020153e-02	1.489707328038321776e+01
3.651758793969848593e+00	1.988962673412949078e+00	1.874596657987638304e+00	5.690727235518479254e+00	1.089976665642994780e+00	2.987477339890010963e+00	1.029858252916626249e+00	-3.797136024510024827e-02	1.462362746512359912e+01
3.777336683417084728e+00	1.988496837916950755e+00	1.866255000700470568e+00	5.670153290118521205e+00	1.043734240218594511e+00	2.845394831212417319e+00	9.675824218139648103e-01	-2.782009642292795903e-02	1.435379652555798913e+01
3.902914572864320863e+00	1.988015436388391954e+00	1.857672348468681456e+00	5.648979938271913248e+00	9.978035993059839459e-01	2.705387642870968001e+00	9.079988495726107889e-01	-1.817867107906293370e-02	1.408767914379948749e+01
4.028492462311556999e+00	1.987518486924359618e+00	1.848852548302107657e+00	5.627216179445124311e+00	9.522886406031040307e-01	2.567761379975958214e+00	8.510789489725950618e-01	-9.283790424444663542e-03	1.382543239379880617e+01
4.154070351758793578e+00	1.987006008196881890e+00	1.839799535019462917e+00	5.604871215754136493e+00	9.072873006490049796e-01	2.432794737277387487e+00	7.967835093301388616e-01	-1.291901625165999294e-03	1.356725040460184672e+01
4.279648241206029269e+00	1.986478019451317190e+00	1.830517327968024910e+00	5.581954444117368297e+00	8.628913512916951412e-01	2.300739549315842236e+00	7.450651300651249809e-01	5.693958452068085055e-03	1.331333978066144219e+01
4.405226130653265848e+00	1.985934540504697532e+00	1.821010027696329914e+00	5.558475448305913780e+00	8.191862464680341738e-01	2.171821032097239534e+00	6.958702444134557963e-01	1.160132573899335350e-02	1.306389886522466526e+01
4.530804020100501539e+00	1.985375591744021895e+00	1.811281812584290218e+00	5.534443990902197186e+00	7.762510174820664854e-01	2.046238197859284291e+00	6.491407453522242132e-01	1.637575127247054355e-02	1.281910710719655100e+01
4.656381909547738118e+00	1.984801194124504287e+00	1.801336935435154940e+00	5.509870005178147956e+00	7.341582146473544235e-01	1.924164424693737496e+00	6.048152331007702331e-01	1.998178565825720759e-02	1.257912779283792837e+01
4.781959798994973809e+00	1.984211369167770300e+00	1.791179720033750034e+00	5.484763586903987687e+00	6.929738928870229353e-01	1.805748163219421887e+00	5.628299099830135210e-01	2.241634123368072690e-02	1.234412298342864744e+01
4.907537688442210388e+00	1.983606138960011922e+00	1.780814557675416632e+00	5.459134986098657549e+00	6.527576386609278414e-01	1.691113763111479207e+00	5.231191552830374292e-01	2.372872836896116472e-02	1.211427496815849381e+01
5.033115577889446079e+00	1.982985526150089939e+00	1.770245903670061738e+00	5.432994598732859615e+00	6.135626354106911151e-01	1.580362403032974150e+00	4.856158207830698625e-01	2.403854071405393811e-02	1.188980542849380129e+01
5.158693467336682659e+00	1.982349553947594600e+00	1.759478273825708650e+00	5.406352958395587827e+00	5.754357645777560260e-01	1.473573108341082349e+00	4.502512968358809986e-01	2.354215639547442215e-02	1.167098311231908525e+01
5.284271356783918350e+00	1.981698246120857432e+00	1.748516240915909625e+00	5.379220727934956869e+00	5.384177391543852886e-01	1.370803841814431712e+00	4.169554079896924947e-01	2.250149734871165555e-02	1.145811370127894513e+01
5.409849246231154929e+00	1.981031626994917749e+00	1.737364431135349108e+00	5.351608691083930225e+00	5.025432666694823469e-01	1.272092653540105589e+00	3.856562044869142891e-01	2.121430280481470879e-02	1.125151117671551404e+01
5.535427135678390620e+00	1.980349721449442324e+00	1.726027520547911420e+00	5.323527744081510527e+00	4.678412384871624141e-01	1.177458876985276293e+00	3.562797192999001550e-01	1.997180372145723401e-02	1.105145662457266198e+01
5.661005025125627199e+00	1.979652554916603080e+00	1.714510231531450435e+00	5.294988887299689750e+00	4.343349423027710321e-01	1.086904359142957022e+00	3.287497580884196080e-01	1.901487421167680214e-02	1.085815560749356834e+01
5.786582914572862890e+00	1.978940153378904609e+00	1.702817329223431209e+00	5.266003216886347538e+00	4.020422947554164739e-01	1.000414713474234274e+00	3.029877809376637088e-01	1.850121499352280416e-02	1.067170670364951768e+01
5.912160804020099469e+00	1.978212543366973053e+00	1.690953617971550527e+00	5.236581916434059458e+00	3.709760911347758650e-01	9.179605851660438409e-01	2.789129206670936667e-01	1.849289718117072198e-02	1.049209057192166483e+01
6.037738693467336049e+00	1.977469751957295463e+00	1.678923937793379118e+00	5.206736248684565638e+00	3.411442692400288301e-01	8.394989189845327715e-01	2.564421648116952945e-01	1.896662643334207435e-02	1.031918191790483696e+01
6.163316582914571740e+00	1.976711806769918089e+00	1.666733160848978601e+00	5.176477547278426350e+00	3.125501845472917206e-01	7.649742207328712462e-01	2.354907097013583528e-01	1.984110346109559456e-02	1.015277873333993774e+01
6.288894472361808319e+00	1.975938735966099591e+00	1.654386187930381391e+00	5.145817208559153144e+00	2.851928939562407006e-01	6.943198040251897796e-01	2.159724780145254319e-01	2.101020072268202157e-02	9.992637509174270960e+00
6.414472361809044010e+00	1.975150568245923832e+00	1.641887944971714530e+00	5.114766683440842066e+00	2.590674455141812604e-01	6.274590147722172162e-01	1.978007776531911788e-01	2.236972642372981809e-02	9.838502161021800418e+00
6.540050251256280589e+00	1.974347332845864056e+00	1.629243379583668050e+00	5.083337469348071735e+00	2.341651716543121931e-01	5.643064264463384383e-01	1.808890705310001179e-01	2.382955063888065120e-02	9.690118401048135155e+00
6.665628140703516280e+00	1.973529059536310415e+00	1.616457457615908311e+00	5.051541102236549285e+00	2.104739836322584434e-01	5.047689998605869866e-01	1.651518144912358654e-01	2.530984556937301150e-02	9.547232262942221936e+00
6.791206030150752859e+00	1.972695778619053542e+00	1.603535159750927308e+00	5.019389148702706471e+00	1.879786649991160574e-01	4.487472018619739211e-01	1.505053389254279450e-01	2.672697951900026084e-02	9.409578272378205099e+00
6.916783919597988550e+00	1.971847520924722597e+00	1.590481478132717230e+00	4.986893198190132104e+00	1.666611621085279105e-01	3.961360780070502519e-01	1.368687134487839852e-01	2.797841228639845121e-02	9.276866563098332463e+00
7.042361809045225129e+00	1.970984317810188902e+00	1.577301413033549871e+00	4.954064855300439163e+00	1.465008698180646218e-01	3.468262749564319791e-01	1.241645683518595167e-01	2.893556662110729691e-02	9.148777865891643657e+00
7.167939698492460820e+00	1.970106201155921388e+00	1.563999969562020365e+00	4.920915732215841665e+00	1.274749107099782952e-01	3.007050089925050740e-01	1.123198254242251809e-01	2.944978380368784912e-02	9.024971431864178939e+00
7.293517587939697400e+00	1.969213203363306075e+00	1.550582154415393932e+00	4.887457441240377953e+00	1.095584063219018217e-01	2.576569777254815174e-01	1.012662988492346455e-01	2.937108206354681686e-02	8.905105563979242689e+00
7.419095477386933091e+00	1.968305357351925133e+00	1.537052972679191942e+00	4.853701587466439094e+00	9.272473904312425463e-02	2.175652127003341041e-01	9.094112935476413029e-02	2.857473428317535910e-02	8.788865732878955228e+00
7.544673366834169670e+00	1.967382696556792210e+00	1.523417424676797749e+00	4.819659761572854251e+00	7.694580349560253829e-02	1.803118712423849301e-01	8.128702175462948487e-02	2.698820755795133461e-02	8.675992786857012362e+00
7.670251256281405361e+00	1.966445254925554220e+00	1.509680502871769914e+00	4.785343532760529150e+00	6.219224637995966753e-02	1.457789664734095436e-01	7.225226694200566346e-02	2.461121829712757669e-02	8.566303988650355805e+00
7.795829145728641940e+00	1.965493066915646958e+00	1.495847188825397023e+00	4.750764441831218043e+00	4.843369392451025296e-02	1.138490349840897142e-01	6.379054393998231931e-02	2.152402580614758837e-02	8.459701996226991483e+00
7.921407035175877631e+00	1.964526167491421171e+00	1.481922450211912379e+00	4.715933994414731600e+00	3.563896622914274753e-02	8.440574215467128161e-02	5.586051452060192268e-02	1.788251936536225384e-02	8.356170354387842281e+00
8.046984924623114210e+00	1.963544592121220678e+00	1.467911237893649190e+00	4.680863654349486147e+00	2.377627794501233072e-02	5.733442556754834996e-02	4.842524026596838060e-02	1.390196139855809712e-02	8.255757389541443558e+00
8.172562814070349901e+00	1.962548376774431169e+00	1.453818483058287425e+00	4.645564837221009213e+00	1.281342487493144881e-02	3.252257734957145902e-02	4.145146761863841706e-02	9.833520510743661014e-03	8.158552687407613746e+00
8.298140703517587369e+00	1.961537557918486385e+00	1.439649094420206721e+00	4.610048904062599817e+00	2.717956217591636654e-03	9.860266617180904816e-03	3.490883851686343853e-02	5.938523367376498385e-03	8.064661141120303967e+00
8.423718592964823060e+00	1.960512172515839202e+00	1.425407955487832057e+00	4.574327155222085217e+00	-6.542667689085139918e-03	-1.075949652372421017e-02	2.876909125670720074e-02	2.464737266241016043e-03	7.974178947535895290e+00
8.549296482412058751e+00	1.959472258020897195e+00	1.411099921898716580e+00	4.538410824398185106e+00	-1.500093214444179687e-02	-2.944045374377780855e-02	2.300531762801705585e-02	-3.725752635456439565e-04	7.887174360794049655e+00
8.674874371859294442e+00	1.958417852376920010e+00	1.396729818823978730e+00	4.502311072849732199e+00	-2.268913928142758663e-02	-4.628284615842045285e-02	1.759133821705641601e-02	-2.403962912857261509e-03	7.803674133914982214e+00
8.800452261306531909e+00	1.957348994012884535e+00	1.382302438443575365e+00	4.466038983780607374e+00	-2.963929347083984339e-02	-6.138321488385094921e-02	1.250124869348544915e-02	-3.514155922470047974e-03	7.723655000653391944e+00
8.926030150753767600e+00	1.956265721840311222e+00	1.367822537493757595e+00	4.429605556902918018e+00	-3.588300061685203296e-02	-7.483425233653949460e-02	7.709176857328622033e-03	-3.647074477844421299e-03	7.647038665663079549e+00
9.051608040201003291e+00	1.955168075250059312e+00	1.353294834887928788e+00	4.393021703180670201e+00	-4.145138093008805119e-02	-8.672470201207831131e-02	3.189274253978843354e-03	-2.809105490322970269e-03	7.573688699140148195e+00
9.177185929648238982e+00	1.954056094109084318e+00	1.338724009411984772e+00	4.356298239755789226e+00	-4.637499467515250606e-02	-9.713930435675317832e-02	-1.084051748960061226e-03	-1.071640530679010724e-03	7.503408351965314083e+00
9.302763819095476450e+00	1.952929818757166647e+00	1.324114697495097248e+00	4.319445885058060597e+00	-5.068378030821730357e-02	-1.061587862104618196e-01	-5.135678513353053934e-03	1.427185169989354276e-03	7.435939341448281503e+00
9.428341708542712141e+00	1.951789290003602240e+00	1.309471491056767745e+00	4.282475254100273077e+00	-5.440700434725204149e-02	-1.138598911447821632e-01	-8.989113617625646771e-03	4.482723737096340651e-03	7.370962749788080082e+00
9.553919597989947832e+00	1.950634549123863026e+00	1.294798935430848230e+00	4.245396853959475081e+00	-5.757322225305053220e-02	-1.203154478407570532e-01	-1.266569611243924948e-02	7.827992951800690977e-03	7.308103965259740598e+00
9.679497487437183523e+00	1.949465637856224731e+00	1.280101527367114800e+00	4.208221079445012336e+00	-6.021024954361196141e-02	-1.255944734466899193e-01	-1.618372108037951021e-02	1.114399549666832655e-02	7.246943796094337920e+00
9.805075376884420990e+00	1.948282598398364263e+00	1.265383713110841191e+00	4.170958208953708279e+00	-6.234514231797363970e-02	-1.297623086305107476e-01	-1.955756850138519465e-02	1.407787429926695907e-02	7.187037375312311127e+00
9.930653266331656681e+00	1.947085473403922240e+00	1.250649886560716295e+00	4.133618400512232505e+00	-6.400418632850399248e-02	-1.328807808015476377e-01	-2.279692600313978565e-02	1.626945586692315690e-02	7.127941323210602143e+00
1.005623115577889237e+01	1.945874305979038654e+00	1.235904387505317947e+00	4.096211688006471618e+00	-6.521289371319465011e-02	-1.350083917340502981e-01	-2.590619703151674988e-02	1.738517189772432331e-02	7.069248070909790904e+00
1.018180904522612984e+01	1.944649139678856553e+00	1.221151499938252449e+00	4.058747977597414902e+00	-6.599600648180412032e-02	-1.362005255934987114e-01	-2.888417976985547045e-02	1.715666371768251666e-02	7.010624569087047675e+00
1.030738693467336553e+01	1.943410018503995751e+00	1.206395450451952067e+00	4.021237044322817589e+00	-6.637750584193526093e-02	-1.365096731626041227e-01	-3.172408676253028054e-02	1.541984711118882245e-02	6.951851094622884197e+00
1.043296482412060122e+01	1.942156986896997894e+00	1.191640406710013478e+00	3.983688528883649660e+00	-6.638062645329380340e-02	-1.359856679034493199e-01	-3.441395054134068626e-02	1.214908696642517591e-02	6.892854764559001701e+00
1.055854271356783691e+01	1.940890089738741997e+00	1.176890475997863117e+00	3.946111934614123573e+00	-6.602787471041585143e-02	-1.346759293914170652e-01	-3.693742767362350604e-02	7.480606694568602173e-03	6.833731875269840828e+00
1.068412060301507438e+01	1.939609372344833549e+00	1.162149703851419469e+00	3.908516624633793679e+00	-6.534105017587857334e-02	-1.326257096293154414e-01	-3.927497494072750006e-02	1.719518145954652185e-03	6.774753484230080502e+00
1.080969849246231007e+01	1.938314880461961431e+00	1.147422072763342182e+00	3.870911819180091751e+00	-6.434126931711200981e-02	-1.298783378072329575e-01	-4.140533049524364184e-02	-4.673946232951298012e-03	6.716349888552856306e+00
1.093527638190954576e+01	1.937006660264235736e+00	1.132711500966340878e+00	3.833306593119354844e+00	-6.304899073995809400e-02	-1.264754592217141038e-01	-4.330719452710005829e-02	-1.112120011050102622e-02	6.659071909750658769e+00
1.106085427135678145e+01	1.935684758349488721e+00	1.118021841292947904e+00	3.795709873634273812e+00	-6.148404116049878410e-02	-1.224572643086237062e-01	-4.496097337848757591e-02	-1.698406648841716687e-02	6.603530127940682171e+00
1.118643216080401892e+01	1.934349221735557789e+00	1.103356880111051597e+00	3.758130438085454550e+00	-5.966564141267274857e-02	-1.178627040741392906e-01	-4.635043314648815832e-02	-2.164058370447892107e-02	6.550317177594284779e+00
1.131201005025125461e+01	1.933000097856538702e+00	1.088720336334420447e+00	3.720576912044613049e+00	-5.761243185198158118e-02	-1.127296886192513115e-01	-4.746410750040572918e-02	-2.456873825979904655e-02	6.499922380004134581e+00
1.143758793969849030e+01	1.931637434559013933e+00	1.074115860507348641e+00	3.683057767496748180e+00	-5.534249658418829987e-02	-1.070952659319676231e-01	-4.829632173938667311e-02	-2.542551869195580974e-02	6.452651459615613483e+00
1.156316582914572599e+01	1.930261280098258148e+00	1.059547033962494611e+00	3.645581321208487324e+00	-5.287338602129933174e-02	-1.009957786515070233e-01	-4.884773053228053802e-02	-2.410700011598529771e-02	6.408565739948167916e+00
1.168874371859296346e+01	1.928871683134417703e+00	1.045017368050902729e+00	3.608155733259629461e+00	-5.022213734414850139e-02	-9.446699707096002652e-02	-4.912531702621603796e-02	-2.077635937976212224e-02	6.367453973623863561e+00
1.181432160804019915e+01	1.927468692728666833e+00	1.030530303443128348e+00	3.570789005734773536e+00	-4.740529253042888302e-02	-8.754422721901829185e-02	-4.914186019517544773e-02	-1.585130756596456192e-02	6.328845314395982413e+00
1.193989949748743484e+01	1.926052358339341630e+00	1.016089209500326440e+00	3.533488981571792031e+00	-4.443891368781939522e-02	-8.026239342743692051e-02	-4.891493766324429143e-02	-9.949925917329729627e-03	6.292064378715629402e+00
1.206547738693467231e+01	1.924622729818050937e+00	1.001697383714097667e+00	3.496263343563783987e+00	-4.133859551276183181e-02	-7.265609533070543913e-02	-4.846558431981358439e-02	-3.802672264619428363e-03	6.256320509668032770e+00
1.219105527638190800e+01	1.923179857405765025e+00	9.873580512138340204e-01	3.459119613511019597e+00	-3.811947477527225653e-02	-6.475963974258047706e-02	-4.781676511782038952e-02	1.854013974586705667e-03	6.220815656469531163e+00
1.231663316582914369e+01	1.921723791728881858e+00	9.730743643402457455e-01	3.422065151519307680e+00	-3.479623680780250666e-02	-5.660704829911621105e-02	-4.699183790788898779e-02	6.382876832732580809e-03	6.184851061406360095e+00
1.244221105527637938e+01	1.920254583795275360e+00	9.588494022837091846e-01	3.385107155441100080e+00	-3.138311905055121698e-02	-4.823204214245351701e-02	-4.601317657932885857e-02	9.330736598629551376e-03	6.147913540346379158e+00
1.256778894472361685e+01	1.918772284990320376e+00	9.446861707860235713e-01	3.348252660455570240e+00	-2.789391177575856542e-02	-3.966800524112430032e-02	-4.490109734649861545e-02	1.047921402691316152e-02	6.109727315895445265e+00
1.269336683417085254e+01	1.917276947072897642e+00	9.305876019041271485e-01	3.311508538783853428e+00	-2.434195617853731827e-02	-3.094792820262095429e-02	-4.367318630328249213e-02	9.855395912786392779e-03	6.070265412989224174e+00
1.281894472361808823e+01	1.915768622171381885e+00	9.165565538342776986e-01	3.274881499535517548e+00	-2.074014008088130578e-02	-2.210433463759775910e-02	-4.234407141675710501e-02	7.704986405349784594e-03	6.029723115811290945e+00
1.294452261306532392e+01	1.914247362779609274e+00	9.025958107951810305e-01	3.238378088682337896e+00	-1.710089154796760186e-02	-1.316919229022304495e-02	-4.092562514847290778e-02	4.437133604719196815e-03	5.988462686875183572e+00
1.307010050251256139e+01	1.912713221752825765e+00	8.887080829685034544e-01	3.202004689155356854e+00	-1.343617076113396737e-02	-4.173811265372314762e-03	-3.942753279287496138e-02	5.536887418320365429e-04	5.946942167799137202e+00
1.319567839195979708e+01	1.911166252303619473e+00	8.748960064951928350e-01	3.165767521061195300e+00	-9.757460529482368458e-03	4.851268229595727573e-03	-3.785812276650268177e-02	-3.424004477262139554e-03	5.905641460316355840e+00
1.332125628140703277e+01	1.909606507997835489e+00	8.611621435259952939e-01	3.129672642013542561e+00	-6.075755851536024377e-03	1.387639614372691496e-02	-3.622533242203976322e-02	-7.019853826622899848e-03	5.864996747580899950e+00
1.344683417085426846e+01	1.908034042750472059e+00	8.475089823245461895e-01	3.093725947575729496e+00	-2.401552959483217210e-03	2.287293830299467340e-02	-3.453767771974072115e-02	-9.851907056416423641e-03	5.825350773218102240e+00
1.357241206030150593e+01	1.906448910821563647e+00	8.339389374213878048e-01	3.057933171810281792e+00	1.255161708935097990e-03	3.181340500725521325e-02	-3.280510593639256872e-02	-1.166187109663046478e-02	5.786922609736399714e+00
1.369798994974874162e+01	1.904851166812046248e+00	8.204543498172595095e-01	3.022299887931338525e+00	4.884922161973965365e-03	4.067157987869706587e-02	-3.103963421900396424e-02	-1.232519266369224743e-02	5.749797079718619308e+00
1.382356783919597731e+01	1.903240865659606484e+00	8.070574872339889572e-01	2.986831509055823730e+00	8.478792684756448345e-03	4.942264630517920199e-02	-2.925570869353566472e-02	-1.184423615688151576e-02	5.713931356088936653e+00
1.394914572864321300e+01	1.901618062634520712e+00	7.937505444113119868e-01	2.951533289049267150e+00	1.202837641873124967e-02	5.804330880284445937e-02	-2.747025415123850733e-02	-1.032872966333382020e-02	5.679174597502103516e+00
1.407472361809045047e+01	1.899982813335474585e+00	7.805356434479419070e-01	2.916410323462188536e+00	1.552582228070362343e-02	6.651190662308639756e-02	-2.570241855444269433e-02	-7.968361915372586951e-03	5.645295728679579739e+00
1.420030150753768616e+01	1.898335173685372412e+00	7.674148341852055077e-01	2.881467550552978985e+00	1.896382984220260082e-02	7.480851695814839941e-02	-2.397304612617751421e-02	-5.002345608316281951e-03	5.612014513489413936e+00
1.432587939698492185e+01	1.896675199927133404e+00	7.543900946315684752e-01	2.846709752393232318e+00	2.233565182733442470e-02	8.291504516684572446e-02	-2.230393520681469080e-02	-1.690099444274836783e-03	5.579031709295025010e+00
1.445145728643215932e+01	1.895002948619473715e+00	7.414633314263738839e-01	2.812141556051543922e+00	2.563509393172382772e-02	9.081529955637598905e-02	-2.071695123473019789e-02	1.713865295154767343e-03	5.546055143645916452e+00
1.457703517587939501e+01	1.893318476632678715e+00	7.286363803411307627e-01	2.777767434851796668e+00	2.885651171600512807e-02	9.849504842592464449e-02	-1.923307113938616322e-02	4.979047426448114134e-03	5.512819828254597709e+00
1.470261306532663070e+01	1.891621841144362159e+00	7.159110068166854024e-01	2.743591709702020154e+00	3.199480438379530278e-02	1.059420573085399220e-01	-1.787143401658456213e-02	7.911539337190636942e-03	5.479101524676009305e+00
1.482819095477386639e+01	1.889913099635215366e+00	7.032889065346383806e-01	2.709618550489968580e+00	3.504540531526634251e-02	1.131461046424633854e-01	-1.664846564824925754e-02	1.036069811123712693e-02	5.444724299080539787e+00
1.495376884422110386e+01	1.888192309884745512e+00	6.907717060213699467e-01	2.675851977541601201e+00	3.800426929231423556e-02	1.200989744612504517e-01	-1.557713293916417746e-02	1.222126242837909618e-02	5.409563366690496977e+00
1.507934673366833955e+01	1.886459529967006166e+00	6.783609632830616132e-01	2.642295863138716783e+00	4.086785641877747205e-02	1.267944251095027841e-01	-1.466637034688725305e-02	1.343254835292693496e-02	5.373544815923103180e+00
1.520492462311557524e+01	1.884714818246314483e+00	6.660581684701120109e-01	2.608953933092059252e+00	4.363311280799001685e-02	1.332281334602640477e-01	-1.392070533458657049e-02	1.397615836870215802e-02	5.336643619110856385e+00
1.533050251256281094e+01	1.882958233372963974e+00	6.538647445693777094e-01	2.575829768366295625e+00	4.629744817887287978e-02	1.393976146202162147e-01	-1.334009492445554883e-02	1.387308862178617333e-02	5.298880802805056689e+00
1.545608040201004840e+01	1.881189834278927053e+00	6.417820481226798046e-01	2.542926806753305957e+00	4.885871056946982510e-02	1.453021176463543951e-01	-1.291997140534699266e-02	1.318042332706241028e-02	5.260319969292452491e+00
1.558165829145728409e+01	1.879409680173549146e+00	6.298113699700508272e-01	2.510248344590347180e+00	5.131515844194987214e-02	1.509424983473220960e-01	-1.265148274129730861e-02	1.198718835509579063e-02	5.221062757137017840e+00
1.570723618090451978e+01	1.877617830539237032e+00	6.179539360162148443e-01	2.477797538519682874e+00	5.366543051430700678e-02	1.563210707876326044e-01	-1.252190267579826946e-02	1.040859449557999736e-02	5.181242498196856339e+00
1.583281407035175548e+01	1.875814345127140292e+00	6.062109080188300414e-01	2.445577407286412708e+00	5.590851370996152009e-02	1.614414396368088478e-01	-1.251517729916633986e-02	8.577963538618301950e-03	5.141015400018605241e+00
1.595839195979899294e+01	1.873999283952826334e+00	5.945833843970428356e-01	2.413590833571263250e+00	5.804370966597699466e-02	1.663083159920189513e-01	-1.261256928129927089e-02	6.636122435182259527e-03	5.100549080733011387e+00
1.608396984924623041e+01	1.872172707291949623e+00	5.830724010589393158e-01	2.381840565855230629e+00	6.007060028247917377e-02	1.709273197373389619e-01	-1.279335835609071541e-02	4.718864307175781037e-03	5.060009100177022212e+00
1.620954773869346610e+01	1.870334675675916047e+00	5.716789322465105627e-01	2.350329220313047252e+00	6.198901282908343691e-02	1.753047718727482052e-01	-1.303555713924303867e-02	2.943969561183448942e-03	5.019545025359246182e+00
1.633512562814070179e+01	1.868485249887543498e+00	5.604038913967759328e-01	2.319059282732513161e+00	6.379898514779647201e-02	1.794474805411933882e-01	-1.331660490898751124e-02	1.399937986936241902e-03	4.979278222783770858e+00
1.646070351758793748e+01	1.866624490956716453e+00	5.492481320177518000e-01	2.288033110456878738e+00	6.550073150524647614e-02	1.833625246952252930e-01	-1.361400821562935501e-02	1.387097750495620081e-04	4.939293691191238622e+00
1.658628140703517673e+01	1.864752460156039238e+00	5.382124485779785639e-01	2.257252934347499629e+00	6.709460964967345342e-02	1.870570394713867990e-01	-1.390590541525062000e-02	-8.259090190791110089e-04	4.899637677768247102e+00
1.671185929648241242e+01	1.862869218996484388e+00	5.272975774083593636e-01	2.226720860764137999e+00	6.858108961953866822e-02	1.905380073790614304e-01	-1.417154147261426127e-02	-1.513599944096582399e-03	4.860321612750870379e+00
1.683743718592964811e+01	1.860974829223039695e+00	5.165041976150978043e-01	2.196438873560331739e+00	6.996072483077490911e-02	1.938120593618730125e-01	-1.439164853825552690e-02	-1.967701700746296144e-03	4.821331334352115583e+00
1.696301507537688380e+01	1.859069352810353015e+00	5.058329320025617415e-01	2.166408836091403334e+00	7.123412593868233555e-02	1.968852896571296474e-01	-1.454873582519746085e-02	-2.242683287703380740e-03	4.782639117387228467e+00
1.708859296482411949e+01	1.857152851958374429e+00	4.952843480049355929e-01	2.136632493232733854e+00	7.240193792860176447e-02	1.997630881672524394e-01	-1.462729840644898943e-02	-2.392240433017437783e-03	4.744215180452431291e+00
1.721417085427135518e+01	1.855225389087999055e+00	4.848589586255581674e-01	2.107111473406053204e+00	7.346482083729860557e-02	2.024499937729858645e-01	-1.461395835404299438e-02	-2.461152568004432856e-03	4.706035524807847814e+00
1.733974874371859087e+01	1.853287026836708096e+00	4.745572233828896924e-01	2.077847290611590569e+00	7.442343444521107299e-02	2.049495716686597080e-01	-1.449755322998900336e-02	-2.482750351416270363e-03	4.668084243363654018e+00
1.746532663316582656e+01	1.851337828054210100e+00	4.643795492620793608e-01	2.048841346464025825e+00	7.527842720930763565e-02	2.072643173925938220e-01	-1.426918678033222906e-02	-2.481788471166116068e-03	4.630350493130718448e+00
1.759090452261306581e+01	1.849377855798082892e+00	4.543262916711522936e-01	2.020094932230284801e+00	7.603042962840358965e-02	2.093955897686956280e-01	-1.392225542465046900e-02	-2.480420408059028515e-03	4.592822423263910103e+00
1.771648241206030150e+01	1.847407173329416397e+00	4.443977554008683994e-01	1.991609230867318781e+00	7.668005214871095876e-02	2.113435744760437662e-01	-1.345246238045296784e-02	-2.503701892781879344e-03	4.555481621949122761e+00
1.784206030150753719e+01	1.845425844108456559e+00	4.345941955873425799e-01	1.963385319058099210e+00	7.722788762862906053e-02	2.131072794291578865e-01	-1.285782938221897119e-02	-2.581239383563748834e-03	4.518301457045902580e+00
1.796763819095477288e+01	1.843433931790251057e+00	4.249158186765615852e-01	1.935424169244170045e+00	7.767451828991588092e-02	2.146845625896744714e-01	-1.213871398953694780e-02	-2.743290018498012375e-03	4.481250996582538448e+00
1.809321608040200857e+01	1.841431500220298334e+00	4.153627833899606325e-01	1.907726651653177674e+00	7.802052698914985207e-02	2.160721922470008050e-01	-1.129783819680191780e-02	-3.012154365643904437e-03	4.444303661937142103e+00
1.821879396984924426e+01	1.839418613430197968e+00	4.059352016902698090e-01	1.880293536319908698e+00	7.826651255060247669e-02	2.172659392077085361e-01	-1.034033112756162741e-02	-3.391980134387333895e-03	4.407447491936737016e+00
1.834437185929647995e+01	1.837395335633305704e+00	3.966331397468723652e-01	1.853125495099436915e+00	7.841310881116400622e-02	2.182606997275090277e-01	-9.273784812587424625e-03	-3.861080231042085011e-03	4.370692913974658644e+00
1.846994974874371920e+01	1.835361731220391146e+00	3.874566188999547522e-01	1.826223103671099190e+00	7.846100694169834411e-02	2.190506474124648273e-01	-8.108317509043306073e-03	-4.370112027192516249e-03	4.334074678609373343e+00
1.859552763819095489e+01	1.833317864755301452e+00	3.784056166227693918e-01	1.799586843532084979e+00	7.841098052905047522e-02	2.196294117149991121e-01	-6.856634182575046567e-03	-4.847321334684352202e-03	4.297646761636946700e+00
1.872110552763819058e+01	1.831263800970626354e+00	3.694800674813574215e-01	1.773217103979514819e+00	7.826391283074152216e-02	2.199902800633971589e-01	-5.534069390448095697e-03	-5.209488077612365285e-03	4.261471607857576949e+00
1.884668341708542627e+01	1.829199604763372067e+00	3.606798640911272336e-01	1.747114184079984200e+00	7.802082555195240243e-02	2.201264200999172860e-01	-4.158594696756357303e-03	-5.375302626202085182e-03	4.225607001263394835e+00
1.897226130653266196e+01	1.827125341190638963e+00	3.520048580697075491e-01	1.721278294625612437e+00	7.768290844338912593e-02	2.200311179725100708e-01	-2.750771579073943256e-03	-5.277349037321758286e-03	4.190094399685461823e+00
1.909783919597989765e+01	1.825041075465305251e+00	3.434548609855342938e-01	1.695709560075720157e+00	7.725154898054834018e-02	2.196980281396663515e-01	-1.333631846156654345e-03	-4.869729657140627228e-03	4.154951712143478026e+00
1.922341708542713334e+01	1.822946872951717534e+00	3.350296453016622378e-01	1.670408020483345801e+00	7.672836136109573157e-02	2.191214297193393723e-01	6.752926755939079098e-05	-4.130125516084751439e-03	4.120171733568635197e+00
1.934899497487436903e+01	1.820842799161387582e+00	3.267289453143242262e-01	1.645373633405877278e+00	7.611521404860928375e-02	2.182964840541901375e-01	1.425457462340861108e-03	-3.056982872366619235e-03	4.085725550574363041e+00
1.947457286432160828e+01	1.818728919748697992e+00	3.185524580857944654e-01	1.620606275799147511e+00	7.541425509863820820e-02	2.172194878900876869e-01	2.711345805643783878e-03	-1.663873625148606233e-03	4.051568868802860379e+00
1.960015075376884397e+01	1.816605300506614951e+00	3.104998443711390332e-01	1.596105745894421224e+00	7.462793452739825695e-02	2.158881163864096175e-01	3.895342273651001153e-03	2.645909816712081346e-05	4.017648743057801397e+00
1.972572864321607966e+01	1.814472007362408323e+00	3.025707295384707507e-01	1.571871765057749393e+00	7.375902302460567161e-02	2.143016501082555814e-01	4.947152354756366444e-03	1.986275013771277541e-03	3.983908602460017434e+00
1.985130653266331535e+01	1.812329106373380627e+00	2.947647044823533125e-01	1.547903979631255256e+00	7.281062636975216273e-02	2.124611802042252751e-01	5.836726355690896421e-03	4.184139108782229666e-03	3.950290462525440027e+00
1.997688442211055104e+01	1.810176663722607326e+00	2.870813265300239947e-01	1.524201962755951767e+00	7.178619498492147533e-02	2.103697861591384277e-01	6.535017501141326957e-03	6.583437172899313933e-03	3.916734388826683233e+00
2.010246231155778673e+01	1.808014745714684013e+00	2.795201203401371792e-01	1.500765216175771410e+00	7.068952814604372026e-02	2.080326808368153368e-01	7.014793924883084252e-03	9.139147607649307850e-03	3.883176232745984002e+00
2.022804020100502242e+01	1.805843418771484021e+00	2.720805787937499165e-01	1.477593172022522827e+00	6.952477247686011941e-02	2.054573179985234588e-01	7.251484948905511339e-03	1.179439635143926177e-02	3.849545141363485801e+00
2.035361809045226167e+01	1.803662749427927814e+00	2.647621638773013375e-01	1.454685194581557539e+00	6.829641446400941396e-02	2.026534580988954837e-01	7.224039441829034972e-03	1.447825748523637324e-02	3.815762277376756995e+00
2.047919597989949736e+01	1.801472804327761246e+00	2.575643075573577079e-01	1.432040582037974685e+00	6.700926685536319483e-02	1.996331889197472398e-01	6.915771500392778673e-03	1.710575354049850144e-02	3.781741674739095505e+00
2.060477386934673305e+01	1.799273650219347376e+00	2.504864126469169006e-01	1.409658568203220996e+00	6.566844893448220422e-02	1.964108984951710990e-01	6.315166343774608268e-03	1.958027845978509499e-02	3.747393423302697535e+00
2.073035175879396874e+01	1.797065353951465605e+00	2.435278536630929858e-01	1.387538324222021613e+00	6.427936079901072630e-02	1.930031987954400619e-01	5.416617414896974722e-03	2.179796446806418417e-02	3.712628673313992600e+00
2.085592964824120443e+01	1.794847982469129244e+00	2.366879776760128229e-01	1.365678960259573804e+00	6.284765190688272607e-02	1.894287997542756230e-01	4.221064553115602865e-03	2.365304236550376873e-02	3.677365478984493841e+00
2.098150753768844012e+01	1.792621602809407966e+00	2.299661051487859320e-01	1.344079527169009580e+00	6.137918428812672716e-02	1.857083344204132902e-01	2.736502994591648655e-03	2.504310684082362501e-02	3.641534363671158570e+00
2.110708542713567581e+01	1.790386282097269355e+00	2.233615307684181928e-01	1.322739018139144074e+00	5.987999094848239778e-02	1.818641372618166052e-01	9.783340048416940774e-04	2.587339736862090747e-02	3.605082690588593319e+00
2.123266331658291151e+01	1.788142087541429559e+00	2.168735242675626229e-01	1.301656370322562761e+00	5.835623011061980003e-02	1.779199789166338030e-01	-1.030469857244671085e-03	2.605966253055669313e-02	3.567977383832120264e+00
2.135824120603015075e+01	1.785889086430219486e+00	2.105013312370143108e-01	1.280830466444137228e+00	5.681413604622136820e-02	1.739007619328073739e-01	-3.259408627901111410e-03	2.552975543583471674e-02	3.530206128898333517e+00
2.148381909547738644e+01	1.783627346127463875e+00	2.042441739288717584e-01	1.260260136390066288e+00	5.525996734446794040e-02	1.698321832292754574e-01	-5.670727693253062134e-03	2.422464521058623199e-02	3.491777724537478367e+00
2.160939698492462213e+01	1.781356934068375253e+00	1.981012520502991869e-01	1.239944158777582572e+00	5.369995353676713240e-02	1.657403701057305334e-01	-8.219934322566570598e-03	2.209986811145180780e-02	3.452722602327640278e+00
2.173497487437185782e+01	1.779077917755460314e+00	1.920717435478412616e-01	1.219881262505461583e+00	5.214024105147286453e-02	1.616514975847608004e-01	-1.085656735550897395e-02	1.912847848781015422e-02	3.413094573577298618e+00
2.186055276381909351e+01	1.776790364754446516e+00	1.861548053822478510e-01	1.200070128285509075e+00	5.058683950391403700e-02	1.575913956513085024e-01	-1.352522297549086511e-02	1.530627330679650011e-02	3.372974583908731727e+00
2.198613065326632920e+01	1.774494342690217774e+00	1.803495742937819835e-01	1.180509390155198401e+00	4.904556933489714887e-02	1.535851555244303057e-01	-1.616683182634402402e-02	1.065951141870767616e-02	3.332476711590889096e+00
2.211170854271356490e+01	1.772189919242767697e+00	1.746551675579910146e-01	1.161197636971649239e+00	4.752201179418335392e-02	1.496567444249318757e-01	-1.872017342411366400e-02	5.254635136456606119e-03	3.291755941703865762e+00
2.223728643216080414e+01	1.769877162143173921e+00	1.690706837319308764e-01	1.142133413887148841e+00	4.602146222414770643e-02	1.458286383657132479e-01	-2.112360253847812841e-02	-7.912538329627610573e-04	3.251016503980673544e+00
2.236286432160803983e+01	1.767556139169579987e+00	1.635952033908411318e-01	1.123315223806420793e+00	4.454888753348093533e-02	1.421214822737718042e-01	-2.331694885268670303e-02	-7.301092959609062696e-03	3.210518894361799269e+00
2.248844221105527552e+01	1.765226918143201207e+00	1.582277898552746642e-01	1.104741528825846864e+00	4.310888866265418645e-02	1.385537862471862003e-01	-2.524353603281683997e-02	-1.403215257996549663e-02	3.170583223121381078e+00
2.261402010050251121e+01	1.762889566924343177e+00	1.529674899086944651e-01	1.086410751654864226e+00	4.170566873388943663e-02	1.351416659606815840e-01	-2.685225014719566303e-02	-2.067653131807042563e-02	3.131586361717207279e+00
2.273959798994974690e+01	1.760544153408440948e+00	1.478133345055517023e-01	1.068321277019738780e+00	4.034300745115072806e-02	1.318986341739265267e-01	-2.809957155910363866e-02	-2.687022510400457684e-02	3.093950609895700143e+00
2.286517587939698259e+01	1.758190745522112408e+00	1.427643394698664969e-01	1.050471453049933279e+00	3.902424217336534357e-02	1.288354489927290014e-01	-2.895147089130475915e-02	-3.221238854832771115e-02	3.058122369768373705e+00
2.299075376884421829e+01	1.755829411219232306e+00	1.378195061843354163e-01	1.032859592647274338e+00	3.775225593037293687e-02	1.259600230204092619e-01	-2.938506071556590965e-02	-3.629508531064514626e-02	3.024540642975413363e+00
2.311633165829145398e+01	1.753460218477023602e+00	1.329778222699939394e-01	1.015483974838119252e+00	3.652947249003683783e-02	1.232773958598918224e-01	-2.938989260865378095e-02	-3.874197662691728633e-02	2.993597014699493908e+00
2.324190954773869322e+01	1.751083235292167251e+00	1.282382622564616770e-01	9.983428461087173744e-01	3.535785842088157854e-02	1.207897706396318799e-01	-2.896879616574863855e-02	-3.925222370844869135e-02	2.965590952843662809e+00
2.336748743718592891e+01	1.748698529676930624e+00	1.235997882428045425e-01	9.814344217239568957e-01	3.423893193201509727e-02	1.184966133975899061e-01	-2.813817373385920501e-02	-3.764378343943488442e-02	2.940686327800003053e+00
2.349306532663316460e+01	1.746306169655316820e+00	1.190613505490442231e-01	9.647568870296659993e-01	3.317377811543495425e-02	1.163948123301761089e-01	-2.692769211437311475e-02	-3.388884684142399323e-02	2.918876458723841161e+00
2.361864321608040029e+01	1.743906223259230837e+00	1.146218883583502712e-01	9.483083987386418112e-01	3.216307006945329922e-02	1.144788921617131694e-01	-2.537934894031886740e-02	-2.813404840350753472e-02	2.899965075243562840e+00
2.374422110552763598e+01	1.741498758524667734e+00	1.102803303499463317e-01	9.320870862005565805e-01	3.120709524996156600e-02	1.127412772772888733e-01	-2.354593402937244992e-02	-2.069971066095287540e-02	2.883568902912095666e+00
2.386979899497487168e+01	1.739083843487919445e+00	1.060355953227664488e-01	9.160910526558859734e-01	3.030578628225047075e-02	1.111725958463954528e-01	-2.148895066058951336e-02	-1.205576458719785291e-02	2.869144158347431084e+00
2.399537688442210737e+01	1.736661546181803129e+00	1.018865928098914436e-01	9.003183764739849382e-01	2.945875537322601920e-02	1.097620159980498694e-01	-1.927610358307918145e-02	-2.776467011819549156e-03	2.856034716242057403e+00
2.412095477386934661e+01	1.734231934631909722e+00	9.783222368379798639e-02	8.847671123754233813e-01	2.866533139461008642e-02	1.084976042324408835e-01	-1.697849476256324194e-02	6.519527437652721143e-03	2.843535238993271541e+00
2.424653266331658230e+01	1.731795076852871373e+00	9.387138075245109181e-02	8.694352926386867964e-01	2.792459866386547140e-02	1.073666957006041145e-01	-1.466769028236863080e-02	1.523407886623811928e-02	2.830959433192348218e+00
2.437211055276381799e+01	1.729351040844654408e+00	9.000294934626684729e-02	8.543209282913161173e-01	2.723543643215335999e-02	1.063562657705958009e-01	-1.241282976466649875e-02	2.284895866913504506e-02	2.817702749589454658e+00
2.449768844221105368e+01	1.726899894588868500e+00	8.622580789597371342e-02	8.394220102855627363e-01	2.659655809783368491e-02	1.054532924310842557e-01	-1.027794239602266430e-02	2.897085165905217280e-02	2.803290472562351976e+00
2.462326633165828937e+01	1.724441706045102718e+00	8.253882850139569738e-02	8.247365106586080907e-01	2.600654919927420511e-02	1.046450995525806810e-01	-8.319612369964307988e-03	3.335657060244140437e-02	2.787405652189438143e+00
2.474884422110552507e+01	1.721976543147278882e+00	7.894087749117977004e-02	8.102623836773831245e-01	2.546390330069188759e-02	1.039196718110093898e-01	-6.585104290485606533e-03	3.591732286348631176e-02	2.769895598000543746e+00
2.487442211055276076e+01	1.719504473800029354e+00	7.543081597348831602e-02	7.959975669680116050e-01	2.496705496733803500e-02	1.032659331443631368e-01	-5.111019997931072478e-03	3.670467501475804112e-02	2.750759499870057301e+00
2.500000000000000000e+01	1.717025565875097248e+00	7.200750037767293665e-02	7.819399826298816247e-01	2.451440912884198312e-02	1.026739819169830287e-01	-3.922517033035153103e-03	3.588341456671676616e-02	2.730122337462158377e+00
