# q (inverse Angstrom) 1s2 2s2 2p6 3s2 3p6 3d10 4s2 4p5 total
1.000000000000000021e-02	1.992775931300351688e+00	1.997109003026495078e+00	5.994166639928409701e+00	1.996968063836394247e+00	5.994043640152939112e+00	9.991083826746832486e+00	1.998379161620751576e+00	4.995424820793290976e+00	3.495995108740546442e+01
1.355778894472361717e-01	1.992772084070400629e+00	1.997040834025038514e+00	5.994007807351946937e+00	1.996407066950677933e+00	5.992285875491203839e+00	9.987802128944167634e+00	1.992954251576276592e+00	4.974999160877498383e+00	3.492826920928720824e+01
2.611557788944723346e-01	1.992761564618674264e+00	1.996855062404294889e+00	5.993574954889578699e+00	1.994878977219815441e+00	5.987498201034294532e+00	9.978865761357395670e+00	1.978244137955837312e+00	4.919790751320886280e+00	3.484246941080077420e+01
3.867336683417085252e-01	1.992744385285064812e+00	1.996551725398207466e+00	5.992868163059118736e+00	1.992385905509192146e+00	5.979687978047228292e+00	9.964294239834906364e+00	1.954452627062497783e+00	4.831046793039740272e+00	3.470403181723595765e+01
5.123115577889446604e-01	1.992720546579444862e+00	1.996130879494620647e+00	5.991887550494431558e+00	1.988931291720563932e+00	5.968867199878074459e+00	9.944119321583075433e+00	1.921906594443732796e+00	4.710740236698192085e+00	3.451530362089213355e+01
6.378894472361807955e-01	1.992690048930105817e+00	1.995592602989610942e+00	5.990633281577503411e+00	1.984519897215709427e+00	5.955052459882671734e+00	9.918384854930756944e+00	1.881047665061457153e+00	4.561482931663558560e+00	3.427940374225137532e+01
7.634673366834170416e-01	1.992652892837624812e+00	1.994936995993719542e+00	5.989105566482289866e+00	1.979157793189215919e+00	5.938264903827491281e+00	9.887146567875008785e+00	1.832421165407462249e+00	4.386414534942471910e+00	3.400010042055528459e+01
8.890452261306531767e-01	1.992609078898315955e+00	1.994164180401965858e+00	5.987304661117621940e+00	1.972852345859530399e+00	5.918530169352151482e+00	9.850471800767877539e+00	1.776662794351478336e+00	4.189075055102643219e+00	3.368167008585158584e+01
1.014623115577889312e+00	1.992558607810246851e+00	1.993274299852412224e+00	5.985230867042999670e+00	1.965612198543777556e+00	5.895878312799195164e+00	9.808439185514357561e+00	1.714483534615953042e+00	3.973269512632357170e+00	3.332874651881130035e+01
1.140201005025125447e+00	1.992501480375263645e+00	1.992267519676248266e+00	5.982884531366118530e+00	1.957447250686539686e+00	5.870343723756199061e+00	9.761138274061270437e+00	1.646653371825676837e+00	3.742932985576407745e+00	3.294616913732372865e+01
1.265778894472361582e+00	1.992437697499790383e+00	1.991144026840036219e+00	5.980266046623972542e+00	1.948368633923487581e+00	5.841965027708619473e+00	9.708669119354684796e+00	1.573984401959550139e+00	3.502003389449598547e+00	3.253883834335974257e+01
1.391356783919597717e+00	1.992367260195174739e+00	1.989904029880309899e+00	5.977375850648131816e+00	1.938388685271610790e+00	5.810784977254146888e+00	9.651141812300116030e+00	1.497313892191436624e+00	3.254307899621178723e+00	3.211158440736210906e+01
1.516934673366834074e+00	1.992290169577844328e+00	1.988547758830633283e+00	5.974214426414434342e+00	1.927520917548239066e+00	5.776850332378901776e+00	9.588675978568744540e+00	1.417487818035305880e+00	3.003467184675577162e+00	3.166905458602968082e+01
1.642512562814070209e+00	1.992206426869367553e+00	1.987075465141172614e+00	5.970782301877241238e+00	1.915779987130961981e+00	5.740211730341974850e+00	9.521400239351091699e+00	1.335345336443304110e+00	2.752819801657616861e+00	3.121562128881273068e+01
1.768090452261306345e+00	1.992116033396468699e+00	1.985487421590846013e+00	5.967080049788396678e+00	1.903181659179833174e+00	5.700923545757378363e+00	9.449451640364488370e+00	1.251704576043831452e+00	2.505367399223703107e+00	3.075531232534494563e+01
1.893668341708542480e+00	1.992018990591015504e+00	1.983783922192095872e+00	5.963108287500990201e+00	1.889742770451878107e+00	5.659043741500984659e+00	9.372975053571378723e+00	1.167350038399831424e+00	2.263739924622498734e+00	3.029176272883067611e+01
2.019246231155778393e+00	1.991915299989990062e+00	1.981965282088353986e+00	5.958867676758071497e+00	1.875481189845837449e+00	5.614633711104489500e+00	9.292122556161755753e+00	1.083021814142954842e+00	2.030178921693873928e+00	2.982818645178533146e+01
2.144824120603014528e+00	1.991804963235444204e+00	1.980031837444242271e+00	5.954358923466418041e+00	1.860415776822252454e+00	5.567758113328457270e+00	9.207052791395742730e+00	9.994067305284178859e-01	1.806536273007996130e+00	2.936736540922897021e+01
2.270402010050250663e+00	1.991687982074452190e+00	1.977983945328589677e+00	5.949582777455503013e+00	1.844566337850391369e+00	5.518484699632169921e+00	9.117930315893131521e+00	9.171314667534524734e-01	1.594285368277237103e+00	2.891165289326493237e+01
2.395979899497486798e+00	1.991564358359050546e+00	1.975821983590317688e+00	5.944540032221808268e+00	1.827953581039116981e+00	5.466884135278964330e+00	9.024924937898186172e+00	8.367576034598591672e-01	1.394541628243017417e+00	2.846298826009032013e+01
2.521557788944722933e+00	1.991434094046176773e+00	1.973546350727274801e+00	5.939231524658626249e+00	1.810599069113565163e+00	5.413029814832277076e+00	8.928211050943478000e+00	7.587785151029219355e-01	1.208089512047380909e+00	2.802291993147169791e+01
2.647135678391959068e+00	1.991297191197601180e+00	1.971157465748092141e+00	5.933658134771505388e+00	1.792525170903451093e+00	5.356997672809291622e+00	8.827966967189656344e+00	6.836179690396971820e-01	1.035413510220637878e+00	2.759263408187993605e+01
2.772713567839195203e+00	1.991153651979851613e+00	1.968655768027131936e+00	5.927820785379512181e+00	1.773755011511922941e+00	5.298865990266419246e+00	8.724374254533332262e+00	6.116302629965141291e-01	8.767310977642411851e-01	2.717298682245892394e+01
2.898291457286431339e+00	1.991003478664138404e+00	1.966041717152622548e+00	5.921720441802484913e+00	1.754312421336135408e+00	5.238715198093368386e+00	8.617617081357513698e+00	5.431017119888520428e-01	7.320261220401365065e-01	2.676453817243525535e+01
3.023869346733667918e+00	1.990846673626271324e+00	1.963315792768055568e+00	5.915358111534442465e+00	1.734221884112146395e+00	5.176627677790866855e+00	8.507881572552797422e+00	4.782532852626283915e-01	6.010815701142694367e-01	2.636758656776147802e+01
3.149447236180904053e+00	1.990683239346573652e+00	1.960478494406940220e+00	5.908734843903363121e+00	1.713508484157317380e+00	5.112687560500922324e+00	8.395355180168520448e+00	4.172441916369604709e-01	4.835110573876607587e-01	2.598220305150825737e+01
3.275025125628140188e+00	1.990513178409792250e+00	1.957530341321004119e+00	5.901851729717503936e+00	1.692197852983188033e+00	5.046980525048288868e+00	8.280226071765856233e+00	3.601762159574026234e-01	3.787886788576282915e-01	2.560826459406066391e+01
3.400603015075376323e+00	1.990336493505004078e+00	1.954471872301938973e+00	5.894709900898477350e+00	1.670316115450756866e+00	4.979593595737522804e+00	8.162682539244796587e+00	3.070986185488444598e-01	2.862770588390978754e-01	2.524548619452643905e+01
3.526180904522612458e+00	1.990153187425516945e+00	1.951303645496789807e+00	5.887310530101303563e+00	1.647889835638328027e+00	4.910614940632073377e+00	8.042912430608774699e+00	2.580134221535375083e-01	2.052535329515260687e-01	2.489345152500785119e+01
3.651758793969848593e+00	1.989963263068771138e+00	1.948026238217091644e+00	5.879654830321618064e+00	1.624945962589527726e+00	4.840133671020290684e+00	7.921102606818980263e+00	2.128809256923709925e-01	1.349344185876769353e-01	2.455164191631632775e+01
3.777336683417084728e+00	1.989766723436228402e+00	1.944640246741855760e+00	5.871744054490313225e+00	1.601511776105856599e+00	4.768239642748501872e+00	7.797438425579385601e+00	1.716253004090594614e-01	7.449730552215003132e-02	2.421946347503335062e+01
3.902914572864320863e+00	1.989563571633267136e+00	1.941146286114520780e+00	5.863579495055798674e+00	1.577614832744228091e+00	4.695023260073525329e+00	7.672103253587131633e+00	1.341401408955608388e-01	2.310125748564078804e-02	2.389627209758967297e+01
4.028492462311556999e+00	1.989353810869067152e+00	1.937544989933975836e+00	5.855162483554126496e+00	1.553282912175373953e+00	4.620575282656539606e+00	7.545278008484386234e+00	1.002938606828933099e-01	-2.009521427011688038e-02	2.358139613408624768e+01
4.154070351758793578e+00	1.989137444456493764e+00	1.933837010139772827e+00	5.846494390167245037e+00	1.528543964053858284e+00	4.544986636287339898e+00	7.417140731460293956e+00	6.993483916989817750e-02	-5.591854381698264237e-02	2.327415647191791948e+01
4.279648241206029269e+00	1.988914475811973892e+00	1.930023016791645007e+00	5.837576623269599807e+00	1.503426055544750506e+00	4.468348227893038427e+00	7.287866191177500674e+00	4.289624338609889648e-02	-8.516696878522166114e-02	2.297388386508938751e+01
4.405226130653265848e+00	1.988684908455375711e+00	1.926103697843452700e+00	5.828410628963356821e+00	1.477957319645800238e+00	4.390750765348521156e+00	7.157625519438976625e+00	1.900046422156375162e-02	-1.085998779100787043e-01	2.267993342600696849e+01
4.530804020100501539e+00	1.988448746009877199e+00	1.922079758911680258e+00	5.818997890602486400e+00	1.452165904437326516e+00	4.312284582567643909e+00	7.026585878769158633e+00	-1.936877885027177022e-03	-1.269295745415697230e-01	2.239169630887157680e+01
4.656381909547738118e+00	1.988205992201834693e+00	1.917951923038607509e+00	5.809339928306004097e+00	1.426079923384977466e+00	4.233039470314768238e+00	6.894910161859658437e+00	-2.010338839039232592e-02	-1.408152834608061565e-01	2.210860872725465143e+01
4.781959798994973809e+00	1.987956650860648988e+00	1.913720930450288016e+00	5.799438298460595220e+00	1.399727406813131569e+00	4.153104513135862597e+00	6.762756722624864381e+00	-3.568683245679749733e-02	-1.508591489991931156e-01	2.183015854088939989e+01
4.907537688442210388e+00	1.987700725918622124e+00	1.909387538309458732e+00	5.789294593212933826e+00	1.373136254659005351e+00	4.072567932767461762e+00	6.630279138426831587e+00	-4.887255214292623301e-02	-1.576039314485866982e-01	2.155588969970280289e+01
5.033115577889446079e+00	1.987438221410817496e+00	1.904952520463519816e+00	5.778910439951953748e+00	1.346334190609614234e+00	3.991516938340606391e+00	6.497626002862041616e+00	-5.984136092998149775e-02	-1.615321159872674106e-01	2.128540483672130179e+01
5.158693467336682659e+00	1.987169141474910639e+00	1.900416667187716069e+00	5.768287500781359434e+00	1.319348717715576047e+00	3.910037583655547877e+00	6.364940748354429800e+00	-6.876789961473735169e-02	-1.630662021523324179e-01	2.101836625740246944e+01
5.284271356783918350e+00	1.986893490351040015e+00	1.895780784923655427e+00	5.757427471982666134e+00	1.292207075567491703e+00	3.828214631762058229e+00	6.232361497669255179e+00	-7.581942876681727062e-02	-1.625700285146984558e-01	2.075449549497465185e+01
5.409849246231154929e+00	1.986611272381652471e+00	1.891045696013308186e+00	5.746332083469056329e+00	1.264936199112246751e+00	3.746131427039575357e+00	6.100020943349784730e+00	-8.115502515236625025e-02	-1.603510833314751305e-01	2.049357151288178613e+01
5.535427135678390620e+00	1.986322492011343366e+00	1.886212238428622401e+00	5.735003098230338381e+00	1.237562679178169534e+00	3.663869774931635348e+00	5.968046253983001925e+00	-8.492514275035242810e-02	-1.566638298211092961e-01	2.023542756419164945e+01
5.661005025125627199e+00	1.986027153786697808e+00	1.881281265496899335e+00	5.723442311769330715e+00	1.210112724769562664e+00	3.581509829450093996e+00	5.836559006120041637e+00	-8.727149326374766813e-02	-1.517141089930800213e-01	1.997994668913579730e+01
5.786582914572862890e+00	1.985725262356123899e+00	1.876253645622074195e+00	5.711651551529934423e+00	1.182612127182740336e+00	3.499129988526888280e+00	5.705675140611360163e+00	-8.832719645302863909e-02	-1.456646576531440973e-01	1.972705586172294900e+01
5.912160804020099469e+00	1.985416822469682874e+00	1.871130262002043798e+00	5.699632676317230917e+00	1.155086225987439708e+00	3.416806797254597683e+00	5.575504942064047675e+00	-8.821714735009933417e-02	-1.386416928406321858e-01	1.947671888590430811e+01
6.037738693467336049e+00	1.985101838978919009e+00	1.865912012342192616e+00	5.687387575709885290e+00	1.127559876909288272e+00	3.334614859022050126e+00	5.446153040088701935e+00	-8.705854563844121763e-02	-1.307423815823853253e-01	1.922892827583021003e+01
6.163316582914571740e+00	1.984780316836680658e+00	1.860599808565259528e+00	5.674918169465183126e+00	1.100057421641044808e+00	3.252626754517819574e+00	5.317718430974267996e+00	-8.496153239853193595e-02	-1.220428657244786302e-01	1.898369650387724761e+01
6.288894472361808319e+00	1.984452261096942616e+00	1.855194576517696259e+00	5.662226406916988530e+00	1.072602659602521991e+00	3.170912968542775712e+00	5.190294518410654590e+00	-8.202988115581583140e-02	-1.126063827450036470e-01	1.874104712718676069e+01
6.414472361809044010e+00	1.984117676914621153e+00	1.849697255672670071e+00	5.649314266366968873e+00	1.045218821661554776e+00	3.089541824543021953e+00	5.063969171869501906e+00	-7.836169377851892603e-02	-1.024909503369370589e-01	1.850100637291288308e+01
6.540050251256280589e+00	1.983776569545389723e+00	1.844108798829857676e+00	5.636183754469348273e+00	1.017928545821068509e+00	3.008579426746614605e+00	4.938824801252388319e+00	-7.405005717665570641e-02	-9.175608932838978660e-02	1.826359575015962022e+01
6.665628140703516280e+00	1.983428944345484890e+00	1.838430171812179603e+00	5.622836905609566394e+00	9.907538548703190839e-01	2.928089609761555856e+00	4.814938446422321050e+00	-6.918362373712813596e-02	-8.046815157633377402e-02	1.802882615750796447e+01
6.791206030150752859e+00	1.983074806771514487e+00	1.832662353159636437e+00	5.609275781277101025e+00	9.637161359916650571e-01	2.848133895468644816e+00	4.692381880247612713e+00	-6.384708665181883236e-02	-6.870398091701489240e-02	1.779669378534734037e+01
6.916783919597988550e+00	1.982714162380259992e+00	1.826806333820389927e+00	5.595502469432815928e+00	9.368361223078873756e-01	2.768771457020987370e+00	4.571221723806734083e+00	-5.812153031990754254e-02	-5.655283238061718093e-02	1.756717790606854734e+01
7.042361809045225129e+00	1.982347016828475583e+00	1.820863116839244178e+00	5.581519083871115505e+00	9.101338763490650630e-01	2.690059089742220522e+00	4.451519572427679705e+00	-5.208464534690638442e-02	-4.411666513283379887e-02	1.734024044557806121e+01
7.167939698492460820e+00	1.981973375872681853e+00	1.814833717043687678e+00	5.567327763577253563e+00	8.836287754123733906e-01	2.612051188697947168e+00	4.333332131265478004e+00	-4.581080683752534327e-02	-3.150906844572502752e-02	1.711582707658617153e+01
7.293517587939697400e+00	1.981593245368960199e+00	1.808719160727636055e+00	5.552930672080093721e+00	8.573394987829103808e-01	2.534799732699299923e+00	4.216711359155937977e+00	-3.937102325128325614e-02	-1.885315197093028958e-02	1.689386949359262502e+01
7.419095477386933091e+00	1.981206631272738772e+00	1.802520485333044098e+00	5.538329996800647415e+00	8.312840167787896029e-01	2.458354274484158442e+00	4.101704619522423378e+00	-3.283277070218668797e-02	-6.278727112310597026e-03	1.667428852637730685e+01
7.544673366834169670e+00	1.980813539638580201e+00	1.796238739129530915e+00	5.523527948396711018e+00	8.054795815792432645e-01	2.382761936810076531e+00	3.988354837154755028e+00	-2.625973397356890296e-02	6.080958026410248143e-03	1.645699780676173773e+01
7.670251256281405361e+00	1.980413976619959104e+00	1.789874980892173228e+00	5.508526760103906739e+00	7.799427197904126308e-01	2.308067414183600174e+00	3.876700659725028864e+00	-1.971148051225648720e-02	1.809276019073084718e-02	1.624190779099355453e+01
7.795829145728641940e+00	1.980007948469045598e+00	1.783430279577625566e+00	5.493328687073455008e+00	7.546892266997905496e-01	2.234312979943090305e+00	3.766776622953655007e+00	-1.324309716022899729e-02	2.962737366210490067e-02	1.602893002121853527e+01
7.921407035175877631e+00	1.979595461536473699e+00	1.776905713998713665e+00	5.477936005706989242e+00	7.297341621670162537e-01	2.161538498406588626e+00	3.658613318390256719e+00	-6.904821323033690297e-03	4.056321571183279379e-02	1.581798155459483901e+01
8.046984924623114210e+00	1.979176522271118621e+00	1.770302372497656762e+00	5.462351012988729160e+00	7.050918480957958367e-01	2.089781441792376793e+00	3.552237562827400996e+00	-7.416986369606180926e-04	5.079042123790100671e-02	1.560898948307401746e+01
8.172562814070349901e+00	1.978751137219859846e+00	1.763621352618074622e+00	5.446576025815316413e+00	6.807758674292254675e-01	2.019076911617771142e+00	3.447672568420633521e+00	5.206702026364463248e-03	6.021484915172473085e-02	1.540189541429897346e+01
8.298140703517587369e+00	1.978319313027347537e+00	1.756863760775921213e+00	5.430613380323642048e+00	6.567990646086420137e-01	1.949457664281139424e+00	3.344938112645135408e+00	1.090648817619803770e-02	6.876191989943053473e-02	1.519665970373745445e+01
8.423718592964823060e+00	1.977881056435764062e+00	1.750030711929507321e+00	5.414465431216952673e+00	6.331735474343674897e-01	1.880954140533193319e+00	3.244050707277636558e+00	1.632953422072220065e-02	7.638001923662603165e-02	1.499326514828477031e+01
8.549296482412058751e+00	1.977436374284581078e+00	1.743123329248754683e+00	5.398134551089562194e+00	6.099106902652859930e-01	1.813594498546003297e+00	3.145023765651187464e+00	2.145344491140552257e-02	8.304314658733620569e-02	1.479171980058411506e+01
8.674874371859294442e+00	1.976985273510313501e+00	1.736142743783829934e+00	5.381623129750460421e+00	5.870211384931317555e-01	1.747404650291992878e+00	3.047867767490182622e+00	2.626138071642048280e-02	8.875247807033810610e-02	1.459205856210667029e+01
8.800452261306531909e+00	1.976527761146270157e+00	1.729090094133313604e+00	5.364933573546128542e+00	5.645148142266122049e-01	1.682408300950164470e+00	2.952590420692848827e+00	3.074174205616215724e-02	9.353656319440660505e-02	1.439434326994590663e+01
8.926030150753767600e+00	1.976063844322305085e+00	1.721966526112045148e+00	5.348068304682863428e+00	5.424009231200691561e-01	1.618626991062936060e+00	2.859196819488352137e+00	3.488771783374379487e-02	9.744997533237186038e-02	1.419866110195468778e+01
9.051608040201003291e+00	1.975593530264556419e+00	1.714773192418790781e+00	5.331029760548893215e+00	5.206879622812303765e-01	1.556080141174102538e+00	2.767689598455127520e+00	3.869671229357937725e-02	1.005703731660398115e-01	1.400512127060232004e+01
9.177185929648238982e+00	1.975116826295191030e+00	1.707511252303878901e+00	5.313820393036605694e+00	4.993837291927666344e-01	1.494785098686526759e+00	2.678069081946024443e+00	4.216967241514714415e-02	1.029940806491416588e-01	1.381385013452528199e+01
9.302763819095476450e+00	1.974633739832143187e+00	1.700181871236949860e+00	5.296442667865148834e+00	4.784953315827544795e-01	1.434757186686986374e+00	2.590333428523870829e+00	4.531034525340797009e-02	1.048304331029880077e-01	1.362498500408424995e+01
9.428341708542712141e+00	1.974144278388845875e+00	1.692786220574956202e+00	5.278899063903722322e+00	4.580291981798009227e-01	1.376009754495185700e+00	2.504478770068059301e+00	4.812450035870127762e-02	1.061952474447837996e-01	1.343866703341405788e+01
9.553919597989947832e+00	1.973648449573966124e+00	1.685325477230556368e+00	5.261192072495814109e+00	4.379910902894433855e-01	1.318554229704084202e+00	2.420499345268501301e+00	5.061915620893875367e-02	1.072038433792301265e-01	1.325503366415053463e+01
9.679497487437183523e+00	1.973146261091130116e+00	1.677800823341042191e+00	5.243324196784691971e+00	4.183861141295223129e-01	1.262400171489358014e+00	2.338387627277624059e+00	5.280185113986859968e-02	1.079640664962691482e-01	1.307421111174950568e+01
9.805075376884420990e+00	1.972637720738649847e+00	1.670213445937933860e+00	5.225297951040405842e+00	3.992187338634628491e-01	1.207555324976832933e+00	2.258134445343796592e+00	5.467999837756319648e-02	1.085697482510813161e-01	1.289630736852972781e+01
9.930653266331656681e+00	1.972122836409244906e+00	1.662564536617381572e+00	5.207115859988586060e+00	3.804927852718323344e-01	1.154025676468087180e+00	2.179729100300697109e+00	5.626036142344142954e-02	1.090949917412932513e-01	1.272140614822056470e+01
1.005623115577889237e+01	1.971601616089761144e+00	1.654855291211501322e+00	5.188780458141302177e+00	3.622114900040944718e-01	1.101815509335941412e+00	2.103159473836340165e+00	5.754868032730844907e-02	1.095896081614790019e-01	1.254956212710772689e+01
1.018180904522612984e+01	1.971074067860885348e+00	1.647086909460785398e+00	5.170294289130245247e+00	3.443774703541825355e-01	1.050927460413255909e+00	2.028412131512992822e+00	5.854947155713465662e-02	1.100759579422294632e-01	1.238079775823170969e+01
1.030738693467336553e+01	1.970540199896860356e+00	1.639260594687706352e+00	5.151659905042498266e+00	3.269927645053037901e-01	1.001362576710109975e+00	1.955472419554521002e+00	5.926601460548542449e-02	1.105473806705772055e-01	1.221510185567306195e+01
1.043296482412060122e+01	1.970000020465190183e+00	1.631377553471653252e+00	5.132879865759155891e+00	3.100588421912792159e-01	9.531203723061028033e-01	1.884324555461165618e+00	5.970052763289392800e-02	1.109683322279282347e-01	1.205243006951536877e+01
1.055854271356783691e+01	1.969453537926350251e+00	1.623438995325316325e+00	5.113956738297030569e+00	2.935766207236901737e-01	9.061988852760471946e-01	1.814951712552903773e+00	5.985452289150977601e-02	1.112762850357551514e-01	1.189270729802860593e+01
1.068412060301507438e+01	1.968900760733489186e+00	1.615446132372649002e+00	5.094893096153704448e+00	2.775464813361155358e-01	8.605947345186454323e-01	1.747336098581486974e+00	5.972932101561274909e-02	1.113853834944614207e-01	1.173583200820616490e+01
1.080969849246231007e+01	1.968341697432128168e+00	1.607400179028528164e+00	5.075691518656166856e+00	2.619682857988113733e-01	8.163031763688223252e-01	1.681459028587775073e+00	5.932669217264255335e-02	1.111917759452997756e-01	1.158168235399017654e+01
1.093527638190954576e+01	1.967776356659860504e+00	1.599302351680228940e+00	5.056354590313277164e+00	2.468413932592612159e-01	7.733181608851363853e-01	1.617300992214934396e+00	5.864958222843905805e-02	1.105804619731028671e-01	1.143012388921424005e+01
1.106085427135678145e+01	1.967204747146042321e+00	1.591153868370834168e+00	5.036884900172270640e+00	2.321646772661402902e-01	7.316323877141064358e-01	1.554841715719356809e+00	5.770287418225091697e-02	1.094333976990952972e-01	1.128101856827010074e+01
1.118643216080401892e+01	1.966626877711487031e+00	1.582955948484688680e+00	5.017285041179555982e+00	2.179365429363181172e-01	6.912373614432419933e-01	1.494060218949492258e+00	5.649412982506855224e-02	1.076384943252092635e-01	1.113423461485506216e+01
1.131201005025125461e+01	1.966042757268151142e+00	1.574709812435017398e+00	4.997557609546020352e+00	2.041549442266235859e-01	6.521234463640984691e-01	1.434934867588089080e+00	5.503425444512937553e-02	1.050990339210035041e-01	1.098965672579413244e+01
1.143758793969849030e+01	1.965452394818822057e+00	1.566416681353807627e+00	4.977705204117042648e+00	1.908174012741504499e-01	6.142799205757005776e-01	1.377443420975314359e+00	5.333802889264019353e-02	1.017429231197957279e-01	1.084719597512727418e+01
1.156316582914572599e+01	1.964855799456797669e+00	1.558077776784072555e+00	4.957730425747452152e+00	1.779210177709154017e-01	5.776950293671860859e-01	1.321563075848780633e+00	5.142445867955882516e-02	9.753112503119042154e-02	1.070679870868595529e+01
1.168874371859296346e+01	1.964252980365567502e+00	1.549694320374591650e+00	4.937635876681619962e+00	1.654624983406658145e-01	5.423560378264814519e-01	1.267270506351343418e+00	4.931689904304060318e-02	9.246456852228743251e-02	1.056845368750559544e+01
1.181432160804019915e+01	1.963643946818488528e+00	1.541267533577237669e+00	4.917424159938894590e+00	1.534381658875710874e-01	5.082492826292188681e-01	1.214541900668584695e+00	4.704292776484618466e-02	8.658884718437946659e-02	1.043219676446922151e+01
1.193989949748743484e+01	1.963028708178459425e+00	1.532798637346984627e+00	4.897097878704574470e+00	1.418439788884104935e-01	4.753602229689276593e-01	1.163352994664951678e+00	4.463395341556402468e-02	7.999609935492131563e-02	1.029811247352279402e+01
1.206547738693467231e+01	1.962407273897591509e+00	1.524288851844695758e+00	4.876659635726596775e+00	1.306755486016930035e-01	4.436734905957882003e-01	1.113679102890555495e+00	4.212456466248686027e-02	7.282361128965107733e-02	1.016633207950905948e+01
1.219105527638190800e+01	1.961779653516875221e+00	1.515739396142787632e+00	4.856112032718160165e+00	1.199281561688913117e-01	4.131729389368941074e-01	1.065495147329523995e+00	3.955164513545088301e-02	6.524890613400739781e-02	1.003702787608259150e+01
1.231663316582914369e+01	1.961145856665848175e+00	1.507151487933858114e+00	4.835457669766409339e+00	1.095967695846517681e-01	3.838416912760586053e-01	1.018775684255593061e+00	3.695329665988587864e-02	5.748136101110255108e-02	9.910403817153408568e+00
1.244221105527637938e+01	1.960505893062254090e+00	1.498526343242370551e+00	4.814699144747400794e+00	9.967606051445526694e-02	3.556621879757383975e-01	9.734949295514299106e-01	3.436762990342316637e-02	4.975071329492435773e-02	9.786682902291996555e+00
1.256778894472361685e+01	1.959859772511705289e+00	1.489865176139480107e+00	4.793839052747498997e+00	9.016042093973022920e-02	3.286162327276155870e-01	9.296267828350259776e-01	3.183149412950440210e-02	4.229314621243519812e-02	9.666092078242995100e+00
1.269336683417085254e+01	1.959207504907338082e+00	1.481169198461085523e+00	4.772879985491355725e+00	8.104397961187699562e-02	3.026850378218229887e-01	8.871448507197001732e-01	2.937922547567290224e-02	3.533594766663039621e-02	9.548845730155480993e+00
1.281894472361808823e+01	1.958549100229468154e+00	1.472439619529186672e+00	4.751824530776645794e+00	7.232061829804396769e-02	2.778492684277409919e-01	8.460224695140011741e-01	2.704149497730908708e-02	2.908197530411368512e-02	9.435129077056508606e+00
1.294452261306532392e+01	1.957884568545240400e+00	1.463677645876626521e+00	4.730675271915704805e+00	6.398398780279980491e-02	2.540890858817484443e-01	8.062327276444680724e-01	2.484433291291575710e-02	2.369529709202599851e-02	9.325082917671529970e+00
1.307010050251256139e+01	1.957213920008278984e+00	1.454884480975296102e+00	4.709434787184203941e+00	5.602752375107619698e-02	2.313841899793115109e-01	7.677484880581193494e-01	2.280839499910395848e-02	1.928937853455681486e-02	9.218791163489946427e+00
1.319567839195979708e+01	1.956537164858332734e+00	1.446061324967868877e+00	4.688105649277016340e+00	4.844446211891461490e-02	2.097138602703879084e-01	7.305424108331869393e-01	2.094851917197926988e-02	1.591903665050613259e-02	9.116272428148192830e+00
1.332125628140703277e+01	1.955854313420920088e+00	1.437209374403142448e+00	4.666690424771394952e+00	4.122785449963786014e-02	1.890569963583219604e-01	6.945869761963882061e-01	1.927360040952091902e-02	1.357707697122514066e-02	9.017476617030551367e+00
1.344683417085426846e+01	1.955165376106968278e+00	1.428329821975048208e+00	4.645191673597602211e+00	3.437058309409176532e-02	1.693921572032745515e-01	6.598545081134512547e-01	1.778678702984605106e-02	1.219609512745386398e-02	8.922287002247735188e+00
1.357241206030150593e+01	1.954470363412452061e+00	1.419423856265397577e+00	4.623611948517099002e+00	2.786537541455637659e-02	1.506975994317770184e-01	6.263171985871353042e-01	1.648597723855747821e-02	1.165540319089151781e-02	8.830527722057865958e+00
1.369798994974874162e+01	1.953769285918030452e+00	1.410492661490425403e+00	4.601953794608431458e+00	2.170481869283011345e-02	1.329513146542972146e-01	5.939471327641341336e-01	1.536457162540319325e-02	1.179249484329701614e-02	8.741976074596847113e+00
1.382356783919597731e+01	1.953062154288678132e+00	1.401537417251190520e+00	4.580219748760896437e+00	1.588137398382717322e-02	1.161310657927575596e-01	5.627163149194260860e-01	1.441241795818022121e-02	1.241796415663603062e-02	8.656378457111591374e+00
1.394914572864321300e+01	1.952348979273318630e+00	1.392559298287887382e+00	4.558412339176117989e+00	1.038738995682445508e-02	1.002144224198327077e-01	5.325966953543685989e-01	1.361687079156993600e-02	1.333240975807808808e-02	8.573468405017997895e+00
1.407472361809045047e+01	1.951629771704449734e+00	1.383559474238126752e+00	4.536534084877620998e+00	5.215116367236284460e-03	8.517879511158917005e-02	5.035601982134377819e-01	1.296388137114527599e-02	1.434364456432768963e-02	8.492984966447933104e+00
1.420030150753768616e+01	1.950904542497771343e+00	1.374539109399232961e+00	4.514587495228504110e+00	3.567172024938244359e-04	7.100146881465189963e-02	4.755787501944158113e-01	1.243903366650328524e-02	1.528252153789357200e-02	8.414689638541466010e+00
1.432587939698492185e+01	1.950173302651807106e+00	1.365499362494604796e+00	4.492575069457283909e+00	-4.195716503730063246e-03	5.765963522865181351e-02	4.486243100983366983e-01	1.202844997393921408e-02	1.601587789025826422e-02	8.338380291291151991e+00
1.445145728643215932e+01	1.949436063247526940e+00	1.356441386444193320e+00	4.470499296192018690e+00	-8.450154194083563108e-03	4.513042420424623336e-02	4.226688991388883321e-01	1.171950353466860197e-02	1.645546319314629066e-02	8.263900881760605444e+00
1.457703517587939501e+01	1.948692835447963345e+00	1.347366328139129932e+00	4.448362653002767786e+00	-1.241461365142399256e-02	3.339093415653351937e-02	3.976846319064384905e-01	1.150129455475028782e-02	1.656219590988196322e-02	8.191146259466041357e+00
1.470261306532663070e+01	1.947943630497829037e+00	1.338275328220550175e+00	4.426167605952469941e+00	-1.609714920800084728e-02	2.241826149326491685e-02	3.736437478596436046e-01	1.136486798443115190e-02	1.634561898146613332e-02	8.120061911781654373e+00
1.482819095477386639e+01	1.947188459723130149e+00	1.329169520862650833e+00	4.403916609156308226e+00	-1.950584030335417857e-02	1.218952905689929013e-02	3.505186431978085659e-01	1.130317429275989015e-02	1.585892784574292544e-02	8.050639023831944741e+00
1.495376884422110386e+01	1.946427334530776543e+00	1.320050033560015157e+00	4.381612104349617454e+00	-2.264878039382816136e-02	2.681913579273969249e-03	3.282819029499186581e-01	1.131079614407801831e-02	1.519036312639428579e-02	7.982905667846246445e+00
1.507934673366833955e+01	1.945660266408193451e+00	1.310917986919237110e+00	4.359256520464394491e+00	-2.553406621608667049e-02	-6.127327852478070026e-03	3.069063331016558815e-01	1.138348246240009076e-02	1.445205291012236978e-02	7.916915248197438970e+00
1.520492462311557524e+01	1.944887266922924018e+00	1.301774494454876141e+00	4.336852273214462095e+00	-2.816978740652584592e-02	-1.426083232015563397e-02	2.863649925697764886e-01	1.151754538311884797e-02	1.376753587261032342e-02	7.852733488691085562e+00
1.533050251256281094e+01	1.944108347722238506e+00	1.292620662389769803e+00	4.314401764689337782e+00	-3.056401647799601717e-02	-2.174110659011458876e-02	2.666312248240381710e-01	1.170918409482025503e-02	1.325919804943355255e-02	7.790425258701526801e+00
1.545608040201004840e+01	1.943323520532732163e+00	1.283457589459729542e+00	4.291907382956838823e+00	-3.272479915477393558e-02	-2.859050362125127240e-02	2.476786889503960476e-01	1.195380220690603693e-02	1.303673217032999543e-02	7.730042413500906484e+00
1.558165829145728409e+01	1.942532797159927549e+00	1.274286366722638952e+00	4.269371501674471325e+00	-3.466014506626199226e-02	-3.483120006582733630e-02	2.294813899455528383e-01	1.224538224980859825e-02	1.318751062935393480e-02	7.671613603249664237e+00
1.570723618090451978e+01	1.941736189487872410e+00	1.265108077371979833e+00	4.246796479709626482e+00	-3.637801879943828448e-02	-4.048517476299005879e-02	2.120137080320342871e-01	1.257597292735742472e-02	1.376948851198286222e-02	7.615136722478424325e+00
1.583281407035175548e+01	1.940933709478733116e+00	1.255923796554798910e+00	4.224184660768614208e+00	-3.788633130963110079e-02	-4.557418822401407971e-02	1.952504267849091701e-01	1.293533287542534410e-02	1.480695880130858573e-02	7.560574365730144741e+00
1.595839195979899294e+01	1.940125369172392089e+00	1.246734591194133657e+00	4.201538373034559903e+00	-3.919293168875066791e-02	-5.011976310730419104e-02	1.791667598659704153e-01	1.331076025023399459e-02	1.628920067198233804e-02	7.507852359393218045e+00
1.608396984924623041e+01	1.939311180686033476e+00	1.237541519815905655e+00	4.178859928814180336e+00	-4.030559928967842459e-02	-5.414316568005131391e-02	1.637383761686944383e-01	1.368712186937294864e-02	1.817181909814514357e-02	7.456861181482603129e+00
1.620954773869346610e+01	1.938491156213738131e+00	1.228345632380299701e+00	4.156151624193442196e+00	-4.123203620508367195e-02	-5.766538826211954627e-02	1.489414231875524353e-01	1.404708019870919145e-02	2.038038664326887947e-02	7.407459878349808235e+00
1.633512562814070179e+01	1.937665308026066846e+00	1.219147970117628210e+00	4.133415738702129083e+00	-4.197986009852299610e-02	-6.070713264630343831e-02	1.347525484382012251e-01	1.437150238952490666e-02	2.281587429563785435e-02	7.359481949224362829e+00
1.646070351758793748e+01	1.936833648469646452e+00	1.209949565368692026e+00	4.110654534987306263e+00	-4.255659738526476610e-02	-6.328879448752319781e-02	1.211489187706893539e-01	1.464002374324944317e-02	2.536129766359292159e-02	7.312742597130387878e+00
1.658628140703517673e+01	1.935996189966753711e+00	1.200751441429641408e+00	4.087870258495692966e+00	-4.296967675988441066e-02	-6.543044865185708436e-02	1.081082374359394749e-01	1.483172904333358855e-02	2.788900139595694092e-02	7.267046732355576744e+00
1.671185929648241242e+01	1.935152945014895653e+00	1.191554612401338087e+00	4.065065137164936893e+00	-4.322642306728884110e-02	-6.715183551456002653e-02	9.560875878630498148e-02	1.492590947005234016e-02	3.026804739368286340e-02	7.222197151649362823e+00
1.683743718592964811e+01	1.934303926186387690e+00	1.182360083043214161e+00	4.042241381123773181e+00	-4.333405151345644940e-02	-6.847234819441569420e-02	8.362930051372718943e-02	1.490285034753715231e-02	3.237124770033649596e-02	7.178002389207104095e+00
1.696301507537688380e+01	1.933449146127933060e+00	1.173168848631632954e+00	4.019401182401066919e+00	-4.329966221182193070e-02	-6.941102070992995199e-02	7.214925335378122306e-02	1.474460556702160592e-02	3.408147679411584891e-02	7.134283829953799838e+00
1.708859296482411949e+01	1.932588617560195843e+00	1.163981894822741170e+00	3.996546714643721909e+00	-4.313023506089621456e-02	-6.998651704104032201e-02	6.114858821033886810e-02	1.443571780594563037e-02	3.529699746169562280e-02	7.090881778402701840e+00
1.721417085427135518e+01	1.931722353277375515e+00	1.154800197519807003e+00	3.973680132843428137e+00	-4.283262494839362722e-02	-7.021712107820533844e-02	5.060786068347404576e-02	1.396384911455105481e-02	3.593562925540871866e-02	7.047660276667445878e+00
1.733974874371859087e+01	1.930850366146777519e+00	1.145624722745037571e+00	3.950803573072227959e+00	-4.241355727684030519e-02	-7.012072743898070670e-02	4.050821301216038506e-02	1.332029349769149086e-02	3.593767197191707896e-02	7.004510555729991594e+00
1.746532663316582656e+01	1.929972669108383387e+00	1.136456426515862095e+00	3.927919152226880151e+00	-4.187962380536506407e-02	-6.971483313051525521e-02	3.083137347292700184e-02	1.250035118917518055e-02	3.526756564351527651e-02	6.961353081220862826e+00
1.759090452261306581e+01	1.929089275174418194e+00	1.127296254725671965e+00	3.905028967781978277e+00	-4.123727880212520874e-02	-6.901653003483708415e-02	2.155965330547696124e-02	1.150355282885136624e-02	3.391432354169100077e-02	6.918138218521126426e+00
1.771648241206030150e+01	1.928200197428916685e+00	1.118145143029000366e+00	3.882135097551804748e+00	-4.049283550159885059e-02	-6.804249819236926622e-02	1.267594126592286145e-02	1.033373018685456758e-02	3.189081837554232080e-02	6.874845594144072258e+00
1.784206030150753719e+01	1.927305449027286954e+00	1.109004016731127473e+00	3.859239599460859704e+00	-3.965246286078451948e-02	-6.680899985785844486e-02	4.163695937234175928e-03	8.998937979307630036e-03	2.923203802026866360e-02	6.831482274437441937e+00
1.796763819095477288e+01	1.926405043195873690e+00	1.099873790682090569e+00	3.836344511323051876e+00	-3.872218260818217905e-02	-6.533187430180434352e-02	-3.993064045670195218e-03	7.511238306817055212e-03	2.599245922009662743e-02	6.788079921772272485e+00
1.809321608040200857e+01	1.925498993231517408e+00	1.090755369175086864e+00	3.813451850629485662e+00	-3.770786657930225161e-02	-6.362653332961665242e-02	-1.180977167258451081e-02	5.886365025597506927e-03	2.224271776787672614e-02	6.744691124248061165e+00
1.821879396984924426e+01	1.924587312501114589e+00	1.081649645849236618e+00	3.790563614344805377e+00	-3.661523433234366992e-02	-6.170795749006388609e-02	-1.930132492871646996e-02	4.143289721428215430e-03	1.806578142607890430e-02	6.701385127091538330e+00
1.834437185929647995e+01	1.923670014441175358e+00	1.072557503596694328e+00	3.767681778712048679e+00	-3.544985103761525563e-02	-5.959069294416775159e-02	-2.648210163011486748e-02	2.303713777069143175e-03	1.355285471542636705e-02	6.658243219630516130e+00
1.846994974874371920e+01	1.922747112557377624e+00	1.063479814474077578e+00	3.744808299065942592e+00	-3.421712563423225800e-02	-5.728884896552949302e-02	-3.336597547583065176e-02	3.915122709192619607e-04	8.799258243225532503e-03	6.615354046535951049e+00
1.859552763819095489e+01	1.921818620424121660e+00	1.054417439618191343e+00	3.721945109654613670e+00	-3.292230924761521682e-02	-5.481609604316447365e-02	-3.996633305342195408e-02	-1.567844827486321313e-03	3.900524400003172344e-03	6.572809110925241782e+00
1.872110552763819058e+01	1.920884551684084007e+00	1.045371229166013993e+00	3.699094123469617745e+00	-3.157049386133552876e-02	-5.218566455827482187e-02	-4.629609152258797738e-02	-3.547870354247973680e-03	-1.051068192462456400e-03	6.530698715830806300e+00
1.884668341708542627e+01	1.919944920047764736e+00	1.036342022178927236e+00	3.676257232084254589e+00	-3.016661123690345461e-02	-4.941034400699762658e-02	-5.236771669374300914e-02	-5.521615555819108304e-03	-5.969338960729466716e-03	6.489108547856753617e+00
1.897226130653266196e+01	1.918999739293041795e+00	1.027330646571148698e+00	3.653436305500096903e+00	-2.871543207516932122e-02	-4.650248274203376553e-02	-5.819324121439790193e-02	-7.462186345722762043e-03	-1.077630441169276018e-02	6.448117044575269574e+00
1.909783919597989765e+01	1.918049023264713160e+00	1.018337919042342721e+00	3.630633192001662124e+00	-2.722156541310603514e-02	-4.347398820717220808e-02	-6.378428257644619404e-02	-9.343207277993693244e-03	-1.540347949583434350e-02	6.407793611338166606e+00
1.922341708542713334e+01	1.917092785874048078e+00	1.009364645014372730e+00	3.607849718019159990e+00	-2.568945824986712187e-02	-4.033632764007961252e-02	-6.915206066192818024e-02	-1.113922489001451313e-02	-1.979240440337577678e-02	6.368197673062317321e+00
1.934899497487436903e+01	1.916131041098328325e+00	1.000411618572162542e+00	3.585087687999249262e+00	-2.412339539614788420e-02	-3.710052922027290423e-02	-7.430741455354041014e-02	-1.282604660771287548e-02	-2.389448853013520849e-02	6.329378473361932045e+00
1.947457286432160828e+01	1.915163802980393459e+00	9.914796224086340759e-01	3.562348884283728090e+00	-2.252749954103983390e-02	-3.377718364096923831e-02	-7.926081834907133805e-02	-1.438101561804947665e-02	-2.767031467505282061e-02	6.291375477848572650e+00
1.960015075376884397e+01	1.914191085628182520e+00	9.825694277736790605e-01	3.539635066996078994e+00	-2.090573153073074439e-02	-3.037644608542454730e-02	-8.402239573588775323e-02	-1.578322577018968775e-02	-3.108857301577544821e-02	6.254219208259931939e+00
1.972572864321607966e+01	1.913212903214273952e+00	9.736817944271312086e-01	3.516947973935797389e+00	-1.926189085358357214e-02	-2.690803859045524937e-02	-8.860193310244783571e-02	-1.701368350608122026e-02	-3.412479344063202441e-02	6.217932332084002311e+00
1.985130653266331535e+01	1.912229269975423973e+00	9.648174705956995556e-01	3.494289320480417071e+00	-1.759961632630480804e-02	-2.338125278202167825e-02	-9.300889098829884238e-02	-1.805542595051606858e-02	-3.676001967477748877e-02	6.182530855329621211e+00
1.997688442211055104e+01	1.911240200212107831e+00	9.559771929338238827e-01	3.471660799495164706e+00	-1.592238697609872633e-02	-1.980495297002275376e-02	-9.725241370188011936e-02	-1.889360558104659360e-02	-3.897952799036794036e-02	6.148025305421680464e+00
2.010246231155778673e+01	1.910245708288051736e+00	9.471616864884078169e-01	3.449064081250141633e+00	-1.423352311387824851e-02	-1.618757959175910408e-02	-1.013413369663296454e-01	-1.951555237244939969e-02	-4.077164914534454204e-02	6.114421834836839764e+00
2.022804020100502242e+01	1.909245808629771446e+00	9.383716646673933015e-01	3.426500813344963259e+00	-1.253618759377793379e-02	-1.253715299584684355e-02	-1.052841934870353685e-01	-1.991082402926356090e-02	-4.212671674593695958e-02	6.081723211790267314e+00
2.035361809045226167e+01	1.908240515726104869e+00	9.296078292121291442e-01	3.403972620640770330e+00	-1.083338725437287507e-02	-8.861277560651885030e-03	-1.090892163704559881e-01	-2.007125396638530929e-02	-4.303614739961842545e-02	6.049929683027519545e+00
2.047919597989949736e+01	1.907229844127745322e+00	9.208708701734933388e-01	3.381481105199510395e+00	-9.127974537150165130e-03	-5.167146143527620410e-03	-1.127643403612910017e-01	-1.999100516621101289e-02	-4.349166078195867979e-02	6.019039692510611772e+00
2.060477386934673305e+01	1.906213808446772351e+00	9.121614658917214236e-01	3.359027846230417502e+00	-7.422649277908808726e-03	-1.461544859263309544e-03	-1.163172009039808441e-01	-1.966663603087114021e-02	-4.348466707797518649e-02	5.989050422418911168e+00
2.073035175879396874e+01	1.905192423356182330e+00	9.034802829798989077e-01	3.336614400043585338e+00	-5.719960666862530969e-03	2.249141811898855946e-03	-1.197551310741748753e-01	-1.909718196350870464e-02	-4.300587534390618027e-02	5.959958099143113586e+00
2.085592964824120443e+01	1.904165703589418390e+00	8.948279763110714713e-01	3.314242300010558751e+00	-4.022309373300575301e-03	5.958925584521965885e-03	-1.230851564657708813e-01	-1.828425376466677812e-02	-4.204519656532683392e-02	5.931757989326506220e+00
2.098150753768844012e+01	1.903133663939897025e+00	8.862051890089224226e-01	3.291913056531829529e+00	-2.331949830707576339e-03	9.662208592796896894e-03	-1.263139881587901081e-01	-1.723215114214804791e-02	-4.059201824556978033e-02	5.904444010696230372e+00
2.110708542713567581e+01	1.902096319260536461e+00	8.776125524419754464e-01	3.269628157011163605e+00	-6.509926782633496502e-04	1.335377727489056934e-02	-1.294480139321697310e-01	-1.594798684373752509e-02	-3.863590695880158438e-02	5.878007905575593384e+00
2.123266331658291151e+01	1.901053684463281490e+00	8.690506862212704631e-01	3.247389065836648214e+00	1.018592645374975705e-03	1.702879591074870150e-02	-1.324932879229405169e-01	-1.444181428424245670e-02	-3.616775236560076934e-02	5.852437970504539066e+00
2.135824120603015075e+01	1.900005774518628510e+00	8.605201982014659690e-01	3.225197224368375082e+00	2.674975160151832777e-03	2.068279980653315794e-02	-1.354555189686462435e-01	-1.272674921060839258e-02	-3.318130871723472958e-02	5.827717395158665603e+00
2.148381909547738644e+01	1.898952604455149906e+00	8.520216844853184535e-01	3.203054050932655272e+00	4.316459458787058612e-03	2.431168811847209815e-02	-1.383400579026177468e-01	-1.081907408557611708e-02	-2.967503058747523320e-02	5.803822324874713168e+00
2.160939698492462213e+01	1.897894189359015771e+00	8.435557294314875998e-01	3.180960940822672001e+00	5.941482681395621017e-03	2.791171630881247867e-02	-1.411518841013326420e-01	-8.738312605405111275e-03	-2.565405212694800777e-02	5.780719809769697903e+00
2.173497487437185782e+01	1.896830544373516281e+00	8.351229056656187533e-01	3.158919266305465712e+00	7.548611355064424253e-03	3.147948822685241871e-02	-1.438955916089284803e-01	-6.507261199159361173e-03	-2.113213420512837989e-02	5.758365828913301954e+00
2.186055276381909351e+01	1.895761684698582750e+00	8.267237740946514757e-01	3.136930376635165718e+00	9.136538103088153936e-03	3.501194780865622691e-02	-1.465753751855076725e-01	-4.151964537152203968e-03	-1.613340622718665088e-02	5.736703575390297516e+00
2.198613065326632920e+01	1.894687625590306901e+00	8.183588839243020052e-01	3.114995598072354266e+00	1.070407822879175692e-02	3.850637039004861650e-02	-1.491950166426287694e-01	-1.701623002395008868e-03	-1.069375722138170455e-02	5.715662159339398585e+00
2.211170854271356490e+01	1.893608382360460363e+00	8.100287726796694399e-01	3.093116233909472435e+00	1.225016617912712269e-02	4.196035362883302616e-02	-1.517578718408492677e-01	8.115783024175197112e-04	-4.861776240745366295e-03	5.695155838978385177e+00
2.223728643216080414e+01	1.892523970376012388e+00	8.017339662289110214e-01	3.071293564502157292e+00	1.377385189351485427e-02	4.537180803385399558e-02	-1.542668587299801941e-01	3.352727225405537342e-03	1.300805806253336160e-03	5.675083835336128146e+00
2.236286432160803983e+01	1.891434405058648016e+00	7.934749788099392243e-01	3.049528847306423707e+00	1.527429704371917850e-02	4.873894710054806761e-02	-1.567244468124230350e-01	5.884534441960857093e-03	7.719173258252370190e-03	5.655330736207067943e+00
2.248844221105527552e+01	1.890339701884283130e+00	7.852523130600806978e-01	3.027823316921569141e+00	1.675077117087552317e-02	5.206027705492450447e-02	-1.591326484033653843e-01	8.367778049197877738e-03	1.430594766441524272e-02	5.635767457401982483e+00
2.261402010050251121e+01	1.889239876382581729e+00	7.770664600486510976e-01	3.006178185138716152e+00	1.820264772614998972e-02	5.533458621052479015e-02	-1.614930120484438236e-01	1.076184217721765091e-02	2.096212335073958932e-02	5.616252708986135822e+00
2.273959798994974690e+01	1.888134944136469207e+00	7.689178993123882977e-01	2.984594640994881587e+00	1.962940002187221755e-02	5.856093394572097627e-02	-1.638066184397424796e-01	1.302534562613763720e-02	2.757836476702793180e-02	5.596634910364755910e+00
2.286517587939698259e+01	1.887024920781647408e+00	7.608070988936921353e-01	2.963073850832469436e+00	2.103059710036813551e-02	6.173863931176958031e-02	-1.660740791445759756e-01	1.511685326988326458e-02	3.403662527508352631e-02	5.576754506320336979e+00
2.299075376884421829e+01	1.885909822006108794e+00	7.527345153816158430e-01	2.941616958364089651e+00	2.240589952809401639e-02	6.486726928521933944e-02	-1.682955384286684009e-01	1.699565979795179121e-02	4.021206373883668556e-02	5.556446649673247862e+00
2.311633165829145398e+01	1.884789663549647276e+00	7.447005939555585430e-01	2.920225084742589239e+00	2.375505512306142972e-02	6.794662668160887653e-02	-1.704706784162088318e-01	1.862263235282306598e-02	4.597525010895775477e-02	5.535544228098038033e+00
2.324190954773869322e+01	1.883664461203371721e+00	7.367057684315986288e-01	2.898899328636205475e+00	2.507789462391025667e-02	7.097673775076430991e-02	-1.725987277843612500e-01	1.996109581036111663e-02	5.119465859461738710e-02	5.513881217266468404e+00
2.336748743718592891e+01	1.882534230809217668e+00	7.287504613114229590e-01	2.877640766308731113e+00	2.637432730935596048e-02	7.395783947743574116e-02	-1.746784741395129847e-01	2.097774188708677670e-02	5.573944410604783628e-02	5.491296337069786482e+00
2.349306532663316460e+01	1.881398988259456617e+00	7.208350838337865829e-01	2.856450451704578342e+00	2.764433657707503905e-02	7.689036661437616271e-02	-1.767082801676631010e-01	2.164354098832900475e-02	5.948248460231386064e-02	5.467636972412251772e+00
2.361864321608040029e+01	1.880258749496207749e+00	7.129600360284605864e-01	2.835329416538658887e+00	2.888797549141853757e-02	7.977493847827904494e-02	-1.786861035925177976e-01	2.193463378843487840e-02	6.230365158684861293e-02	5.442763297815790047e+00
2.374422110552763598e+01	1.879113530510946317e+00	7.051257067726027783e-01	2.814278670390957249e+00	3.010536230963433910e-02	8.261234554215077242e-02	-1.806095209131018953e-01	2.183317801903813735e-02	6.409324769183927240e-02	5.416552520324066755e+00
2.386979899497487168e+01	1.877963347344014267e+00	6.973324738495070285e-01	2.793299200805710925e+00	3.129667599653582211e-02	8.540353586066948277e-02	-1.824757548289626385e-01	2.132812489930504055e-02	6.475552888553999520e-02	5.388903132812317587e+00
2.399537688442210737e+01	1.876808216084127734e+00	6.895807040096675333e-01	2.772391973395073261e+00	3.246215173777761143e-02	8.814960136783465960e-02	-1.842817051964621977e-01	2.041589913966376443e-02	6.421221328668452744e-02	5.359739053824366550e+00
2.412095477386934661e+01	1.875648152867885221e+00	6.818707530341113765e-01	2.751557931947176350e+00	3.360207646207342275e-02	9.085176408867162712e-02	-1.860239832954417305e-01	1.910095655163458750e-02	6.240587110228919265e-02	5.329013522758398125e+00
2.424653266331658230e+01	1.874483173879275988e+00	6.742029657999405456e-01	2.730797998538482485e+00	3.471678438282341239e-02	9.351136230890111367e-02	-1.876989491229176521e-01	1.739619405966804505e-02	5.930309088842106169e-02	5.296712620734594701e+00
2.437211055276381799e+01	1.873313295349186669e+00	6.665776763480308897e-01	2.710113073650316728e+00	3.580665256969711718e-02	9.612983674826110214e-02	-1.893027513707431497e-01	1.532318838927212643e-02	5.489732418581236978e-02	5.262858295869833114e+00
2.449768844221105368e+01	1.872138533554907669e+00	6.589952079528339501e-01	2.689504036289486422e+00	3.687209656074642156e-02	9.870871678456082099e-02	-1.908313696886004829e-01	1.291224194762794972e-02	4.921132013742344352e-02	5.227510783538986239e+00
2.462326633165828937e+01	1.870958904819641333e+00	6.514558731942284853e-01	2.668971744112883293e+00	3.791356602559285693e-02	1.012496067765049496e-01	-1.922806587835670933e-01	1.020221746443139565e-02	4.229906989390130184e-02	5.190770323503616446e+00
2.474884422110552507e+01	1.869774425512005900e+00	6.439599740313658449e-01	2.648517033555965572e+00	3.893154049015172535e-02	1.037541725338550075e-01	-1.936463938639897131e-01	7.240146866800877858e-03	3.424718382899209768e-02	5.152778082955147276e+00
2.487442211055276076e+01	1.868585112045542118e+00	6.365078018784565694e-01	2.628140719965012639e+00	3.992652513321030827e-02	1.062241279835523244e-01	-1.949243168996629971e-01	4.080604664855264421e-03	2.517562058376148978e-02	5.113716195354727212e+00
2.500000000000000000e+01	1.867390980878220086e+00	6.290996376824465885e-01	2.607843597733070062e+00	4.089904666497996832e-02	1.086612220800278888e-01	-1.961101831432886800e-01	7.848418569295237488e-04	1.523767559280861730e-02	5.073806819345192842e+00
