# q (inverse Angstrom) 1s2 2s2 2p6 3s2 3p6 3d10 4s1 total
1.000000000000000021e-02	1.994398309977368333e+00	1.996964876236613673e+00	5.994253851371484032e+00	1.998833839880914454e+00	5.995591218608741002e+00	9.991260214502856840e+00	9.989621561183360532e-01	2.897026446669631738e+01
1.355778894472361717e-01	1.994392635972473515e+00	1.996861346062506870e+00	5.994007811568939914e+00	1.997890557598398287e+00	5.992409805496989428e+00	9.980815556682221867e+00	9.887616961469610777e-01	2.894513940952849040e+01
2.611557788944723346e-01	1.994377144153527848e+00	1.996579224695667509e+00	5.993337340269766500e+00	1.995322129420064039e+00	5.983749000263894224e+00	9.952454173313057595e+00	9.615384328066541864e-01	2.887735744492263379e+01
3.867336683417085252e-01	1.994351844981946398e+00	1.996118594008479130e+00	5.992242618555245315e+00	1.991134764118539069e+00	5.969634569905746702e+00	9.906458700215690527e+00	9.188277700395389713e-01	2.876876886182518689e+01
5.123115577889446604e-01	1.994316739247086634e+00	1.995479584161159448e+00	5.990723931693237247e+00	1.985338568304638951e+00	5.950108416371123532e+00	9.843281744084686480e+00	8.629478120029906441e-01	2.862219679586491949e+01
6.378894472361807955e-01	1.994271827812615916e+00	1.994662375621624628e+00	5.988781675169998486e+00	1.977947501742972403e+00	5.925228329200781907e+00	9.763533510865256559e+00	7.967614183123203908e-01	2.844118663872557562e+01
7.634673366834170416e-01	1.994217111744128301e+00	1.993667199096011089e+00	5.986416354557826836e+00	1.968979314925579427e+00	5.895067643469009688e+00	9.667965624569898608e+00	7.234047875273273975e-01	2.822971803588978190e+01
8.890452261306531767e-01	1.994152592328554130e+00	1.992494335409095152e+00	5.983628585254765930e+00	1.958455469990607600e+00	5.859714808297686872e+00	9.557451990879645365e+00	6.460219608794000035e-01	2.799191974303975172e+01
1.014623115577889312e+00	1.994078271079104958e+00	1.991144115354819721e+00	5.980419092156144423e+00	1.946401045564011500e+00	5.819272870347277582e+00	9.432967656704583703e+00	5.675375872739125693e-01	2.773182063847985290e+01
1.140201005025125447e+00	1.993994149736886712e+00	1.989616919519444194e+00	5.976788709265304256e+00	1.932844626208643390e+00	5.773858877482604512e+00	9.295566639788095387e+00	4.904884959990132853e-01	2.745315841799999390e+01
1.265778894472361582e+00	1.993900230271495877e+00	1.987913178077986398e+00	5.972738379245362772e+00	1.917818177269085655e+00	5.723603208536167664e+00	9.146359655165939628e+00	4.169217844703741460e-01	2.715925461303640986e+01
1.391356783919597717e+00	1.993796514881230442e+00	1.986033370564252110e+00	5.968269152912827558e+00	1.901356905996616442e+00	5.668648835725698554e+00	8.986492560556445852e+00	3.483562343698806685e-01	2.685295357500695346e+01
1.516934673366834074e+00	1.993683005993125201e+00	1.983978025614722585e+00	5.963382188673677753e+00	1.883499109925587112e+00	5.609150526816472748e+00	8.817126197577904279e+00	2.857965158797817762e-01	2.653661557048127406e+01
1.642512562814070209e+00	1.993559706262910680e+00	1.981747720686535708e+00	5.958078751902480263e+00	1.864286013549300236e+00	5.545273994546928265e+00	8.639418138619911147e+00	2.297860353688469803e-01	2.621215036093690998e+01
1.768090452261306345e+00	1.993426618574916098e+00	1.979343081749819433e+00	5.952360214265156380e+00	1.843761594409622839e+00	5.477195001154782084e+00	8.454506677853311558e+00	1.804837186550372063e-01	2.588107690666264560e+01
1.893668341708542480e+00	1.993283746041944804e+00	1.976764782954655963e+00	5.946228052986025858e+00	1.821972399769546280e+00	5.405098426048990490e+00	8.263497244041936085e+00	1.377514565994199247e-01	2.554459610844251927e+01
2.019246231155778393e+00	1.993131092005123950e+00	1.974013546272971986e+00	5.939683850059813253e+00	1.798967355081398933e+00	5.329177304771676837e+00	8.067451273349908192e+00	1.012414217617378792e-01	2.520366584330263393e+01
2.144824120603014528e+00	1.992968660033735739e+00	1.971090141115669825e+00	5.932729291409367889e+00	1.774797565495262130e+00	5.249631847386628358e+00	7.867377468687306141e+00	7.047531611734129953e-02	2.485907029024531312e+01
2.270402010050250663e+00	1.992796453925034239e+00	1.967995383925339459e+00	5.925366165989838230e+00	1.749516111672334118e+00	5.166668444322299436e+00	7.664225290620706232e+00	4.491041515605509460e-02	2.451147826561160770e+01
2.395979899497486798e+00	1.992614477704042875e+00	1.964730137744907346e+00	5.917596364840168377e+00	1.723177841176650071e+00	5.080498667494095955e+00	7.458880472319404653e+00	2.398980063125111944e-02	2.416148776191052150e+01
2.521557788944722933e+00	1.992422735623343932e+00	1.961295311762600635e+00	5.909421880082751599e+00	1.695839156715992058e+00	4.991338274241410744e+00	7.252162323671208277e+00	7.176308697700918907e-03	2.380965599079500805e+01
2.647135678391959068e+00	1.992221232162850075e+00	1.957691860833622899e+00	5.900844803872170807e+00	1.667557802489424423e+00	4.899406221248635340e+00	7.044822582292749047e+00	-6.028569027238984621e-03	2.345651593387221112e+01
2.772713567839195203e+00	1.992009972029566089e+00	1.953920784978959935e+00	5.891867327293992318e+00	1.638392649875173968e+00	4.804923695186594124e+00	6.837545575819271804e+00	-1.607829178293426406e-02	2.310258171340062106e+01
2.898291457286431339e+00	1.991788960157333976e+00	1.949983128861747961e+00	5.882491739214591675e+00	1.608403483659195832e+00	4.708113166322233312e+00	6.630949474997906989e+00	-2.338394277499666191e-02	2.274834601043801641e+01
3.023869346733667918e+00	1.991558201706570719e+00	1.945879981241660284e+00	5.872720425083070239e+00	1.577650789962447897e+00	4.609197470811110087e+00	6.425588436034513684e+00	-2.832207195451202919e-02	2.239427323288485994e+01
3.149447236180904053e+00	1.991317702063988948e+00	1.941612474407776956e+00	5.862555865686334577e+00	1.546195546974430179e+00	4.508398926820463615e+00	6.221955449943090244e+00	-3.124387919706058531e-02	2.204079208669902457e+01
3.275025125628140188e+00	1.991067466842307399e+00	1.937181783590432138e+00	5.852000635858460420e+00	1.514099019542793467e+00	4.405938489041127504e+00	6.020485734311065151e+00	-3.248254171122616496e-02	2.168829058747496319e+01
3.400603015075376323e+00	1.990807501879950481e+00	1.932589126352535658e+00	5.841057403145481608e+00	1.481422558604722939e+00	4.302034945544860989e+00	5.821560518221478908e+00	-3.235660589890303890e-02	2.133711544785012748e+01
3.526180904522612458e+00	1.990537813240732534e+00	1.927835761960890570e+00	5.829728926426811952e+00	1.448227406376225934e+00	4.196904160339448353e+00	5.625511084384396732e+00	-3.116874053993972174e-02	2.098757641218856662e+01
3.651758793969848593e+00	1.990258407213532532e+00	1.922922990738039850e+00	5.818018054494512370e+00	1.414574508141434261e+00	4.090758364376084089e+00	5.432622944768838558e+00	-2.920048984633387412e-02	2.063995477988610716e+01
3.777336683417084728e+00	1.989969290311954575e+00	1.917852153395189108e+00	5.805927724591639638e+00	1.380524331406428606e+00	3.983805497180124444e+00	5.243140038323691243e+00	-2.670470808089552353e-02	2.029451432712813030e+01
3.902914572864320863e+00	1.989670469273980391e+00	1.912624630346766885e+00	5.793460960910992164e+00	1.346136693101927184e+00	3.876248600714077952e+00	5.057268852655687041e+00	-2.389793470409311976e-02	1.995151227229933966e+01
4.028492462311556999e+00	1.989361951061603850e+00	1.907241841007194960e+00	5.780620873055527298e+00	1.311470595437289388e+00	3.768285266546592016e+00	4.875182386231192488e+00	-2.095500941625471486e-02	1.961120790392314461e+01
4.154070351758793578e+00	1.989043742860459485e+00	1.901705243070457518e+00	5.767410654461815334e+00	1.276584070925577130e+00	3.660107136897924551e+00	4.697023883617097439e+00	-1.800773093348452189e-02	1.927386700089984828e+01
4.279648241206029269e+00	1.988715852079435020e+00	1.896016331773060726e+00	5.753833580787858004e+00	1.241534037016730041e+00	3.551899459664447534e+00	4.522910292756449735e+00	-1.514840581304965905e-02	1.893976114826493173e+01
4.405226130653265848e+00	1.988378286350272806e+00	1.890176639140997317e+00	5.739893008266694352e+00	1.206376160693953148e+00	3.443840697094834091e+00	4.352935409230228814e+00	-1.243788924670917798e-02	1.860916231153027312e+01
4.530804020100501539e+00	1.988031053527162806e+00	1.884187733221325711e+00	5.725592372027161758e+00	1.171164733307992867e+00	3.336102187400276975e+00	4.187172686797284271e+00	-9.916473223863721265e-03	1.828233429305734248e+01
4.656381909547738118e+00	1.987674161686318275e+00	1.878051217298997155e+00	5.710935184383243879e+00	1.135952555845630707e+00	3.228847858230978307e+00	4.025677705420637409e+00	-7.615070512173615844e-03	1.795952361235363171e+01
4.781959798994973809e+00	1.987307619125545655e+00	1.871768729099559270e+00	5.695925033093460321e+00	1.100790834753136105e+00	3.122233990641376966e+00	3.868490297194163929e+00	-5.563869431134931508e-03	1.764095263447610762e+01
4.907537688442210388e+00	1.986931434363796267e+00	1.865341939978383268e+00	5.680565579591728920e+00	1.065729088362986854e+00	3.016409031896094994e+00	3.715636337412438372e+00	-3.796135938845348647e-03	1.732681727566658125e+01
5.033115577889446079e+00	1.986545616140713122e+00	1.858772554097057883e+00	5.664860557191185642e+00	1.030815063903434359e+00	2.911513455236356407e+00	3.567129213351092343e+00	-2.346050316556371525e-03	1.701729040960328376e+01
5.158693467336682659e+00	1.986150173416161291e+00	1.852062307587612588e+00	5.648813769262426732e+00	9.960946650057377338e-01	2.807679664530645880e+00	3.422970988307048046e+00	-1.241120660681320704e-03	1.671253044744895178e+01
5.284271356783918350e+00	1.985745115369748737e+00	1.845212967705218698e+00	5.632429087387682110e+00	9.616118895634621078e-01	2.705031941571723664e+00	3.283153284182703135e+00	-4.914038397168129678e-04	1.641269288194082066e+01
5.409849246231154929e+00	1.985330451400335816e+00	1.838226331970046479e+00	5.615710449492389955e+00	9.274087777423531964e-01	2.603686433652327992e+00	3.147657913041027822e+00	-7.901083074680139177e-05	1.611794134646773458e+01
5.535427135678390620e+00	1.984906191125531905e+00	1.831104227298932186e+00	5.598661857955694821e+00	8.935253698881245876e-01	2.503751178951650225e+00	3.016457296548927580e+00	4.825839767970856512e-05	1.582845438016654072e+01
5.661005025125627199e+00	1.984472344381182030e+00	1.823848509127534934e+00	5.581287377701372954e+00	8.599996740331311562e-01	2.405326167191325304e+00	2.889514721196923652e+00	-2.392059974861776789e-05	1.554442487303172271e+01
5.786582914572862890e+00	1.984028921220842845e+00	1.816461060523654414e+00	5.563591134270686744e+00	8.268676426614431918e-01	2.308503432970942626e+00	2.766784485108249037e+00	-1.856309995782325735e-04	1.526605104575623884e+01
5.912160804020099469e+00	1.983575931915243951e+00	1.808943791292380254e+00	5.545577311878681748e+00	7.941631583552178908e-01	2.213367179166306542e+00	2.648211997310830235e+00	-3.190076845653567702e-04	1.499352036223409534e+01
6.037738693467336049e+00	1.983113386951741886e+00	1.801298637073752706e+00	5.527250151455438854e+00	7.619180279135310263e-01	2.119993927766909980e+00	2.533733890927229115e+00	-3.178198323074843271e-04	1.472699020225629418e+01
6.163316582914571740e+00	1.982641297033761907e+00	1.793527558433603231e+00	5.508613948673785288e+00	7.301619845078326509e-01	2.028452695539914696e+00	2.423278206918218380e+00	-1.051482469509033607e-04	1.446657054286016653e+01
6.288894472361808319e+00	1.982159673080224227e+00	1.785632539948256214e+00	5.489673051964951256e+00	6.989226974158475603e-01	1.938805191934610539e+00	2.316764694893011178e+00	3.557963572301456583e-04	1.421231364559413102e+01
6.414472361809044010e+00	1.981668526224967808e+00	1.777615589283755959e+00	5.470431860523701673e+00	6.682257888579157257e-01	1.851106036682084843e+00	2.214105263243012711e+00	1.060665546673795773e-03	1.396421373036211300e+01
6.540050251256280589e+00	1.981167867816156392e+00	1.769478736270295949e+00	5.450894822304396925e+00	6.380948574462397271e-01	1.765402994597918829e+00	2.115204594455557974e+00	1.972580527593338195e-03	1.372221645341815943e+01
6.665628140703516280e+00	1.980657709415673207e+00	1.761224031972510762e+00	5.431066432009461487e+00	6.085515077481619128e-01	1.681737225160011784e+00	2.019960925236305549e+00	3.037018320458492043e-03	1.348623484986258347e+01
6.791206030150752859e+00	1.980138062798510123e+00	1.752853547756298536e+00	5.410951229071764068e+00	5.796153854591316046e-01	1.600143544507550475e+00	1.928266977075448363e+00	4.197723256042062978e-03	1.325616646992474479e+01
6.916783919597988550e+00	1.979608939952141267e+00	1.744369374352831681e+00	5.390553795632317069e+00	5.513042176793028215e-01	1.520650697589773115e+00	1.840011012451376660e+00	5.408439282060927694e-03	1.303190647693980253e+01
7.042361809045225129e+00	1.979070353075887745e+00	1.735773620920406879e+00	5.369878754514764374e+00	5.236338577894210644e-01	1.443281638283364865e+00	1.755077985303405308e+00	6.637197364055637261e-03	1.281335340725130578e+01
7.167939698492460820e+00	1.978522314580270836e+00	1.727068414104784955e+00	5.348930767198066150e+00	4.966183344266277278e-01	1.368053815394202122e+00	1.673350751130641356e+00	7.862872389315834695e-03	1.260040726922390952e+01
7.293517587939697400e+00	1.977964837086356065e+00	1.718255897098663221e+00	5.327714531788807051e+00	4.702699040687353671e-01	1.294979462561766770e+00	1.594711300919950281e+00	9.066533447036135424e-03	1.239296246697131387e+01
7.419095477386933091e+00	1.977397933425083965e+00	1.709338228700911788e+00	5.306234780994495637e+00	4.445991067462018442e-01	1.224065890192150619e+00	1.519041982824285375e+00	1.022172131109133457e-02	1.219089964419421968e+01
7.544673366834169670e+00	1.976821616636592838e+00	1.700317582376204006e+00	5.284496280099241439e+00	4.196148244141739148e-01	1.155315777657261567e+00	1.446226675241436110e+00	1.128775616982574323e-02	1.199408051259473496e+01
7.670251256281405361e+00	1.976235899969530418e+00	1.691196145315660315e+00	5.262503824943150832e+00	3.953243415323480225e-01	1.088727464112939636e+00	1.376151874497404393e+00	1.220874397299102909e-02	1.180234829434402322e+01
7.795829145728641940e+00	1.975640796880353545e+00	1.681976117499114354e+00	5.240262239906766872e+00	3.717334074177603420e-01	1.024295236406353338e+00	1.308707660238433323e+00	1.291881579023370849e-02	1.161553427413901574e+01
7.921407035175877631e+00	1.975036321032619613e+00	1.672659710759603513e+00	5.217776375901867603e+00	3.488462999547302101e-01	9.620096126626171973e-01	1.243788502885668334e+00	1.335211767829875586e-02	1.143346894087540377e+01
8.046984924623114210e+00	1.974422486296267154e+00	1.663249147850679011e+00	5.195051108369887594e+00	3.266658902667943232e-01	9.018576202612315074e-01	1.181293881213469454e+00	1.345478090790767564e-02	1.125599491516623907e+01
8.172562814070349901e+00	1.973799306746884197e+00	1.653746661517111249e+00	5.172091335289232816e+00	3.051937079773814898e-01	8.438230670341040351e-01	1.121128685078278675e+00	1.319579369815979293e-02	1.108297855734115345e+01
8.298140703517587369e+00	1.973166796664969969e+00	1.644154493569567554e+00	5.148901975192694991e+00	2.844300067089233774e-01	7.878868046377580647e-01	1.063203388739141664e+00	1.257426706740120970e-02	1.091431773258045723e+01
8.423718592964823060e+00	1.972524970535182831e+00	1.634474893963819619e+00	5.125487965196199980e+00	2.643738294939177447e-01	7.340269831724010041e-01	1.007433993528791705e+00	1.162171615162110525e-02	1.074994435204193444e+01
8.549296482412058751e+00	1.971873843045582442e+00	1.624710119885029336e+00	5.101854259040017325e+00	2.450230737958824512e-01	6.822192962390312143e-01	9.537417536560840459e-01	1.039926875736525876e-02	1.058982161441899272e+01
8.674874371859294442e+00	1.971213429086856816e+00	1.614862434837649241e+00	5.078005825143615759e+00	2.263745558630411714e-01	6.324372157423667762e-01	9.020527140345641071e-01	8.990816175409341998e-03	1.043393699088350424e+01
8.800452261306531909e+00	1.970543743751544064e+00	1.604934107741464500e+00	5.053947644675254480e+00	2.084240741626915139e-01	5.846522158614049225e-01	8.522971025355489116e-01	7.493804129303896326e-03	1.028229269285721159e+01
8.926030150753767600e+00	1.969864802333242793e+00	1.594927412034287562e+00	5.029684709637405327e+00	1.911664716694147503e-01	5.388339857206018157e-01	8.044086294792438530e-01	6.009532915849548698e-03	1.013489554379004787e+01
9.051608040201003291e+00	1.969176620325810090e+00	1.584844624781800881e+00	5.005222020969035235e+00	1.745956968053701819e-01	4.949506304025148018e-01	7.583237534811699820e-01	4.634542530270507367e-03	9.991747889295972129e+00
9.177185929648238982e+00	1.968479213422554608e+00	1.574688025795039081e+00	4.980564586665809479e+00	1.587048628557451435e-01	4.529688600470400672e-01	7.139809745031063803e-01	3.454057033369854150e-03	9.852840580322663300e+00
9.302763819095476450e+00	1.967772597515417665e+00	1.564459896755977519e+00	4.955717419919152711e+00	1.434863057068203052e-01	4.128541668827575561e-01	6.713202121977116521e-01	2.537763459261337898e-03	9.718148362437098342e+00
9.428341708542712141e+00	1.967056788694142355e+00	1.554162520351692223e+00	4.930685537275175001e+00	1.289316397779467771e-01	3.745709901322166746e-01	6.302823208818348899e-01	1.937602409355710211e-03	9.587627399522364868e+00
9.553919597989947832e+00	1.966331803245438881e+00	1.543798179417523508e+00	4.905473956814337733e+00	1.150318120418419576e-01	3.380828688249691849e-01	5.908087824654887354e-01	1.686880420120390710e-03	9.461214283229720579e+00
9.679497487437183523e+00	1.965597657652136343e+00	1.533369156089688934e+00	4.880087696352770621e+00	1.017771540499113891e-01	3.033525826396666347e-01	5.528416062105300233e-01	1.799920302894351303e-03	9.338825773297596555e+00
9.805075376884420990e+00	1.964854368592324318e+00	1.522877730967747478e+00	4.854531771666099615e+00	8.915743190063001034e-02	2.703422809793141202e-01	5.163234500447329012e-01	2.271615347145443733e-03	9.220358649497994108e+00
9.930653266331656681e+00	1.964101952938490880e+00	1.512326182287323073e+00	4.828811194736585044e+00	7.716189410930517079e-02	2.390136005616866899e-01	4.811979629482242005e-01	3.076576980913782629e-03	9.105689364562529420e+00
1.005623115577889237e+01	1.963340427756644191e+00	1.501716785103471619e+00	4.802930972024369360e+00	6.577931735666148194e-02	2.093277718796678899e-01	4.474103322011784289e-01	4.167975560386780361e-03	8.994673581882379310e+00
1.018180904522612984e+01	1.962569810305431428e+00	1.491051810485061413e+00	4.776896102763581453e+00	5.499805011157819085e-02	1.812457149536817747e-01	4.149080035595353877e-01	5.476571865625080686e-03	8.887146064044495475e+00
1.030738693467336553e+01	1.961790118035244612e+00	1.480333524720524041e+00	4.750711577284000953e+00	4.480605413987118202e-02	1.547281248601081183e-01	3.836415273217078092e-01	6.910721060444895494e-03	8.782921647421900957e+00
1.043296482412060122e+01	1.961001368587318883e+00	1.469564188535317228e+00	4.724382375358993080e+00	3.519094392619440820e-02	1.297355475753133036e-01	3.535654695529252822e-01	8.358219238565615244e-03	8.681798112774629317e+00
1.055854271356783691e+01	1.960203579792823225e+00	1.458746056321422957e+00	4.697913464580317999e+00	2.614002404988999967e-02	1.062284467243760078e-01	3.246393164532372921e-01	9.690721996611877456e-03	8.583561609918682223e+00
1.068412060301507438e+01	1.959396769671940319e+00	1.447881375379193480e+00	4.671309798760461263e+00	1.764032456788104317e-02	8.416726186631190432e-02	2.968282921902800631e-01	1.077112381179887515e-02	8.487994946247866324e+00
1.080969849246231007e+01	1.958580956432939280e+00	1.436972385171838784e+00	4.644576316363044022e+00	9.678634468471841376e-03	6.351245898332451290e-02	2.701040077567992137e-01	1.146382161558702657e-02	8.394888580792004618e+00
1.093527638190954576e+01	1.957756158471238628e+00	1.426021316592835708e+00	4.617717938961846791e+00	2.241533269161813911e-03	4.422457386992061784e-02	2.444448617594916495e-01	1.164728265175420455e-02	8.304053665576249799e+00
1.106085427135678145e+01	1.956922394368462381e+00	1.415030391246523411e+00	4.590739569728978786e+00	-4.684579160702220108e-03	2.626424913836015659e-02	2.198361244022399297e-01	1.122786569393537277e-02	8.215336015417797455e+00
1.118643216080401892e+01	1.956079682891485483e+00	1.404001820742133644e+00	4.563646091952637818e+00	-1.111345446540981836e-02	9.592265569583473261e-03	1.962696536628399380e-01	1.015345369064780262e-02	8.128629514043918647e+00
1.131201005025125461e+01	1.955228042991475457e+00	1.392937806001491641e+00	4.536442367584911928e+00	-1.705896926477516728e-02	-5.830431456693641740e-03	1.737432174093837267e-01	8.425181589480138650e-03	8.043887214855272916e+00
1.143758793969849030e+01	1.954367493802918521e+00	1.381840536580603462e+00	4.509133235820028673e+00	-2.253510011745629010e-02	-2.004270972269979120e-02	1.522594257128440931e-01	6.105423702323507958e-03	7.961128305778563785e+00
1.156316582914572599e+01	1.953498054642644588e+00	1.370712190005336950e+00	4.481723511703419760e+00	-2.755589988889407815e-02	-3.308323140596190065e-02	1.318243117180331603e-01	3.320283447563439697e-03	7.880439220222142715e+00
1.168874371859296346e+01	1.952619745008841390e+00	1.359554931121383259e+00	4.454217984771928762e+00	-3.213547542658913569e-02	-4.499043708700389138e-02	1.124456341326178915e-01	2.551475260274405207e-04	7.801967530047204669e+00
1.181432160804019915e+01	1.951732584580059049e+00	1.348370911458675270e+00	4.426621417725497665e+00	-3.628796644623354106e-02	-5.580253186069893817e-02	9.413100607064260605e-02	-2.857537668292079933e-03	7.725907883859650660e+00
1.193989949748743484e+01	1.950836593214210213e+00	1.337162268610416760e+00	4.398938545130557820e+00	-4.002752553422653931e-02	-6.555747291552306566e-02	7.688597978331007665e-02	-5.758219195219495268e-03	7.652480169093526463e+00
1.206547738693467231e+01	1.949931790947559529e+00	1.325931125626876206e+00	4.371174072155413093e+00	-4.336829917521522332e-02	-7.429295798662816086e-02	6.071223109482280778e-02	-8.186708857635472195e-03	7.581901253805193086e+00
1.219105527638190800e+01	1.949018197993707346e+00	1.314679590424070010e+00	4.343332673337799932e+00	-4.632440971742644853e-02	-8.204641413640734182e-02	4.560598827243417946e-02	-9.912624777310242302e-03	7.514353001396868237e+00
1.231663316582914369e+01	1.948095834742564314e+00	1.303409755207450171e+00	4.315418991384799341e+00	-4.890993819358277483e-02	-8.885498636926586480e-02	3.155683603517112773e-02	-1.076596123064869730e-02	7.449950531576487123e+00
1.244221105527637938e+01	1.947164721759319761e+00	1.292123695910704750e+00	4.287437636005272168e+00	-5.113890792099803212e-02	-9.475552564473384287e-02	1.854699661287785226e-02	-1.066302897797452923e-02	7.388715587744468571e+00
1.256778894472361685e+01	1.946224879783402306e+00	1.280823471649756184e+00	4.259393182774913633e+00	-5.302526881092169825e-02	-9.978457591395702153e-02	6.551148334405041546e-03	-9.622863833974815151e-03	7.330559973983623578e+00
1.269336683417085254e+01	1.945276329727432252e+00	1.269511124192033602e+00	4.231290172034031905e+00	-5.458288232420939468e-02	-1.039783598679531046e-01	-4.463207816033576934e-03	-7.770137497791103354e-03	7.275283038447511785e+00
1.281894472361808823e+01	1.944319092676168648e+00	1.258188677441079761e+00	4.203133107818104008e+00	-5.582550701781209546e-02	-1.073727631508330782e-01	-1.453487633000138425e-02	-5.322674376873554394e-03	7.222585057059832003e+00
1.294452261306532392e+01	1.943353189885446586e+00	1.246858136936546568e+00	4.174926456821155263e+00	-5.676678463428242588e-02	-1.100033168564845121e-01	-2.370768242537565906e-02	-2.564556416772895229e-03	7.172095443310232632e+00
1.307010050251256139e+01	1.942378642781110276e+00	1.235521489369606929e+00	4.146674647391951574e+00	-5.742022669434659887e-02	-1.119051781919990357e-01	-3.202890702948608947e-02	1.911966285282017651e-04	7.123411664255366205e+00
1.319567839195979708e+01	1.941395472957937463e+00	1.224180702113818242e+00	4.118382068563007259e+00	-5.779920156047663182e-02	-1.131131092545363676e-01	-3.954759949730844715e-02	2.644093909344671749e-03	7.076142427231785881e+00
1.332125628140703277e+01	1.940403702178556511e+00	1.212837722771435089e+00	4.090053069112340900e+00	-5.791692194718711661e-02	-1.136614539294965587e-01	-4.631293340229794553e-02	4.544630459746795345e-03	7.029947815243097864e+00
1.344683417085426846e+01	1.939403352372358835e+00	1.201494478735184890e+00	4.061691956657927705e+00	-5.778643286135782403e-02	-1.135841129760767898e-01	-5.237275924224094742e-02	5.723378263898186609e-03	6.984569860949694231e+00
1.357241206030150593e+01	1.938394445634402885e+00	1.190152876765482981e+00	4.033302996784750682e+00	-5.742059996314231168e-02	-1.129145174208788932e-01	-5.777247941145753629e-02	6.106566054403989897e-03	6.939849288443562081e+00
1.369798994974874162e+01	1.937377004224312804e+00	1.178814802583071142e+00	4.004890412204326289e+00	-5.683209834485219991e-02	-1.116856004306241296e-01	-6.255432941948295411e-02	5.716932455584378472e-03	6.895727123272335390e+00
1.382356783919597731e+01	1.936351050565168208e+00	1.167482120477038920e+00	3.976458381946567755e+00	-5.603340173151556691e-02	-1.099297678807713424e-01	-6.675710077077048887e-02	4.661454384579496492e-03	6.852232736990296225e+00
1.394914572864321300e+01	1.935316607242391518e+00	1.156156672928189577e+00	3.948011040583836895e+00	-5.503677211251485624e-02	-1.076788678775410790e-01	-7.041629147553522816e-02	3.109587971557081342e-03	6.809461977260384380e+00
1.407472361809045047e+01	1.934273697002624859e+00	1.144840280247687581e+00	3.919552477486975217e+00	-5.385424981872701661e-02	-1.049641595261945615e-01	-7.356462580736501666e-02	1.266595154683813852e-03	6.767550014739684983e+00
1.420030150753768616e+01	1.933222342752604517e+00	1.133534740230927040e+00	3.891086736113150035e+00	-5.249764406386950993e-02	-1.018162812682014418e-01	-7.623285045107718039e-02	-6.535825308614031130e-04	6.726643460782672612e+00
1.432587939698492185e+01	1.932162567558026067e+00	1.122241827826543137e+00	3.862617813325246008e+00	-5.097852397223348597e-02	-9.826521913394160868e-02	-7.845069265917035961e-02	-2.452298503968328332e-03	6.686875474440501677e+00
1.445145728643215932e+01	1.931094394642405510e+00	1.110963294820480840e+00	3.834149658742602718e+00	-4.930821011762825945e-02	-9.434027527570860994e-02	-8.024785857994955196e-02	-3.964638617159619779e-03	6.648346365615043219e+00
1.457703517587939501e+01	1.930017847385934626e+00	1.099700869535028547e+00	3.805686174122815402e+00	-4.749776660014197460e-02	-9.007003715792194498e-02	-8.165495582225196225e-02	-5.071188531014102392e-03	6.611110942932448609e+00
1.470261306532663070e+01	1.928932949324328572e+00	1.088456256542712497e+00	3.777231212774332381e+00	-4.555799368822492645e-02	-8.548234778755210705e-02	-8.270424138738774467e-02	-5.703073002723143235e-03	6.575172762775485680e+00
1.482819095477386639e+01	1.927839724147670353e+00	1.077231136394938282e+00	3.748788578999544985e+00	-4.349942105362610695e-02	-8.060427736777930896e-02	-8.343012115668829720e-02	-5.841011587155172692e-03	6.540484608376904596e+00
1.495376884422110386e+01	1.926738195699247980e+00	1.066027165365264873e+00	3.720362027568082652e+00	-4.133230162587304274e-02	-7.546209675186556221e-02	-8.386935656847355203e-02	-5.509649421873238744e-03	6.506953984264509216e+00
1.507934673366833955e+01	1.925628387974386291e+00	1.054845975207178821e+00	3.691955263219965033e+00	-3.906660609130415546e-02	-7.008125306214180172e-02	-8.406096441646823680e-02	-4.768674046660610795e-03	6.474452128784954574e+00
1.520492462311557524e+01	1.924510325119274112e+00	1.043689172926234088e+00	3.663571940198291799e+00	-3.671201805917774508e-02	-6.448634782098304485e-02	-8.404582378724730074e-02	-3.702264108652038137e-03	6.442824984467740101e+00
1.533050251256281094e+01	1.923384031429785868e+00	1.032558340566419153e+00	3.635215661811113552e+00	-3.427792991414869289e-02	-5.870111791680539953e-02	-8.386602769684171899e-02	-2.408283550782738640e-03	6.411904674728739373e+00
1.545608040201004840e+01	1.922249531350296525e+00	1.021455035010595536e+00	3.606889980022120135e+00	-3.177343937047505396e-02	-5.274841969863188623e-02	-8.356403451647852199e-02	-9.883836749287181790e-04	6.381520269122497702e+00
1.558165829145728409e+01	1.921106849472495215e+00	1.010380787794861623e+00	3.578598395069774174e+00	-2.920734673877576487e-02	-4.665021645794765331e-02	-8.318168518361723773e-02	4.601536735878377802e-04	6.351506937630378324e+00
1.570723618090451978e+01	1.919956010534187962e+00	9.993371049366688297e-01	3.550344355114495531e+00	-2.658815291107943790e-02	-4.042756951668895898e-02	-8.275915662059973865e-02	1.850371011467246384e-03	6.321712962548451387e+00
1.583281407035175548e+01	1.918797039418102646e+00	9.883254667765341006e-01	3.522131255913522718e+00	-2.392405806438098470e-02	-3.410063309575016299e-02	-8.233392045434344275e-02	3.109306955358318112e-03	6.292004457449042576e+00
1.595839195979899294e+01	1.917629961150681961e+00	9.773473278331649139e-01	3.493962440523009860e+00	-2.122296107705730003e-02	-2.768865308987662407e-02	-8.193977014543660231e-02	4.179643947755448154e-03	6.262267989142242364e+00
1.608396984924623041e+01	1.916454800900877720e+00	9.664041166718285725e-01	3.465841199026986175e+00	-1.849245964638169745e-02	-2.120996982282014054e-02	-8.160597025866178633e-02	5.019838590799250225e-03	6.232411555462628705e+00
1.620954773869346610e+01	1.915271583978936709e+00	9.554972357857735021e-01	3.437770768292720991e+00	-1.573985108914484343e-02	-1.468202480193964155e-02	-8.135657009042857046e-02	5.603350938065820332e-03	6.202364493013984514e+00
1.633512562814070179e+01	1.914080335835183222e+00	9.446280614905220308e-01	3.409754331752077761e+00	-1.297213380113617157e-02	-8.121371434788327362e-03	-8.120991131715943334e-02	5.917546474406394467e-03	6.172076858999104410e+00
1.646070351758793748e+01	1.912881082058797588e+00	9.337979438308383617e-01	3.381795019208433839e+00	-1.019600934509275018e-02	-1.543689612550714577e-03	-8.117834662903944398e-02	5.962674466456283594e-03	6.141518673977842901e+00
1.658628140703517673e+01	1.911673848376590490e+00	9.230082065001776748e-01	3.353895906668690419e+00	-7.417885130787359171e-03	5.036195992587798667e-03	-8.126817411939286917e-02	5.751083684652117702e-03	6.110679181972518137e+00
1.671185929648241242e+01	1.910458660651771501e+00	9.122601467724178459e-01	3.326060016199962721e+00	-4.643877645328281512e-03	1.160429412594278682e-02	-8.147978096594281350e-02	5.306585705456870819e-03	6.079566044844280093e+00
1.683743718592964811e+01	1.909235544882716296e+00	9.015550354456655091e-01	3.298290315810461060e+00	-1.879816186580127732e-03	1.814742190948666692e-02	-8.180797998571838481e-02	4.663675730096976738e-03	6.048204197606127153e+00
1.696301507537688380e+01	1.908004527201726308e+00	8.908941167979380626e-01	3.270589719354132452e+00	8.687529519949287226e-04	2.465317687847796285e-02	-8.224251422447581561e-02	3.866218589013545228e-03	6.016633997548806789e+00
1.708859296482411949e+01	1.906765633873788168e+00	8.802786085545073469e-01	3.242961086458588493e+00	3.596561900751025272e-03	3.110990646050601841e-02	-8.276869809661911714e-02	2.965237308478055507e-03	5.984908336459999312e+00
1.721417085427135518e+01	1.905518891295326034e+00	8.697097018666951618e-01	3.215407222475855864e+00	6.298616296435191435e-03	3.750667530509815828e-02	-8.336815897303527512e-02	2.015614726936806531e-03	5.953088562993312571e+00
1.733974874371859087e+01	1.904264325992953255e+00	8.591885613019063506e-01	3.187930878455489392e+00	8.970190089264869215e-03	4.383323090948624406e-02	-8.401964075884081617e-02	1.071809976183725607e-03	5.921239355966442908e+00
1.746532663316582656e+01	1.903001964622217601e+00	8.487163248446860653e-01	3.160534751139565390e+00	1.160682013739029912e-02	5.007996801696997652e-02	-8.469983107761978880e-02	1.830328895524992801e-04	5.889423030572761952e+00
1.759090452261306581e+01	1.901731833966346041e+00	8.382941039085800572e-01	3.133221482979105854e+00	1.420430065225062113e-02	5.623789228789140282e-02	-8.538417620503227501e-02	-6.113887238359779538e-04	5.857694048865305092e+00
1.771648241206030150e+01	1.900453960934981756e+00	8.279229833585828313e-01	3.105993662171439240e+00	1.675867755798365541e-02	6.229858375893246314e-02	-8.604765268113057086e-02	-1.285572684010586036e-03	5.826094642416778768e+00
1.784206030150753719e+01	1.899168372562924034e+00	8.176040215439499548e-01	3.078853822718043531e+00	1.926624282672129151e-02	6.825416061386242739e-02	-8.666547113629638477e-02	-1.828779777910369579e-03	5.794652369351294574e+00
1.796763819095477288e+01	1.897875096008857065e+00	8.073382503411562494e-01	3.051804444502391078e+00	2.172352884927366765e-02	7.409724378764885599e-02	-8.721369561617139943e-02	-2.244761710947557401e-03	5.763380106162207639e+00
1.809321608040200857e+01	1.896574158554085177e+00	7.971266752067749373e-01	3.024847953387326704e+00	2.412730289740606590e-02	7.982092291589892863e-02	-8.766976975408505290e-02	-2.548775308965779696e-03	5.732278467898440866e+00
1.821879396984924426e+01	1.895265587601255186e+00	7.869702752400593582e-01	2.997986721331508786e+00	2.647456172965554147e-02	8.541872412286331817e-02	-8.801294865043465809e-02	-2.762851525833574795e-03	5.701340069849073267e+00
1.834437185929647995e+01	1.893949410673083866e+00	7.768700032549983314e-01	2.971223066524445677e+00	2.876252638748208468e-02	9.088458011389410895e-02	-8.822464152939471504e-02	-2.910401016023488486e-03	5.670554544408485498e+00
1.846994974874371920e+01	1.892625655411076968e+00	7.668267858616263366e-01	2.944559253539651422e+00	3.098863722255259037e-02	9.621280300254989037e-02	-8.828867466085728311e-02	-3.011486914736282664e-03	5.639912973461864709e+00
1.859552763819095489e+01	1.891294349574250022e+00	7.568415235563653587e-01	2.917997493505473550e+00	3.315054918921039873e-02	1.013980602589381053e-01	-8.819148650717553717e-02	-3.079974385634538271e-03	5.609410515191427749e+00
1.872110552763819058e+01	1.889955521037843145e+00	7.469150908211702466e-01	2.891539944293107567e+00	3.524612742876947341e-02	1.064353541148904403e-01	-8.792226777536615856e-02	-3.123246764755166840e-03	5.579046523155660076e+00
1.884668341708542627e+01	1.888609197792034511e+00	7.370483362312628683e-01	2.865188710721353171e+00	3.727344316431606408e-02	1.113200047038775120e-01	-8.747305848786798843e-02	-3.144370773502422767e-03	5.548822263351473438e+00
1.897226130653266196e+01	1.887255407940652940e+00	7.272420825712255787e-01	2.838945844777654770e+00	3.923076991631516824e-02	1.160476371499434417e-01	-8.683881290714876022e-02	-3.145745683926339745e-03	5.518737183764717003e+00
1.909783919597989765e+01	1.885894179699884932e+00	7.174971269592375078e-01	2.812813345854960012e+00	4.111658004064686761e-02	1.206141727512650003e-01	-8.601744167898538185e-02	-3.132698233578623190e-03	5.488785265393430812e+00
1.922341708542713334e+01	1.884525541396982806e+00	7.078142409792305134e-01	2.786793161003962904e+00	4.292954158187478608e-02	1.250158243311672024e-01	-8.500983920367613522e-02	-3.115445308278147907e-03	5.458953024781263430e+00
1.934899497487436903e+01	1.883149521468967968e+00	6.981941708207454189e-01	2.760887185200270100e+00	4.466851542573797851e-02	1.292490957536278351e-01	-8.381990302886331567e-02	-3.108414064466158422e-03	5.429220171576019993e+00
1.947457286432160828e+01	1.881766148461335497e+00	6.886376374262729305e-01	2.735097261626058263e+00	4.633255272620068893e-02	1.333107855225607041e-01	-8.245455075514136756e-02	-3.126908114836563727e-03	5.399562926892450321e+00
1.960015075376884397e+01	1.880375451026753186e+00	6.791453366458589658e-01	2.709425181965782858e+00	4.792089257406256797e-02	1.371979943056913509e-01	-8.092373820103493376e-02	-3.182160076703334940e-03	5.369958958240410141e+00
1.972572864321607966e+01	1.878977457923761030e+00	6.697179393987581220e-01	2.683872686715495171e+00	4.943295986627254529e-02	1.409081361458309756e-01	-7.924048007924797132e-02	-3.276489576921802916e-03	5.340392210393948069e+00
1.985130653266331535e+01	1.877572198015468263e+00	6.603560918419266734e-01	2.658441465505356760e+00	5.086836332785926729e-02	1.444389530460902793e-01	-7.742087109480760843e-02	-3.400311825375131134e-03	5.310855888816517378e+00
1.997688442211055104e+01	1.876159700268248853e+00	6.510604155451359398e-01	2.633133157434910832e+00	5.222689363193950413e-02	1.477885325423508589e-01	-7.548410139731581703e-02	-3.532110909533005966e-03	5.281352487115737127e+00
2.010246231155778673e+01	1.874739993750436540e+00	6.418315076725005230e-01	2.607949351420705053e+00	5.350852155772559127e-02	1.509553278074264870e-01	-7.345245620834137124e-02	-3.641472654825713383e-03	5.251890773345627039e+00
2.022804020100502242e+01	1.873313107631015884e+00	6.326699411702081388e-01	2.582891586555839503e+00	5.471339612195469382e-02	1.539381797681090569e-01	-7.135128588576129804e-02	-3.694273985699738933e-03	5.222480651375666305e+00
2.035361809045226167e+01	1.871879071178315312e+00	6.235762649602488716e-01	2.557961352481045836e+00	5.584184261581339598e-02	1.567363406599940334e-01	-6.920893036468873938e-02	-3.658513708797884057e-03	5.193127427821930375e+00
2.047919597989949736e+01	1.870437913758695503e+00	6.145510041399364631e-01	2.533160089766883338e+00	5.689436047732528146e-02	1.593494983968547218e-01	-6.705658132924555148e-02	-3.509218053496757517e-03	5.163827067156954165e+00
2.060477386934673305e+01	1.868989664835241316e+00	6.055946601870173529e-01	2.508489190306661953e+00	5.787162092838482597e-02	1.617778010925945420e-01	-6.492806680336633829e-02	-3.231306482182380157e-03	5.134563564064350771e+00
2.073035175879396874e+01	1.867534353966445737e+00	5.967077111701705183e-01	2.483949997719697489e+00	5.877446430619988338e-02	1.640218810455167375e-01	-6.285954592849421485e-02	-2.820033525364723948e-03	5.105308828754171913e+00
2.085592964824120443e+01	1.866072010804900705e+00	5.878906119646980510e-01	2.459543807764515755e+00	5.960389702089104874e-02	1.660828774778560779e-01	-6.088910605204637949e-02	-2.279352367725311686e-03	5.076024746613090777e+00
2.098150753768844012e+01	1.864602665095981715e+00	5.791437944732111820e-01	2.435271868761625491e+00	6.036108807437379903e-02	1.679624573190072745e-01	-5.905625925213738719e-02	-1.619053432667168224e-03	5.046666561039396370e+00
2.110708542713567581e+01	1.863126346676532208e+00	5.704676678511160226e-01	2.411135382025487051e+00	6.104736508041816445e-02	1.696628333294105395e-01	-5.740134044140145914e-02	-8.517101506496298040e-04	5.017186544370912493e+00
2.123266331658291151e+01	1.861643085473551951e+00	5.618626187367127267e-01	2.387135502305302470e+00	6.166420973186542698e-02	1.711867788840305549e-01	-5.596481373859397285e-02	9.672429638133057091e-06	4.987537053822507893e+00
2.135824120603015075e+01	1.860152911502877870e+00	5.533290114857122299e-01	2.363273338234276100e+00	6.221325266833912376e-02	1.725376387701345327e-01	-5.478649760937098073e-02	9.527654903945522802e-04	4.957672420542364122e+00
2.148381909547738644e+01	1.858655854867869106e+00	5.448671884099952623e-01	2.339549952786982079e+00	6.269626770627970136e-02	1.737193354035516391e-01	-5.390472233205671759e-02	1.965680249942154678e-03	4.927549557092563148e+00
2.160939698492462213e+01	1.857151945758092060e+00	5.364774700204161251e-01	2.315966363744487833e+00	6.311516540266783049e-02	1.747363699306066775e-01	-5.335543579612615078e-02	3.035684412233719248e-03	4.897127563472378320e+00
2.173497487437185782e+01	1.855641214448001675e+00	5.281601552734833671e-01	2.292523544166893412e+00	6.347198593420436130e-02	1.755938177588292903e-01	-5.317127573252232453e-02	4.147426805613450146e-03	4.866366868654504074e+00
2.186055276381909351e+01	1.854123691295626042e+00	5.199155218217308416e-01	2.269222422872950506e+00	6.376889128482730873e-02	1.762973181475190609e-01	-5.338062843028072019e-02	5.281299598534124756e-03	4.835228516590906800e+00
2.198613065326632920e+01	1.852599406741248123e+00	5.117438262676075045e-01	2.246063884926416065e+00	6.400815674607769623e-02	1.768530575881134270e-01	-5.400669593858571649e-02	6.412463180177453009e-03	4.803674099511054507e+00
2.211170854271356490e+01	1.851068391306090355e+00	5.036453044207100938e-01	2.223048772128834116e+00	6.419216174676369013e-02	1.772677468125366251e-01	-5.506659567287651436e-02	7.510829387575702551e-03	4.771666610129634556e+00
2.223728643216080414e+01	1.849530675590996820e+00	4.956201715581898815e-01	2.200177883518402933e+00	6.432338004041189550e-02	1.775485913835644081e-01	-5.657051808966847423e-02	8.542023354370079438e-03	4.739172207356267208e+00
2.236286432160803983e+01	1.847986290275117627e+00	4.876686226881681296e-01	2.177451975874639345e+00	6.440436929089675411e-02	1.777032559425864022e-01	-5.852096943122021833e-02	9.469100993622119739e-03	4.706162645633810371e+00
2.248844221105527552e+01	1.846435266114591522e+00	4.797908328159878888e-01	2.154871764228493802e+00	6.443776010819221578e-02	1.777398223147339251e-01	-6.091212721170907035e-02	1.025464267917935643e-02	4.672617961049469137e+00
2.261402010050251121e+01	1.844877633941230943e+00	4.719869572131494273e-01	2.132437922377657280e+00	6.442624459714910157e-02	1.776667417965679396e-01	-6.372933591407069220e-02	1.086279675872847163e-02	4.638528960770412546e+00
2.273959798994974690e+01	1.843313424661205957e+00	4.642571316887615929e-01	2.110151083406724748e+00	6.437256449236693212e-02	1.774927820747698171e-01	-6.694876918334702331e-02	1.126090507187945539e-02	4.603899122212361306e+00
2.286517587939698259e+01	1.841742669253730424e+00	4.566014728633573938e-01	2.088011840211946524e+00	6.427949896136918306e-02	1.772269693426913595e-01	-7.053728264890833655e-02	1.142048549896105755e-02	4.568745653483147429e+00
2.299075376884421829e+01	1.840165398769747274e+00	4.490200784449157601e-01	2.066020746030266420e+00	6.414985216623197983e-02	1.768785262924459922e-01	-7.445247849625932779e-02	1.131754078872930502e-02	4.533099663996077666e+00
2.311633165829145398e+01	1.838581644330614662e+00	4.415130275069409915e-01	2.044178314972378452e+00	6.398644068036625498e-02	1.764568067606127333e-01	-7.864299920652842446e-02	1.093236523393088279e-02	4.497005600278314752e+00
2.324190954773869322e+01	1.836991437126794358e+00	4.340803807684490145e-01	2.022485022559513457e+00	6.379208086217917628e-02	1.759712278929707607e-01	-8.304906364740365088e-02	1.024918260144160910e-02	4.460520268163945090e+00
2.336748743718592891e+01	1.835394808416539680e+00	4.267221808757142854e-01	2.000941306263698483e+00	6.356957629070401905e-02	1.754312007654587058e-01	-8.760325402241397885e-02	9.256028839376036904e-03	4.423711847429077082e+00
2.349306532663316460e+01	1.833791789524585214e+00	4.194384526856342332e-01	1.979547566051204965e+00	6.332170536991720000e-02	1.748460604526094753e-01	-9.223155704001413657e-02	7.945271993738241278e-03	4.386659289037675435e+00
2.361864321608040029e+01	1.832182411840836966e+00	4.122292035505701335e-01	1.958304164928951874e+00	6.305120920828073683e-02	1.742249965691445579e-01	-9.685465689425482028e-02	6.315047278408512238e-03	4.349452376481937499e+00
2.374422110552763598e+01	1.830566706819064304e+00	4.050944236045255775e-01	1.937211429493582937e+00	6.276077987806143177e-02	1.735769853238430804e-01	-1.013894709924003101e-01	4.371704746515010093e-03	4.312192558873192638e+00
2.386979899497487168e+01	1.828944705975593443e+00	3.980340860505269807e-01	1.916269650482982811e+00	6.245304915517867206e-02	1.729107241162113062e-01	-1.057509115129259547e-01	2.133153042962697681e-03	4.274994457310529405e+00
2.399537688442210737e+01	1.827316440888000937e+00	3.910481474490724585e-01	1.895479083329984826e+00	6.213057783480032542e-02	1.722345696754976618e-01	-1.098538465655618246e-01	-3.672373459755933563e-04	4.237987735265818401e+00
2.412095477386934661e+01	1.825681943193809831e+00	3.841365480075181749e-01	1.874839948718023175e+00	6.179584571071210924e-02	1.715564806883065896e-01	-1.136152238421728605e-01	-3.076712696430061299e-03	4.201318829779767228e+00
2.424653266331658230e+01	1.824041244589188260e+00	3.772992118702756525e-01	1.854352433138507728e+00	6.145124229777862435e-02	1.708839657862191996e-01	-1.169563073431774541e-01	-5.919906677249974804e-03	4.165151883661541099e+00
2.437211055276381799e+01	1.822394376827646711e+00	3.705360474096903722e-01	1.834016689449668114e+00	6.109905836673798496e-02	1.702240376696925184e-01	-1.198049645384371975e-01	-8.797121662500351214e-03	4.129668123522498568e+00
2.449768844221105368e+01	1.820741371718739732e+00	3.638469475174830325e-01	1.813832837436666789e+00	6.074147834933522894e-02	1.695831740309877711e-01	-1.220979280712073400e-01	-1.158495893548935549e-02	4.095062922046516007e+00
2.462326633165828937e+01	1.819082261126768518e+00	3.572317898966290706e-01	1.793800964372739948e+00	6.038057365960906864e-02	1.689672858093448915e-01	-1.237829441238419564e-01	-1.414003604930082376e-02	4.061539894691948760e+00
2.474884422110552507e+01	1.817417076969484624e+00	3.506904373535598696e-01	1.773921125581153113e+00	6.001829696424923477e-02	1.683816931689879615e-01	-1.248207104269128953e-01	-1.630628084718374962e-02	4.029301638763338467e+00
2.487442211055276076e+01	1.815745851216797435e+00	3.442227380905691358e-01	1.754193344997764692e+00	5.965647742159220501e-02	1.678311094381013946e-01	-1.251865023536431476e-01	-1.792587261912964233e-02	3.998537146192052028e+00
2.500000000000000000e+01	1.814068615889482317e+00	3.378285259983095923e-01	1.734617615733978768e+00	5.929681689528856769e-02	1.673196330882991967e-01	-1.248713872712022277e-01	-1.885331288485957504e-02	3.969406507449297017e+00
