# q (inverse Angstrom) 1s2 2s2 2p6 3s2 3p6 3d10 4s2 4p1 total
1.000000000000000021e-02	1.994813612975938399e+00	1.997105353335165034e+00	5.993333707623311746e+00	1.998365965100846964e+00	5.995115670041664124e+00	9.991195704737325656e+00	1.998284144644899563e+00	9.989962756926935583e-01	3.096721043415184482e+01
1.355778894472361717e-01	1.994808671804744860e+00	1.997016158157236987e+00	5.993123311685099708e+00	1.997579977674958984e+00	5.992533699902248046e+00	9.984968256801559860e+00	1.987023909942401856e+00	9.881618180408481278e-01	3.093521580400909343e+01
2.611557788944723346e-01	1.994795175041681246e+00	1.996773095120352837e+00	5.992549959827205619e+00	1.995439505562520477e+00	5.985503190805396834e+00	9.968026465579011841e+00	1.956674692475289801e+00	9.592966003750921233e-01	3.084905868478655222e+01
3.867336683417085252e-01	1.994773133776920560e+00	1.996376225747226174e+00	5.991613786620979099e+00	1.991948792307523419e+00	5.974040698401403837e+00	9.940451855161118289e+00	1.908154528053423338e+00	9.141578320631364996e-01	3.071151685213173010e+01
5.123115577889446604e-01	1.994742548670453974e+00	1.995825646708825563e+00	5.990315000595517247e+00	1.987114749263054314e+00	5.958173169554994431e+00	9.902376454706583786e+00	1.842901533105468115e+00	8.553775883389835855e-01	3.052682669094387791e+01
6.378894472361807955e-01	1.994703420390013582e+00	1.995121492033760546e+00	5.988653890821336923e+00	1.980946931289574442e+00	5.937937820785688992e+00	9.853981241391990054e+00	1.762792026905205311e+00	7.861691702209996357e-01	3.030030599383857393e+01
7.634673366834170416e-01	1.994655749747761497e+00	1.994263933075992812e+00	5.986630826864924870e+00	1.973457502261621865e+00	5.913381968199605154e+00	9.795494026898772688e+00	1.670038105166911535e+00	7.100001202415923141e-01	3.003792223245718063e+01
8.890452261306531767e-01	1.994599537721102100e+00	1.993253178440351325e+00	5.984246258632193616e+00	1.964661191277433439e+00	5.884562812172610791e+00	9.727186837418351217e+00	1.567073663874214429e+00	6.302830002371938578e-01	2.974586647977345422e+01
1.014623115577889312e+00	1.994534785458000892e+00	1.992089473887572959e+00	5.981500716165215614e+00	1.954575239831105815e+00	5.851547178450587694e+00	9.649372844600769383e+00	1.456438141493922256e+00	5.501228720040280962e-01	2.943018125189120582e+01
1.140201005025125447e+00	1.994461494278752633e+00	1.990773102221536472e+00	5.978394809400029430e+00	1.943219340251616689e+00	5.814411217634427587e+00	9.562402912923424481e+00	1.340666463269412301e+00	4.721427401896763354e-01	2.909647208016887276e+01
1.265778894472361582e+00	1.994379665676654589e+00	1.989304383159287370e+00	5.974929227887299632e+00	1.930615565760535057e+00	5.773240065311445512e+00	9.466661834784327212e+00	1.222192068060234948e+00	3.983907991786893033e-01	2.874971360981847113e+01
1.391356783919597717e+00	1.994289301318274754e+00	1.987683673184124311e+00	5.971104740476484984e+00	1.916788292545346772e+00	5.728127465364318383e+00	9.362564328116180334e+00	1.103267798880811057e+00	3.303202342622464371e-01	2.839414583414778193e+01
1.516934673366834074e+00	1.994190403043543114e+00	1.985911365381885396e+00	5.966922194963913739e+00	1.901764114287199270e+00	5.679175359229558850e+00	9.250550872486481779e+00	9.859071823464838902e-01	2.688250827438484203e-01	2.803324657448291291e+01
1.642512562814070209e+00	1.994082972865756087e+00	1.983987889260600657e+00	5.962382517705106189e+00	1.885571749620180482e+00	5.626493444087434348e+00	9.131083458610696368e+00	8.718465065872121889e-01	2.143136285073158065e-01	2.766976216724430060e+01
1.768090452261306345e+00	1.993967012971535446e+00	1.981913710553635077e+00	5.957486713191672223e+00	1.868241943033665864e+00	5.570198703142381191e+00	9.004641323162038802e+00	7.625263487381892524e-01	1.668022379302907254e-01	2.730577799272341011e+01
1.893668341708542480e+00	1.993842525720757042e+00	1.979689331006495356e+00	5.952235863593132947e+00	1.849807359759580994e+00	5.510414911296050988e+00	8.871716735982106528e+00	6.590899251571420425e-01	1.260156343088916220e-01	2.694281228682416085e+01
2.019246231155778393e+00	1.993709513646458653e+00	1.977315288147446282e+00	5.946631128264028732e+00	1.830302475212464142e+00	5.447272119623580267e+00	8.732810900597577586e+00	5.623948757985047786e-01	9.148309278576841064e-02	2.658191939407582893e+01
2.144824120603014528e+00	1.993567979454734740e+00	1.974792155042123465e+00	5.940673743216717817e+00	1.809763459571800848e+00	5.380906122137063541e+00	8.588430021671358716e+00	4.730348151367240184e-01	6.262331026219718211e-02	2.622379160649272123e+01
2.270402010050250663e+00	1.993417926024616538e+00	1.972120540032325176e+00	5.934365020560262494e+00	1.788228058113191743e+00	5.311457908359103364e+00	8.439081585009345687e+00	3.913671056861953712e-01	3.881357565285985939e-02	2.586885171943790240e+01
2.395979899497486798e+00	1.993259356407943939e+00	1.969301086459174011e+00	5.927706347905862927e+00	1.765735467907423084e+00	5.239073105234298922e+00	8.285270887341921409e+00	3.175437319623510279e-01	1.944128528554200930e-02	2.551733126850451683e+01
2.521557788944722933e+00	1.993092273829223160e+00	1.966334472370866226e+00	5.920699187739291602e+00	1.742326211514484857e+00	5.163901411878863534e+00	8.127497844611744071e+00	2.515427613088052627e-01	3.937777676623771712e-03	2.516933194092989723e+01
2.647135678391959068e+00	1.992916681685481750e+00	1.963221410215223228e+00	5.913345076760818664e+00	1.718042008303021007e+00	5.086096030609946972e+00	7.966254099198970096e+00	1.931985679786236143e-01	-8.204094522252545346e-03	2.482486978022983237e+01
2.772713567839195203e+00	1.992732583546107383e+00	1.959962646517273033e+00	5.905645625193154835e+00	1.692925644024737108e+00	5.005813097608487361e+00	7.802020438630981936e+00	1.422296771012997452e-01	-1.742617738349401882e-02	2.448390353523854657e+01
2.898291457286431339e+00	1.992539983152684435e+00	1.956558961542107289e+00	5.897602516057927069e+00	1.667020839268027688e+00	4.923211116454984548e+00	7.635264531038319369e+00	9.826368398026157081e-02	-2.411170737813179976e-02	2.414634992411617986e+01
3.023869346733667918e+00	1.992338884418815903e+00	1.953011168943259213e+00	5.889217504421272231e+00	1.640372117405720198e+00	4.838450397638776046e+00	7.466438976068112687e+00	6.085917218555025182e-02	-2.859852643550653273e-02	2.381208969464600145e+01
3.149447236180904053e+00	1.992129291429943772e+00	1.949320115396869557e+00	5.880492416609109263e+00	1.613024672638526669e+00	4.751692506981155084e+00	7.295979664241816209e+00	2.952486554346436462e-02	-3.119453549331062045e-02	2.348096899734757770e+01
3.275025125628140188e+00	1.991911208443155390e+00	1.945486680221903519e+00	5.871429149392695557e+00	1.585024238718817591e+00	4.663099725733616197e+00	7.124304432896938266e+00	3.736402448323370394e-03	-3.219134707096159287e-02	2.315280049078448599e+01
3.400603015075376323e+00	1.991684639886984298e+00	1.941511774986707239e+00	5.862029669145109700e+00	1.556416958918937166e+00	4.572834524917769095e+00	6.951812002898515530e+00	-1.704886442671876834e-02	-3.187305913050525463e-02	2.282736764719680167e+01
3.526180904522612458e+00	1.991449590361203947e+00	1.937396343102182783e+00	5.852296010969274320e+00	1.527249257784705216e+00	4.481059056265801033e+00	6.778881177231422583e+00	-3.337872720803439219e-02	-3.051859989883213761e-02	2.250443410860772175e+01
3.651758793969848593e+00	1.991206064636609430e+00	1.933141359401887804e+00	5.842230277798210913e+00	1.497567715188383053e+00	4.387934661902916034e+00	6.605870280351975765e+00	-4.579446696942017503e-02	-2.839778450155259343e-02	2.218375810780900892e+01
3.777336683417084728e+00	1.990954067654796322e+00	1.928747829709363648e+00	5.831834639468177706e+00	1.467418943166433953e+00	4.293621404688604315e+00	6.433116815730363314e+00	-5.482065707306578439e-02	-2.576265484909339570e-02	2.186511038849558020e+01
3.902914572864320863e+00	1.990693604527928207e+00	1.924216790393000531e+00	5.821111331765417951e+00	1.436849465996298036e+00	4.198277620904793395e+00	6.260937318284708120e+00	-6.095651096452151668e-02	-2.283660542038278701e-02	2.154829301548723919e+01
4.028492462311556999e+00	1.990424680538495528e+00	1.919549307908770874e+00	5.810062655447203461e+00	1.405905603933384151e+00	4.102059496748496237e+00	6.089627378314248496e+00	-6.466890560344404348e-02	-1.980419157391763788e-02	2.123315602571323524e+01
4.154070351758793578e+00	1.990147301139070235e+00	1.914746478331153856e+00	5.798690975237938972e+00	1.374633360994961251e+00	4.005120669856860438e+00	5.919461813998740496e+00	-6.638718253769743116e-02	-1.680439795968746708e-02	2.091960901906134040e+01
4.279648241206029269e+00	1.989861471952048877e+00	1.909809426872589144e+00	5.786998718801029007e+00	1.343078317141864098e+00	3.907611856865888633e+00	5.750694970456911470e+00	-6.649973423514353443e-02	-1.392949393223555030e-02	2.060762553392295260e+01
4.405226130653265848e+00	1.989567198769389256e+00	1.904739307391802861e+00	5.774988375687311937e+00	1.311285525172319666e+00	3.809680507782500225e+00	5.583561124661729380e+00	-6.535225051200678481e-02	-1.123041201159858185e-02	2.029723937694144809e+01
4.530804020100501539e+00	1.989264487552340421e+00	1.899537301891355501e+00	5.762662496260800182e+00	1.279299412605010566e+00	3.711470487734901624e+00	5.418274977109490464e+00	-6.324736612164748306e-02	-8.727999074053178694e-03	1.998853379795819407e+01
4.656381909547738118e+00	1.988953344431161119e+00	1.894204620004767081e+00	5.750023690602526827e+00	1.247163688791051994e+00	3.613121786459899010e+00	5.255032212951684656e+00	-6.044535469401882827e-02	-6.427870859626554426e-03	1.968162611768745052e+01
4.781959798994973809e+00	1.988633775704835793e+00	1.888742498473579889e+00	5.737074627393298876e+00	1.214921257457184378e+00	3.514770255689365186e+00	5.094010117246662084e+00	-5.716548674285402282e-02	-4.335427546491259568e-03	1.937665161767558430e+01
4.907537688442210388e+00	1.988305787840778605e+00	1.883152200614723215e+00	5.723818032776152975e+00	1.182614134845399123e+00	3.416547374412348681e+00	4.935368231000510697e+00	-5.358772389592444257e-02	-2.467256964882923263e-03	1.907375078062910490e+01
5.033115577889446079e+00	1.987969387474530336e+00	1.877435015778556426e+00	5.710256689199336932e+00	1.150283373577763113e+00	3.318580041815597514e+00	4.779249036678507423e+00	-4.985454941050310868e-02	-8.558183881423225879e-04	1.877306317672564617e+01
5.158693467336682659e+00	1.987624581409449087e+00	1.871592258797956321e+00	5.696393434240646592e+00	1.117968992339542389e+00	3.220990397543782358e+00	4.625778663820895531e+00	-4.607290638139547451e-02	4.541513310708785258e-04	1.847472957310194630e+01
5.284271356783918350e+00	1.987271376616393193e+00	1.865625269428838884e+00	5.682231159413947630e+00	1.085709911439145303e+00	3.123895668772334933e+00	4.475067607238429446e+00	-4.231638447040968198e-02	1.416959420554614324e-03	1.817890156785923494e+01
5.409849246231154929e+00	1.986909780233393485e+00	1.859535411782487602e+00	5.667772808958716269e+00	1.053543894270069892e+00	3.027408043450526165e+00	4.327211451949940724e+00	-3.862791397399108900e-02	2.002244442234316687e-03	1.788575572111338019e+01
5.535427135678390620e+00	1.986539799565323561e+00	1.853324073750083123e+00	5.653021378613473757e+00	1.021507494668128624e+00	2.931634568950594488e+00	4.182291600520360753e+00	-3.502325260149549702e-02	2.211687256451002302e-03	1.759550735072292227e+01
5.661005025125627199e+00	1.986161442083555384e+00	1.846992666419815521e+00	5.637979914373921986e+00	9.896360101269354725e-01	2.836677075250108260e+00	4.040375999735637436e+00	-3.149546757862414087e-02	2.090817705402427031e-03	1.730841845811675483e+01
5.786582914572862890e+00	1.985774715425613568e+00	1.840542623486979279e+00	5.622651511236684385e+00	9.579634408060417883e-01	2.742632121679462465e+00	3.901519864592690734e+00	-2.802043559243180479e-02	1.731253064756358350e-03	1.702479509469979746e+01
5.912160804020099469e+00	1.985379627394818769e+00	1.833975400657433807e+00	5.607039311929474579e+00	9.265224542393817320e-01	2.649590966183862584e+00	3.765766398378762592e+00	-2.456314732023659811e-02	1.260960186868151584e-03	1.674497197165036511e+01
6.037738693467336049e+00	1.984976185959923756e+00	1.827292475044833830e+00	5.591146505628588947e+00	8.953443556268865233e-01	2.557639555979286161e+00	3.633147508166014283e+00	-2.108437398269032148e-02	8.235975424150324001e-04	1.646928580996525326e+01
6.163316582914571740e+00	1.984564399254742595e+00	1.820495344562020223e+00	5.574976326664553561e+00	8.644590635693165659e-01	2.466858538424092639e+00	3.503684515364038354e+00	-1.754709648949478312e-02	5.516971190226924995e-04	1.619804278846829249e+01
6.288894472361808319e+00	1.984144275577773620e+00	1.813585527306972756e+00	5.558532053216818092e+00	8.338950910856325338e-01	2.377323290881736551e+00	3.377388861074139381e+00	-1.392206330515862074e-02	5.410525848582083954e-04	1.593148808842277298e+01
6.414472361809044010e+00	1.983715823391813293e+00	1.806564560943715536e+00	5.541817005998351142e+00	8.036795317335651001e-01	2.289103968314934789e+00	3.254262805902222500e+00	-1.019194852601020516e-02	8.339841510589059061e-04	1.566978573190965029e+01
6.540050251256280589e+00	1.983279051323559861e+00	1.799434002078584616e+00	5.524834546931002066e+00	7.738380506374841206e-01	2.202265567326907814e+00	3.134300123645757274e+00	-6.353804062218258546e-03	1.416681820146019821e-03	1.541301421970122476e+01
6.665628140703516280e+00	1.982833968163217442e+00	1.792195425632241657e+00	5.507588077812494376e+00	7.443948802132270837e-01	2.116868005350552639e+00	3.017486787914164914e+00	-2.419781538950467343e-03	2.231243257100495783e-03	1.516117860680404661e+01
6.791206030150752859e+00	1.982380582864085916e+00	1.784850424207842456e+00	5.490081038975906935e+00	7.153728203671495534e-01	2.032966213680737599e+00	2.903801650313253990e+00	1.583634970798864687e-03	3.197992697063921103e-03	1.491423435807683973e+01
6.916783919597988550e+00	1.981918904542145254e+00	1.777400607455748904e+00	5.472316907942507136e+00	6.867932429363484692e-01	1.950610243047958825e+00	2.793217108366889967e+00	5.617464568366724309e-03	4.240213410089258179e-03	1.467211469227005338e+01
7.042361809045225129e+00	1.981448942475634079e+00	1.769847601435184936e+00	5.454299198068780719e+00	6.586761001286564055e-01	1.869845380442480387e+00	2.685699760905196687e+00	9.632660158610967596e-03	5.302975828453149534e-03	1.443475261944299781e+01
7.167939698492460820e+00	1.980970706104620227e+00	1.762193047973223292e+00	5.436031457188514437e+00	6.310399367146217742e-01	1.790712275916350738e+00	2.581211048257757490e+00	1.357273581691238046e-02	6.360425686071772590e-03	1.420209163365807292e+01
7.293517587939697400e+00	1.980484205030562217e+00	1.754438604021500092e+00	5.417517266250766461e+00	6.039019057191556961e-01	1.713247078115617050e+00	2.479707874286758429e+00	1.737635622310952643e-02	7.410486874569532229e-03	1.397408377652203804e+01
7.419095477386933091e+00	1.979989449015866931e+00	1.746585941011044030e+00	5.398760237954567387e+00	5.772777873577975560e-01	1.637481577326077797e+00	2.381143207106725335e+00	2.097984170597471179e-02	8.460483241842991359e-03	1.375067852471989482e+01
7.544673366834169670e+00	1.979486447983437536e+00	1.738636744205604101e+00	5.379764015381174325e+00	5.511820109615115371e-01	1.563443354852404044e+00	2.285466655284371651e+00	2.431968892818242925e-02	9.509958538897881827e-03	1.353180887613558525e+01
7.670251256281405361e+00	1.978975212016216512e+00	1.730592712053863558e+00	5.360532270624704942e+00	5.256276796345130675e-01	1.491155937591862601e+00	2.192625016405624905e+00	2.733526495611088292e-02	1.053718234671406108e-02	1.331738127562961083e+01
7.795829145728641940e+00	1.978455751356717807e+00	1.722455555540914673e+00	5.341068703421951724e+00	5.006265973917047862e-01	1.420638956709607381e+00	2.102562795139474083e+00	2.997178730538659422e-02	1.149380101852085639e-02	1.310727394788427880e+01
7.921407035175877631e+00	1.977928076406557656e+00	1.714226997539377351e+00	5.321377039782205109e+00	4.761892985258039390e-01	1.351908309372061634e+00	2.015222688313116350e+00	3.218357504032051675e-02	1.230892484872166300e-02	1.290134490982816473e+01
8.046984924623114210e+00	1.977392197725972967e+00	1.705908772160525499e+00	5.301461030617844017e+00	4.523250789590290144e-01	1.284976322547702221e+00	1.930546035024404139e+00	3.393739164856386659e-02	1.290090587390823294e-02	1.269944773455795151e+01
8.172562814070349901e+00	1.976848126033336150e+00	1.697502624105797109e+00	5.281324450376510882e+00	4.290420293402015250e-01	1.219851917940186103e+00	1.848473230432204906e+00	3.521555338239218402e-02	1.319308267130473583e-02	1.250145101428193506e+01
8.298140703517587369e+00	1.976295872204661519e+00	1.689010308019047724e+00	5.260971095675606612e+00	4.063470696551709227e-01	1.156540777176609858e+00	1.768944102552301390e+00	3.601839288055705413e-02	1.312920095152532267e-02	1.230725681911548186e+01
8.423718592964823060e+00	1.975735447273106127e+00	1.680433587839906151e+00	5.240404783939907496e+00	3.842459851264969362e-01	1.095045506433453664e+00	1.691898252110088929e+00	3.636567232730197885e-02	1.268489240693250301e-02	1.211681412745719477e+01
8.549296482412058751e+00	1.975166862428462178e+00	1.671774236158587223e+00	5.219629352043011927e+00	3.627434631871877535e-01	1.035365799743827031e+00	1.617275356221914873e+00	3.629663299937277432e-02	1.187304098666575047e-02	1.193012474376902965e+01
8.674874371859294442e+00	1.974590129016644546e+00	1.663034033572511339e+00	5.198648654953377246e+00	3.418431313229117197e-01	9.774986002917598338e-01	1.545015437354080534e+00	3.586852634345012725e-02	1.074255576668497331e-02	1.174724106862142037e+01
8.800452261306531909e+00	1.974005258539168306e+00	1.654214768045069395e+00	5.177466564385657222e+00	3.215475955873280944e-01	9.214382590618869218e-01	1.475059099602627155e+00	3.515365958008741243e-02	9.371565818771238413e-03	1.156825677062059476e+01
8.926030150753767600e+00	1.973412262652625149e+00	1.645318234266879731e+00	5.156086967458053394e+00	3.018584796059467501e-01	8.671766902757159778e-01	1.407347734812627538e+00	3.423516728442076856e-02	7.857066545589834819e-03	1.139329260290186063e+01
9.051608040201003291e+00	1.972811153168146925e+00	1.636346233019853269e+00	5.134513765356366832e+00	2.827764638950867049e-01	8.147035231082878637e-01	1.341823701383295875e+00	3.320185750930859658e-02	6.303439867815922512e-03	1.122248013730816041e+01
9.177185929648238982e+00	1.972201942050866297e+00	1.627300570544409908e+00	5.112750872005436875e+00	2.643013253339950852e-01	7.640062492411447970e-01	1.278430478763945555e+00	3.214255836432441255e-02	4.812046179643539139e-03	1.105594604248376811e+01
9.302763819095476450e+00	1.971584641419370731e+00	1.618183057910149936e+00	5.090802212748626765e+00	2.464319766398632428e-01	7.150703658687207476e-01	1.217112800624852831e+00	3.114040570691139001e-02	3.473386224451646687e-03	1.089379884714294988e+01
9.428341708542712141e+00	1.970959263545148277e+00	1.608995510390301309e+00	5.068671723035998333e+00	2.291665057072934664e-01	6.678795138353105232e-01	1.157816769487234110e+00	3.026747541667400634e-02	2.362407527639759971e-03	1.073611916894560103e+01
9.553919597989947832e+00	1.970325820852028231e+00	1.599739746840246113e+00	5.046363347121824994e+00	2.125022146855869709e-01	6.224156106382914277e-01	1.100489955230337769e+00	2.958009379322718707e-02	1.536667631020030957e-03	1.058295345679256272e+01
9.679497487437183523e+00	1.969684325915615819e+00	1.590417589080419747e+00	5.023881036772039899e+00	1.964356586789992587e-01	5.786589780900424085e-01	1.045081479385487233e+00	2.911507841873395980e-02	1.036481179982979596e-03	1.043431062752131844e+01
9.805075376884420990e+00	1.969034791462717093e+00	1.581030861283884592e+00	5.001228749982232102e+00	1.809626839667232701e-01	5.365884644856926400e-01	9.915420865116360005e-01	2.888708741418716253e-02	8.859491352594239116e-04	1.029016067424233150e+01
9.930653266331656681e+00	1.968377230370763620e+00	1.571581389368851944e+00	4.978410449706760055e+00	1.660784656507678092e-01	4.961815611762392941e-01	9.398242032683703506e-01	2.888719808459957669e-02	1.093850374260803065e-03	1.015043434800061561e+01
1.005623115577889237e+01	1.967711655667224280e+00	1.562071000396432652e+00	4.955430102599579278e+00	1.517775446510032378e-01	4.574145134964076043e-01	8.898819851103030310e-01	2.908279826539167390e-02	1.653672461141399500e-03	1.001502327264748438e+01
1.018180904522612984e+01	1.967038080529016630e+00	1.552501521973888909e+00	4.932291677767275395e+00	1.380538639774133713e-01	4.202624260437278769e-01	8.416713498748360500e-01	2.941884891959497400e-02	2.542488241033074008e-03	9.883780257326787222e+00
1.030738693467336553e+01	1.966356518281905386e+00	1.542874781663643002e+00	4.908999145534907349e+00	1.249008042199261370e-01	3.846993623493799030e-01	7.951499969762018116e-01	2.982055292947009481e-02	3.718885039147450371e-03	9.756520046994580753e+00
1.043296482412060122e+01	1.965666982399903562e+00	1.533192606398301017e+00	4.885556476225108469e+00	1.123112182060733433e-01	3.506984390222867565e-01	7.502774105019235362e-01	3.019742911986197931e-02	5.120637475362452458e-03	9.633021199348821284e+00
1.055854271356783691e+01	1.964969486504658747e+00	1.523456821901933544e+00	4.861967638950978277e+00	1.002774647860981416e-01	3.182319144855371706e-01	7.070148442749581985e-01	3.044873112469487220e-02	6.663157815045100268e-03	9.513030059843902819e+00
1.068412060301507438e+01	1.964264044364839590e+00	1.513669252117856523e+00	4.838236600423233114e+00	8.879144171393307805e-02	2.872712724582980326e-01	6.653252869265875447e-01	3.047006208445950104e-02	8.239842017738720908e-03	9.396267802106947897e+00
1.080969849246231007e+01	1.963550669895512746e+00	1.503831718643138027e+00	4.814367323772073881e+00	7.784461760069731617e-02	2.577873003668529339e-01	6.251734052386108687e-01	3.016092024959081061e-02	9.725219340746198843e-03	9.282441175107221554e+00
1.093527638190954576e+01	1.962829377157515376e+00	1.493946040170052614e+00	4.790363767384214100e+00	6.742806292496994480e-02	2.297501628951507668e-01	5.865254644596203937e-01	2.943277730695821257e-02	1.098138079721345563e-02	9.171257033095695732e+00
1.106085427135678145e+01	1.962100180356820989e+00	1.484014031934699940e+00	4.766229883755490171e+00	5.753248009107239658e-02	2.031294709081993555e-01	5.493492249629494673e-01	2.821715750187327176e-02	1.186763906751968009e-02	9.062440068578625940e+00
1.118643216080401892e+01	1.961363093843901728e+00	1.474037505172991258e+00	4.741969618359452632e+00	4.814823253291154737e-02	1.778943460007085253e-01	5.136138154600221606e-01	2.647307280610254263e-02	1.225287200994858508e-02	8.955752556186039826e+00
1.131201005025125461e+01	1.960618132113080447e+00	1.464018266584202310e+00	4.717586908532347856e+00	3.926537286660743836e-02	1.540134809386287384e-01	4.792895839631334809e-01	2.419310036119741436e-02	1.202957272021220290e-02	8.851014418079410362e+00
1.143758793969849030e+01	1.959865309801881450e+00	1.453958117802278682e+00	4.693085682374824152e+00	3.087367010012579890e-02	1.314551962725505063e-01	4.463479287435379028e-01	2.140738424591700356e-02	1.112827359352011602e-02	8.748121562934636941e+00
1.156316582914572599e+01	1.959104641690373017e+00	1.443858854875078368e+00	4.668469857670746848e+00	2.296263591249520647e-02	1.101874934094972114e-01	4.147611125822261990e-01	1.818492031034929166e-02	9.530731259599897753e-03	8.647060247710367520e+00
1.168874371859296346e+01	1.958336142700504823e+00	1.433722267751722512e+00	4.643743340823423438e+00	1.552155001887635215e-02	9.017810443339693838e-02	3.845020645851613406e-01	1.463164857125725214e-02	7.280080428432736742e-03	8.547915199312775769e+00
1.181432160804019915e+01	1.957559827895440474e+00	1.423550139778217316e+00	4.618910025809579878e+00	8.539484640831334142e-03	7.139453896470968064e-02	3.555441746567500338e-01	1.088513038756158853e-02	4.486132834974442332e-03	8.450869454968065853e+00
1.193989949748743484e+01	1.956775712478883600e+00	1.413344247201505643e+00	4.593973793151361562e+00	2.005328103588029879e-03	5.380412834633582775e-02	3.278610863265525310e-01	7.105913131407970602e-03	1.324157009926017975e-03	8.356194365749562536e+00
1.206547738693467231e+01	1.955983811794398841e+00	1.403106358682095323e+00	4.568938508906656537e+00	-4.092192416028727665e-03	3.737406743631543210e-02	3.014264939496453799e-01	3.466056073053858880e-03	-1.974134156708387804e-03	8.264228970269428487e+00
1.219105527638190800e+01	1.955184141324726843e+00	1.392838234815399812e+00	4.543808023677979868e+00	-9.764488966018848234e-03	2.207145427809589430e-02	2.762139503138286711e-01	1.356678538531332317e-04	-5.137988876761130294e-03	8.175348994421103299e+00
1.231663316582914369e+01	1.954376716691096361e+00	1.382541627661931116e+00	4.518586171640181171e+00	-1.502309169421025409e-02	7.863327906558061076e-03	2.521966903725710307e-01	-2.731361627807387098e-03	-7.883005158254107955e-03	8.089927075792065381e+00
1.244221105527637938e+01	1.953561553652526150e+00	1.372218280286460201e+00	4.493276769587184027e+00	-1.987962849576761087e-02	-5.283295467175299666e-03	2.293474761913664728e-01	-5.011018437091016055e-03	-9.942724927964897638e-03	8.008287412389536897e+00
1.256778894472361685e+01	1.952738668105126640e+00	1.361869926306264800e+00	4.467883615997980229e+00	-2.434580540727088183e-02	-1.740138766659240013e-02	2.076384672819949484e-01	-6.620710788130836771e-03	-1.110303958825245400e-02	7.930659734241119807e+00
1.269336683417085254e+01	1.951908076081393828e+00	1.351498289448570533e+00	4.442410490122056466e+00	-2.843338772196914513e-02	-2.852387495021134131e-02	1.870411193617558532e-01	-7.527307915573978186e-03	-1.123446831319966505e-02	7.857138936112822769e+00
1.281894472361808823e+01	1.951069793749498738e+00	1.341105083117283048e+00	4.416861151084423120e+00	-3.215418180171195073e-02	-3.868360541658069640e-02	1.675261132894807214e-01	-7.750579942351456912e-03	-1.031642353820280689e-02	7.787657350541838497e+00
1.294452261306532392e+01	1.950223837412570216e+00	1.330692009969107081e+00	4.391239337010428123e+00	-3.552001756226058626e-02	-4.791331725130607705e-02	1.490633145859751596e-01	-7.361432970918618292e-03	-8.447815978331654416e-03	7.721975915215263164e+00
1.307010050251256139e+01	1.949370223507974620e+00	1.320260761499130853e+00	4.365548764170461560e+00	-3.854273161014624971e-02	-5.624560767696080987e-02	1.316217626375695282e-01	-6.474946100646149054e-03	-5.840150843907375086e-03	7.659698075583475152e+00
1.319567839195979708e+01	1.948508968606591285e+00	1.309813017635956589e+00	4.339793126144694924e+00	-4.123415101091190693e-02	-6.371290249076813628e-02	1.151696874989252134e-01	-5.238871064761238018e-03	-2.792513287987040838e-03	7.600306362031740370e+00
1.332125628140703277e+01	1.947640089412079778e+00	1.299350446346441368e+00	4.313976093007966028e+00	-4.360607767040393379e-02	-7.034742609925093149e-02	9.967455123543449147e-02	-3.818848806965223063e-03	3.481909442919136634e-04	7.543217018369594129e+00
1.344683417085426846e+01	1.946763602760143819e+00	1.288874703250113551e+00	4.288101310534880639e+00	-4.567027331272242863e-02	-7.618117198329082962e-02	8.510311003882130299e-02	-2.382031472917908992e-03	3.234850652352769945e-03	7.487844100467381026e+00
1.357241206030150593e+01	1.945879525617792982e+00	1.278387431243312555e+00	4.262172399425234737e+00	-4.743844504044202742e-02	-8.124587355089350760e-02	7.142149295087488192e-02	-1.080997832885888937e-03	5.566821292312894819e-03	7.433662354105305958e+00
1.369798994974874162e+01	1.944987875082595297e+00	1.267890260133107683e+00	4.236192954549800049e+00	-4.892223146473762690e-02	-8.557297535810010070e-02	5.859529295200268523e-02	-3.978093804844534589e-05	7.127219598299199856e-03	7.380258614554919383e+00
1.382356783919597731e+01	1.944088668381927176e+00	1.257384806281021561e+00	4.210166544216519924e+00	-5.013318939504148031e-02	-8.919360470061613033e-02	4.658966639858901082e-02	6.564963954129146616e-04	7.804894246979340346e-03	7.327364281824792158e+00
1.394914572864321300e+01	1.943181922872220468e+00	1.246872672256605474e+00	4.184096709457164387e+00	-5.108278107978482530e-02	-9.213854359958477402e-02	3.536943728573411355e-02	9.673998530894715401e-04	7.598852136562092921e-03	7.274865669182005945e+00
1.407472361809045047e+01	1.942267656038200396e+00	1.236355446500879252e+00	4.157986963334437291e+00	-5.178236199159320929e-02	-9.443820122423324248e-02	2.489920350855251777e-02	8.980171208094175688e-04	6.606672462766668801e-03	7.222793395749818934e+00
1.420030150753768616e+01	1.941345885492124834e+00	1.225834702999661463e+00	4.131840790269569297e+00	-5.224316915198071176e-02	-9.612258681165991581e-02	1.514344311961904332e-02	4.951086053593398758e-04	5.001190550921747434e-03	7.171295365073614647e+00
1.432587939698492185e+01	1.940416628973013147e+00	1.215312000966799033e+00	4.105661645390353165e+00	-5.247630999209077635e-02	-9.722128315960075484e-02	6.066619448692734534e-03	-1.606336682522966025e-04	3.000978432869856778e-03	7.120599646391783999e+00
1.445145728643215932e+01	1.939479904345874361e+00	1.204788884537300930e+00	4.079452953899633805e+00	-5.249275174732856430e-02	-9.776342078141780911e-02	-2.366715219754363716e-03	-9.650566635467281405e-04	8.399678679870625992e-04	7.070973766238748404e+00
1.457703517587939501e+01	1.938535729600931568e+00	1.194266882470378155e+00	4.053218110464190893e+00	-5.230331138481146558e-02	-9.777765282369497990e-02	-1.019181700107253674e-02	-1.802402098157021180e-03	-1.259580057365871546e-03	7.022685959170398284e+00
1.470261306532663070e+01	1.937584122852837876e+00	1.183747507862378257e+00	4.026960478623980322e+00	-5.191864606339580135e-02	-9.729213085553539697e-02	-1.744364784832080906e-02	-2.557207973460236608e-03	-3.108086716862106490e-03	6.975972389881622604e+00
1.482819095477386639e+01	1.936625102339891935e+00	1.173232257869603945e+00	4.000683390221666969e+00	-5.134924412661911325e-02	-9.633448164489524790e-02	-2.415677180474172861e-02	-3.125078747114146474e-03	-4.562450149108406190e-03	6.931012723958684063e+00
1.495376884422110386e+01	1.935658686423249453e+00	1.162722613440996255e+00	3.974390144852383511e+00	-5.060541662921507616e-02	-9.493178504098140347e-02	-3.036524872129746713e-02	-3.421420056054491014e-03	-5.532597459960863877e-03	6.887914976809120127e+00
1.507934673366833955e+01	1.934684893586126497e+00	1.152220039060656287e+00	3.948084009333634903e+00	-4.969728939790445804e-02	-9.311055308287459475e-02	-3.610252424678107169e-02	-3.387565044635566878e-03	-5.981589036605607264e-03	6.846709421171615517e+00
1.520492462311557524e+01	1.933703742433003026e+00	1.141725982500175762e+00	3.921768217195233941e+00	-4.863479562695099956e-02	-9.089671045312848474e-02	-4.140131527058847627e-02	-2.994058962602762219e-03	-5.920566988407707613e-03	6.807350494826733822e+00
1.533050251256281094e+01	1.932715251688821301e+00	1.131241874580738882e+00	3.895445968189194197e+00	-4.742766900849147010e-02	-8.831557639117411374e-02	-4.629349054641020145e-02	-2.241176225345373543e-03	-5.400081297323974620e-03	6.769725100990009459e+00
1.545608040201004840e+01	1.931719440198178317e+00	1.120769128944955506e+00	3.869120427819436880e+00	-4.608543739692395891e-02	-8.539184817501858926e-02	-5.080994689580700663e-02	-1.156991242617069890e-03	-4.499364510270060201e-03	6.733665408741933867e+00
1.558165829145728409e+01	1.930716326924516890e+00	1.110309141838380809e+00	3.842794726891206825e+00	-4.461741700567788821e-02	-8.214958627104912425e-02	-5.498048212287292430e-02	2.065044843835104477e-04	-3.315008450704118922e-03	6.698964206288184897e+00
1.570723618090451978e+01	1.929705930949312309e+00	1.099863291900664564e+00	3.816471961080051045e+00	-4.303270713351009524e-02	-7.861220124089632333e-02	-5.883366650160158640e-02	1.778655004346138980e-03	-1.950274828447870522e-03	6.665390989229917906e+00
1.583281407035175548e+01	1.928688271471253213e+00	1.089432939966277658e+00	3.790155190520220874e+00	-4.134018541610849640e-02	-7.480244248143420871e-02	-6.239671536561377380e-02	3.476160650039290031e-03	-5.059900080022845976e-04	6.632707229336632260e+00
1.595839195979899294e+01	1.927663367805422912e+00	1.079019428874757214e+00	3.763847439412346674e+00	-3.954850359724648018e-02	-7.074238885927280895e-02	-6.569536588237456787e-02	5.209308451994596433e-03	9.263437121476590305e-04	6.600679629917774349e+00
1.608396984924623041e+01	1.926631239382471827e+00	1.068624083290397264e+00	3.737551695650219941e+00	-3.766608381206638934e-02	-6.645344128479320489e-02	-6.875376148872720805e-02	6.887940568725593911e-03	2.268937914860778230e-03	6.569090610221088866e+00
1.620954773869346610e+01	1.925591905747791266e+00	1.058248209531324369e+00	3.711270910466515360e+00	-3.570111537329779400e-02	-6.195631725309109356e-02	-7.159434767248644416e-02	8.426800233876572538e-03	3.459698993100400726e-03	6.537745744673732595e+00
1.633512562814070179e+01	1.924545386560679194e+00	1.047893095407875785e+00	3.685007998097279636e+00	-3.366155204937416184e-02	-5.727104736041623706e-02	-7.423778279142913272e-02	9.750011993140751329e-03	4.452241408113372101e-03	6.506478351265869264e+00
1.646070351758793748e+01	1.923491701593507575e+00	1.037560010070207817e+00	3.658765835464997451e+00	-3.155510982154129812e-02	-5.241697378513287403e-02	-7.670286742616443110e-02	1.079456113386654571e-02	5.214626728784825874e-03	6.475151783958525975e+00
1.658628140703517673e+01	1.922430870730881702e+00	1.027250203865051725e+00	3.632547261880046729e+00	-2.938926510517920337e-02	-4.741275070213771259e-02	-7.900649538009606176e-02	1.151272572448559794e-02	5.727602290381277224e-03	6.443660153303435223e+00
1.671185929648241242e+01	1.921362913968797992e+00	1.016964908201530404e+00	3.606355078760352662e+00	-2.717125341873196515e-02	-4.227634657942358487e-02	-8.116362889255615554e-02	1.187347881668353484e-02	5.983002570818096201e-03	6.411928153427470356e+00
1.683743718592964811e+01	1.920287851413800206e+00	1.006705335425944758e+00	3.580192049369010920e+00	-2.490806848189204906e-02	-3.702504828537126619e-02	-8.318729995349349871e-02	1.186291901239923917e-02	5.982723726234625942e-03	6.379910462226632717e+00
1.696301507537688380e+01	1.919205703282128139e+00	9.964726787054437596e-01	3.554060898569710858e+00	-2.260646172304833432e-02	-3.167546691571949957e-02	-8.508863883914818960e-02	1.148381023352176844e-02	5.738372405747762042e-03	6.347590895718637327e+00
1.708859296482411949e+01	1.918116489898868515e+00	9.862681119204761426e-01	3.527964312599702890e+00	-2.027294217452401195e-02	-2.624354523035509271e-02	-8.687693017029707310e-02	1.075432430697820761e-02	5.271397875818238828e-03	6.314981219026668313e+00
1.721417085427135518e+01	1.917020231697098120e+00	9.760927895659300413e-01	3.501904938860117777e+00	-1.791377673282570568e-02	-2.074456657238555463e-02	-8.855969597030986795e-02	9.706091363226417718e-03	4.613285614417680751e-03	6.282119297825269122e+00
1.733974874371859087e+01	1.915916949217027820e+00	9.659478466608539815e-01	3.475885385723397558e+00	-1.553499076003386249e-02	-1.519316512574015419e-02	-9.014280440932095906e-02	8.381679491370414362e-03	3.805253167697629415e-03	6.249066153965253001e+00
1.746532663316582656e+01	1.914806663105139695e+00	9.558343986666597569e-01	3.449908222357612075e+00	-1.314236900161243164e-02	-9.603337353083610944e-03	-9.163060219850746591e-02	6.831649196524147184e-03	2.896886790641906972e-03	6.215901511563373560e+00
1.759090452261306581e+01	1.913689394113323949e+00	9.457535414136976071e-01	3.423975978567428857e+00	-1.074145679532587452e-02	-3.988454443402452559e-03	-9.302606797344681322e-02	5.111357815880297750e-03	1.943330178237343995e-03	6.182717622876394259e+00
1.771648241206030150e+01	1.912565163098012722e+00	9.357063510360965619e-01	3.398091144651493423e+00	-8.337561545641998875e-03	1.638724411507038554e-03	-9.433098349891870515e-02	3.277717593683980753e-03	1.000983944764355284e-03	6.149611539690996942e+00
1.784206030150753719e+01	1.911433991019311218e+00	9.256938839147534903e-01	3.372256171275981096e+00	-5.935754437985517329e-03	7.266038100040075019e-03	-9.554611915223290564e-02	1.386129169489342099e-03	1.221263645487179975e-04	6.116676466253904820e+00
1.796763819095477288e+01	1.910295898940123305e+00	9.157171766283638270e-01	3.346473469364070752e+00	-3.540872367501621178e-03	1.288190922657128819e-02	-9.667142990286793636e-02	-5.121898825387776518e-04	-6.507059256355055389e-04	6.083993256080585610e+00
1.809321608040200857e+01	1.909150908025279314e+00	9.057772459123735187e-01	3.320745410001103792e+00	-1.157520057587752699e-03	1.847532949539325633e-02	-9.770625789989577370e-02	-2.372291017075971176e-03	-1.289473330491199042e-03	6.051623351129099326e+00
1.821879396984924426e+01	1.907999039540656305e+00	8.958750886257347279e-01	3.295074324355155682e+00	1.209927655632833795e-03	2.403584503726027138e-02	-9.864953779556130675e-02	-4.156862432058349918e-03	-1.783418390426472558e-03	6.019604406596393176e+00
1.834437185929647995e+01	1.906840314852300988e+00	8.860116817253490540e-01	3.269462503612788673e+00	3.557323395511131480e-03	2.955354186907372532e-02	-9.950000105821360519e-02	-5.836826394774100382e-03	-2.139067464092024497e-03	5.987949470537944130e+00
1.846994974874371920e+01	1.905674755425544431e+00	8.761879822480722613e-01	3.243912198929713941e+00	5.880744694853607193e-03	3.501903167028415365e-02	-1.002563757413549861e-01	-7.391205231608573983e-03	-2.377189018022837601e-03	5.956649942977481516e+00
1.859552763819095489e+01	1.904502382824118767e+00	8.664049273001640517e-01	3.218425621396114877e+00	8.176491343011012963e-03	4.042343804961792686e-02	-1.009175784563549616e-01	-8.806379980381294839e-03	-2.527162959197316525e-03	5.925681739517093760e+00
1.872110552763819058e+01	1.903323218709270570e+00	8.566634340540519865e-01	3.193004942016361092e+00	1.044108264737258866e-02	4.575838346287047775e-02	-1.014828956221042189e-01	-1.007492704616447417e-02	-2.619934719996985621e-03	5.895013303501661639e+00
1.884668341708542627e+01	1.902137284838868680e+00	8.469643997522908752e-01	3.167652291702862222e+00	1.267125462430180628e-02	5.101597692683185192e-02	-1.019521514141543406e-01	-1.119424276178594344e-02	-2.681248992616422876e-03	5.864613564676598223e+00
1.897226130653266196e+01	1.900944603066517358e+00	8.373087017185866232e-01	3.142369761283797303e+00	1.486395713210163227e-02	5.618880265616164882e-02	-1.023258601893032999e-01	-1.216514872685995653e-02	-2.726970454966596950e-03	5.834457846486035493e+00
1.909783919597989765e+01	1.899745195340657000e+00	8.276971973757614176e-01	3.117159401524446150e+00	1.701635095599054320e-02	6.126990972939670016e-02	-1.026053615028951899e-01	-1.299061799985239823e-02	-2.761859973068380835e-03	5.804530215450435904e+00
1.922341708542713334e+01	1.898539083703672636e+00	8.181307242705275762e-01	3.092023223161869616e+00	1.912580485234422270e-02	6.625280286755153014e-02	-1.027929361528785446e-01	-1.367468935429434589e-02	-2.782202761801677408e-03	5.774821810586990622e+00
1.934899497487436903e+01	1.897326290290993311e+00	8.086101001049441628e-01	3.066963196952672277e+00	2.118989255665876953e-02	7.113143438427445286e-02	-1.028919019686527908e-01	-1.422156553473947690e-02	-2.781418346292932608e-03	5.745326028439857069e+00
1.947457286432160828e+01	1.896106837330193251e+00	7.991361227744265827e-01	3.041981253733572199e+00	2.320638975686363514e-02	7.590019734060259038e-02	-1.029066883100373808e-01	-1.463484303845254131e-02	-2.756650539769054786e-03	5.716032619047398455e+00
1.960015075376884397e+01	1.894880747140090138e+00	7.897095704121790405e-01	3.017079284494529556e+00	2.517327103080049810e-02	8.055391991040843080e-02	-1.028428884525558751e-01	-1.491680948033968952e-02	-2.713817270375791946e-03	5.686923277784735831e+00
1.972572864321607966e+01	1.893648042129840725e+00	7.803312014399160779e-01	2.992259140464146761e+00	2.708870674393989292e-02	8.508786093507125781e-02	-1.027072892136281501e-01	-1.506777195367115484e-02	-2.669004290094096309e-03	5.657970886255521137e+00
1.985130653266331535e+01	1.892408744798036446e+00	7.710017546247486253e-01	2.967522633207096749e+00	2.895105990077450481e-02	8.949770661816468242e-02	-1.025078773273992022e-01	-1.508543450951212866e-02	-2.645363858102745078e-03	5.629143223453806577e+00
1.997688442211055104e+01	1.891162877731794367e+00	7.617219491420956778e-01	2.942871534733296546e+00	3.075888294086125824e-02	9.377956828352081164e-02	-1.022538222134248415e-01	-1.496440357023061732e-02	-2.666378124561660096e-03	5.600410208923352506e+00
2.010246231155778673e+01	1.889910463605851243e+00	7.524924846444974724e-01	2.918307577618574733e+00	3.251091446821848668e-02	9.792998109332530510e-02	-1.019554349176385183e-01	-1.469594260777389028e-02	-2.747780006421405956e-03	5.571752263898634538e+00
2.022804020100502242e+01	1.888651525181650026e+00	7.433140413361930543e-01	2.893832455136559290e+00	3.420607590077694854e-02	1.019459035974519256e-01	-1.016241031449601900e-01	-1.426810317443236685e-02	-2.890983242980437601e-03	5.543166811590258369e+00
2.035361809045226167e+01	1.887386085306429040e+00	7.341872800533342236e-01	2.869447821401529097e+00	3.584346802486202549e-02	1.058247179614705269e-01	-1.012722024636167756e-01	-1.366632193273446989e-02	-3.080326429136454221e-03	5.514670521922138136e+00
2.047919597989949736e+01	1.886114166912310042e+00	7.251128423497030795e-01	2.845155291521964891e+00	3.742236743829668866e-02	1.095642306991618103e-01	-1.009129839526028694e-01	-1.287450071139550380e-02	-3.285039286094599414e-03	5.486296374971344036e+00
2.060477386934673305e+01	1.884835793015380734e+00	7.160913505878011565e-01	2.820956441764539413e+00	3.894222286468448924e-02	1.131626737163415330e-01	-1.005604387949106254e-01	-1.187649853423939500e-02	-3.465197378802968315e-03	5.458086347240794112e+00
2.073035175879396874e+01	1.883550986714780162e+00	7.071234080351822548e-01	2.796852809728284317e+00	4.040265132079161325e-02	1.166187054567821985e-01	-1.002291405966464904e-01	-1.065788571861338817e-02	-3.579694187452999322e-03	5.430081840753106626e+00
2.085592964824120443e+01	1.882259771191781228e+00	6.982095989658928525e-01	2.772845894528678912e+00	4.180343411871378229e-02	1.199314119283554775e-01	-9.993406653937039752e-02	-9.207762044632909759e-03	-3.593833961242702459e-03	5.402314448188176854e+00
2.098150753768844012e+01	1.880962169708870313e+00	6.893504887668970849e-01	2.748937156991408948e+00	4.314451268470634315e-02	1.231003073785752744e-01	-9.969039884964528420e-02	-7.520435400660698856e-03	-3.484566326686757646e-03	5.374799234953464122e+00
2.110708542713567581e+01	1.879658205608829569e+00	6.805466240493496244e-01	2.725128019855523220e+00	4.442598417717422837e-02	1.261253343837243912e-01	-9.951330849197216610e-02	-5.596793221524740472e-03	-3.242358103899753256e-03	5.347531708257204031e+00
2.123266331658291151e+01	1.878347902313814544e+00	6.717985327645908944e-01	2.701419867985756618e+00	4.564809688737347937e-02	1.290068631149683120e-01	-9.941772345118694842e-02	-3.445264069388866580e-03	-2.869805554211160049e-03	5.320488469991717650e+00
2.135824120603015075e+01	1.877031283324431366e+00	6.631067243247351639e-01	2.677814048593752272e+00	4.681124540784982468e-02	1.317456895484066803e-01	-9.941808445686306506e-02	-1.082341808744870454e-03	-2.377960007074415415e-03	5.293630604926491401e+00
2.148381909547738644e+01	1.875708372218816145e+00	6.544716897277240708e-01	2.654311871467938122e+00	4.791596555552650460e-02	1.343430323939965587e-01	-9.952809150092466195e-02	1.467289549123152424e-03	-1.781768340951698712e-03	5.266908361071247491e+00
2.160939698492462213e+01	1.874379192651708603e+00	6.458939016867145666e-01	2.630914609211810529e+00	4.896292903862321105e-02	1.368005285306817809e-01	-9.976044499378151909e-02	4.170950620762759430e-03	-1.095999313525508568e-03	5.240265667432994157e+00
2.173497487437185782e+01	1.873043768353527483e+00	6.373738147636804907e-01	2.607623497490381581e+00	4.995293785922124558e-02	1.391202267518357738e-01	-1.001265858751737570e-01	6.988389837557400404e-03	-3.326506515438292866e-04	5.213643398529487882e+00
2.186055276381909351e+01	1.871702123129445949e+00	6.289118655070971009e-01	2.584439735284539186e+00	5.088691844623867422e-02	1.413045796460734027e-01	-1.006364394239262633e-01	9.872359780828465076e-03	4.997215246961714480e-04	5.186980863894992133e+00
2.198613065326632920e+01	1.870354280858465224e+00	6.205084725935847700e-01	2.561364485153084569e+00	5.176591551681197084e-02	1.433564334634101489e-01	-1.012981678758329979e-01	1.276930522623659359e-02	1.394875721932027461e-03	5.160215600657691581e+00
2.211170854271356490e+01	1.869000265492485768e+00	6.121640369733898357e-01	2.538398873502211828e+00	5.259108566754158026e-02	1.452790158452879898e-01	-1.021179372412921588e-01	1.562016030566735353e-02	2.346534073288374447e-03	5.133282034618581235e+00
2.223728643216080414e+01	1.867640101055380919e+00	6.038789420195754820e-01	2.515543990862179058e+00	5.336369070069875431e-02	1.470759213287629597e-01	-1.030997038953843786e-01	1.836128377549742577e-02	3.345625684606739429e-03	5.106109851531316579e+00
2.236286432160803983e+01	1.866273811642068514e+00	5.956535536808039710e-01	2.492800892170952132e+00	5.408509069424775884e-02	1.487510945696662867e-01	-1.042450265758088357e-01	2.092557712371341180e-02	4.377949263379891584e-03	5.078622942569023024e+00
2.248844221105527552e+01	1.864901421417581417e+00	5.874882206375862115e-01	2.470170597064575091e+00	5.475673682835839606e-02	1.503088112662699649e-01	-1.055529093536171914e-01	2.324382701153872993e-02	5.422873719104047072e-03	5.050739578591397105e+00
2.261402010050251121e+01	1.863522954616138483e+00	5.793832744618803154e-01	2.447654090174051333e+00	5.538016398489224723e-02	1.517536568032774591e-01	-1.070196809258191079e-01	2.524629367723160711e-02	6.453357969518622346e-03	5.022374110761171018e+00
2.273959798994974690e+01	1.862138435540215520e+00	5.713390297799194606e-01	2.425252321428497559e+00	5.595698314009343172e-02	1.530905026751762377e-01	-1.086389152086788407e-01	2.686453692605773533e-02	7.437213769111949285e-03	4.993440108050393178e+00
2.286517587939698259e+01	1.860747888559614704e+00	5.633557844381499313e-01	2.402966206364347101e+00	5.648887357432130774e-02	1.543244807874020741e-01	-1.104013976804362474e-01	2.803343962283098845e-02	8.339256003172638987e-03	4.963854531669402270e+00
2.299075376884421829e+01	1.859351338110534213e+00	5.554338196721642085e-01	2.380796626440389474e+00	5.697757492607791185e-02	1.554609557726544522e-01	-1.122951412308349634e-01	2.869336315475712329e-02	9.123834156293475495e-03	4.933542371002036298e+00
2.311633165829145398e+01	1.857948808694637854e+00	5.475734002785108689e-01	2.358744429358413441e+00	5.742487912073638429e-02	1.565054954973079115e-01	-1.143054544252211785e-01	2.879235563969909442e-02	9.757216882783135634e-03	4.902441131046868072e+00
2.324190954773869322e+01	1.856540324878124704e+00	5.397747747892699399e-01	2.336810429389247545e+00	5.783262220721500230e-02	1.574638399684331891e-01	-1.164150640908361012e-01	2.828833356676322894e-02	1.020938423957886386e-02	4.870504644947796891e+00
2.336748743718592891e+01	1.855125911290798069e+00	5.320381756492771341e-01	2.314995407703979602e+00	5.820267613831384829e-02	1.583418688847537115e-01	-1.186042929950830854e-01	2.715116906237118391e-02	1.045494563855764621e-02	4.837705861372968208e+00
2.349306532663316460e+01	1.853705592625135568e+00	5.243638193958866101e-01	2.293300112710134453e+00	5.853694053248444801e-02	1.591455681042030779e-01	-1.208512921282682423e-01	2.536463290604083071e-02	1.047312492677812332e-02	4.804038499072395219e+00
2.361864321608040029e+01	1.852279393635356763e+00	5.167519068411594585e-01	2.271725260392624346e+00	5.883733445640149801e-02	1.598809953259699157e-01	-1.231323257503181279e-01	2.292816082204006400e-02	1.024700105120250788e-02	4.769517726774437527e+00
2.374422110552763598e+01	1.850847339136493686e+00	5.092026232563728882e-01	2.250271534659236572e+00	5.910578826881560804e-02	1.605542453054465413e-01	-1.254221059416582851e-01	1.985842042938168114e-02	9.762404021747271218e-03	4.734180249135834906e+00
2.386979899497487168e+01	1.849409454003460018e+00	5.017161385587336486e-01	2.228939587690475843e+00	5.934423556676017564e-02	1.611714149358109416e-01	-1.276941719477003023e-01	1.619065316393497947e-02	9.006978737799164331e-03	4.698084290709274136e+00
2.399537688442210737e+01	1.847965763170121178e+00	4.942926075001977670e-01	2.207730040293550022e+00	5.955460527525172770e-02	1.617385685396830475e-01	-1.299213081643305623e-01	1.197974708892880075e-02	7.969912562387599167e-03	4.661309936265788600e+00
2.412095477386934661e+01	1.846516291628363504e+00	4.869321698582823599e-01	2.186643482260305138e+00	5.973881392115045624e-02	1.622617037180872357e-01	-1.320759932232191403e-01	7.300964088488458813e-03	6.642693504387653901e-03	4.623960125755846029e+00
2.424653266331658230e+01	1.845061064427164554e+00	4.796349506287721498e-01	2.165680472728910289e+00	5.989875813084376277e-02	1.627467181016505615e-01	-1.341308713492338212e-01	2.250203535744474924e-03	5.021073351335357537e-03	4.586162369555187190e+00
2.437211055276381799e+01	1.843600106671664518e+00	4.724010602202115550e-01	2.144841540549099701e+00	6.003630738988822296e-02	1.631993773405088499e-01	-1.360592360288961078e-01	-3.056357696203526250e-03	3.108200739775331470e-03	4.548070999186048624e+00
2.449768844221105368e+01	1.842133443522235847e+00	4.652305946500847056e-01	2.124127184650781874e+00	6.015329710072001707e-02	1.636252846548501838e-01	-1.378355151007092938e-01	-8.483441881126907100e-03	9.186859663159603314e-04	4.509869533563152011e+00
2.462326633165828937e+01	1.840661100193555999e+00	4.581236357425805816e-01	2.103537874415836395e+00	6.025152197204842325e-02	1.640298522476031917e-01	-1.394357457062803951e-01	-1.387886947079927658e-02	-1.516833831957282129e-03	4.471772535562588580e+00
2.474884422110552507e+01	1.839183101953679289e+00	4.510802513278455717e-01	2.083074050052889703e+00	6.033272977062528047e-02	1.644182748548149997e-01	-1.408380271728408573e-01	-1.907696895176350105e-02	-4.147240269823767450e-03	4.434026171565426111e+00
2.487442211055276076e+01	1.837699474123108079e+00	4.441004954426239215e-01	2.062736122974913933e+00	6.039861546277443954e-02	1.647955056781990613e-01	-1.420229398741765514e-01	-2.390333130252060567e-02	-6.897352199496495535e-03	4.396906590305425411e+00
2.500000000000000000e+01	1.836210242073867738e+00	4.371844085321911488e-01	2.042524476179454762e+00	6.045081576943645008e-02	1.651662349087830994e-01	-1.429739184699437005e-01	-2.818094745982068980e-02	-9.666076143261207593e-03	4.360715235390706823e+00
