# q (inverse Angstrom) 1s2 2s2 2p6 3s2 3p6 3d10 4s2 4p6 total
1.000000000000000021e-02	1.991838473801738951e+00	1.997057812659420728e+00	5.994996109347889401e+00	1.996617024440044519e+00	5.993696770289077769e+00	9.991092843012715718e+00	1.998734594204910175e+00	5.994815412678720534e+00	3.595884904043452224e+01
1.355778894472361717e-01	1.991834846743750331e+00	1.996993765613286342e+00	5.994847264309926871e+00	1.996097867782441471e+00	5.992084999898144915e+00	9.988190148736970642e+00	1.993979205765440854e+00	5.973906731035510731e+00	3.592793482988547282e+01
2.611557788944723346e-01	1.991824926277494967e+00	1.996819225576274670e+00	5.994441626268590007e+00	1.994683690905322271e+00	5.987694755687357429e+00	9.980285013709378816e+00	1.981076135315292808e+00	5.917322017914377952e+00	3.584414739165409003e+01
3.867336683417085252e-01	1.991808725082925502e+00	1.996534225807712115e+00	5.993779267111436049e+00	1.992376295523416552e+00	5.980532184264731654e+00	9.967392409181174528e+00	1.960181043963381109e+00	5.826147331488560788e+00	3.570875148242333808e+01
5.123115577889446604e-01	1.991786243647012178e+00	1.996138816169906960e+00	5.992860290962768843e+00	1.989178617894592715e+00	5.970607301100692155e+00	9.949536707299348137e+00	1.931544195982787704e+00	5.702109152051384022e+00	3.552376132510848805e+01
6.378894472361807955e-01	1.991757482358043951e+00	1.995633065767883130e+00	5.991684842074779915e+00	1.985094723110176318e+00	5.957933967043358869e+00	9.926751583795402567e+00	1.895504928190949068e+00	5.547509685021819514e+00	3.529187027736241333e+01
7.634673366834170416e-01	1.991722441664034671e+00	1.995017062961395249e+00	5.990253104884835089e+00	1.980129795997388920e+00	5.942529852420301850e+00	9.899079878839492252e+00	1.852484259964745084e+00	5.365143082463426971e+00	3.501635947919562142e+01
8.890452261306531767e-01	1.991681122096862877e+00	1.994290915341123904e+00	5.988565303971838283e+00	1.974290129523795567e+00	5.924416391340730392e+00	9.866573420788926185e+00	1.802975902991513335e+00	5.158197708733513132e+00	3.470099089478829768e+01
1.014623115577889312e+00	1.991633524278472622e+00	1.993454749694601125e+00	5.986621703987923482e+00	1.967583110753305053e+00	5.903618726415722051e+00	9.829292814176199045e+00	1.747535977332981716e+00	4.930150114924937377e+00	3.434989072156413670e+01
1.140201005025125447e+00	1.991579648922959800e+00	1.992508711964932955e+00	5.984422609574573393e+00	1.960017204404360447e+00	5.880165644132396174e+00	9.787307193502412517e+00	1.686771772634297006e+00	4.684656441037426511e+00	3.396742922617336546e+01
1.265778894472361582e+00	1.991519496837404590e+00	1.991452967202957947e+00	5.981968365265096566e+00	1.951601934068428967e+00	5.854089501153858954e+00	9.740693944632786483e+00	1.621329909222724908e+00	4.425446575017274675e+00	3.355810269340052798e+01
1.391356783919597717e+00	1.991453068922230285e+00	1.990287699513052733e+00	5.979259355374010987e+00	1.942347861154713140e+00	5.825426141852805273e+00	9.689538395803582560e+00	1.551884253625957166e+00	4.156225649493307195e+00	3.312642242573966200e+01
1.516934673366834074e+00	1.991380366171371818e+00	1.989013111992660843e+00	5.976296003873597051e+00	1.932266561634608193e+00	5.794214807421179003e+00	9.633933480439475616e+00	1.479123927907552316e+00	3.880586463382406759e+00	3.267681472282284716e+01
1.642512562814070209e+00	1.991301389672349487e+00	1.987629426665610266e+00	5.973078774257738033e+00	1.921370600666664430e+00	5.760498036930691512e+00	9.573979374145547894e+00	1.403741724196895690e+00	3.601935299314783734e+00	3.221353462585027927e+01
1.768090452261306345e+00	1.991216140606288265e+00	1.986136884409258396e+00	5.969608169393156416e+00	1.909673505189652509e+00	5.724321560749185522e+00	9.509783108376756999e+00	1.326423197508428631e+00	3.323432485198653197e+00	3.174059505143138438e+01
1.893668341708542480e+00	1.991124620247917143e+00	1.984535744875513874e+00	5.965884731358153559e+00	1.897189734577726661e+00	5.685734186745537322e+00	9.441458163399367720e+00	1.247836664367209192e+00	3.047948016460119369e+00	3.126171186203154662e+01
2.019246231155778393e+00	1.991026829965547140e+00	1.982826286405773519e+00	5.961909041268923737e+00	1.883934649457609023e+00	5.644787679740899122e+00	9.369124043242734956e+00	1.168624284941505609e+00	2.778031685504758208e+00	3.078026450052774976e+01
2.144824120603014528e+00	1.990922771221037779e+00	1.981008805939827200e+00	5.957681719093566919e+00	1.869924478793139277e+00	5.601536634686489435e+00	9.292905835396085834e+00	1.089394355243989310e+00	2.515896498785073820e+00	3.029927109915921335e+01
2.270402010050250663e+00	1.990812445569759337e+00	1.979083618918773713e+00	5.953203423453884646e+00	1.855176285347452270e+00	5.556038344067669499e+00	9.212933758033740261e+00	1.010714886089404629e+00	2.263413713996124343e+00	2.982137647547680359e+01
2.395979899497486798e+00	1.990695854660542219e+00	1.977051059182007409e+00	5.948474851415080700e+00	1.839707929637411921e+00	5.508352660050793936e+00	9.129342697554513109e+00	9.331084990164359994e-01	2.022117591420744986e+00	2.934885114293752650e+01
2.521557788944722933e+00	1.990573000235628554e+00	1.974911478858323299e+00	5.943496738263474022e+00	1.823538032498754680e+00	5.458541851902976916e+00	9.042271739197667912e+00	8.570486278887411435e-01	1.793217897685152940e+00	2.888359936653072069e+01
2.647135678391959068e+00	1.990443884130612684e+00	1.972665248251204151e+00	5.938269857272347352e+00	1.806685936383643165e+00	5.406670459225743741e+00	8.951863693450352599e+00	7.829569794272408512e-01	1.577618289150393815e+00	2.842717434729153680e+01
2.772713567839195203e+00	1.990308508274380772e+00	1.970312755718345299e+00	5.932795019456065688e+00	1.789171665515021825e+00	5.352805141551265855e+00	8.858264620891533880e+00	7.112021770150366295e-01	1.375938892520704560e+00	2.798079878094235085e+01
2.898291457286431339e+00	1.990166874689046406e+00	1.967854407545486684e+00	5.927073073312583595e+00	1.771015885024268766e+00	5.297014524854721351e+00	8.761623358026987773e+00	6.420994898281023877e-01	1.188541648694159791e+00	2.754538926197535531e+01
3.023869346733667918e+00	1.990018985489882875e+00	1.965290627814613611e+00	5.921104904554489679e+00	1.752239859200175776e+00	5.239369045538182945e+00	8.662091046560934871e+00	5.759115333892710353e-01	1.015557253474460131e+00	2.712158325602201003e+01
3.149447236180904053e+00	1.989864842885249008e+00	1.962621858266601071e+00	5.914891435828740107e+00	1.732865408978239374e+00	5.179940792440463682e+00	8.559820668424798384e+00	5.128498174713096436e-01	8.569127840798395068e-01	2.670976760837524111e+01
3.275025125628140188e+00	1.989704449176515677e+00	1.959848558158368004e+00	5.908433626425210861e+00	1.712914868799644719e+00	5.118803347423559913e+00	8.454966588744408540e+00	4.530770121787965343e-01	7.123593214195743650e-01	2.631010777232607722e+01
3.400603015075376323e+00	1.989537806757985861e+00	1.956971204114622331e+00	5.901732471974253436e+00	1.692411042969154344e+00	5.056031625079852709e+00	8.347684108776368461e+00	3.967098022382103961e-01	5.814990529262137331e-01	2.592257711483666327e+01
3.526180904522612458e+00	1.989364918116812930e+00	1.953990289974267380e+00	5.894789004133383692e+00	1.671377161640407838e+00	4.991701712095161447e+00	8.238129030684438803e+00	3.438222022394679112e-01	4.638114669251349742e-01	2.554698578580907409e+01
3.651758793969848593e+00	1.989185785832915387e+00	1.950906326631560495e+00	5.887604290263302786e+00	1.649836836555899966e+00	4.925890706791205886e+00	8.126457235860044648e+00	2.944492110669290619e-01	3.586783326097795488e-01	2.518300872561163928e+01
3.777336683417084728e+00	1.989000412578887600e+00	1.947719841872094682e+00	5.880179433093396746e+00	1.627814016667156416e+00	4.858676559357192559e+00	8.012824278319598648e+00	2.485906913785588812e-01	2.654072106956101851e-01	2.483021244396249472e+01
3.902914572864320863e+00	1.988808801119907210e+00	1.944431380203696769e+00	5.872515570376905636e+00	1.605332943758398079e+00	4.790137913264224778e+00	7.897384994537466341e+00	2.062153691745239326e-01	1.832532723969082233e-01	2.448808024483203027e+01
4.028492462311556999e+00	1.988610954313642765e+00	1.941041502682326891e+00	5.864613874535950622e+00	1.582418108194270978e+00	4.720353948338209094e+00	7.780293130898884968e+00	1.672648587678219612e-01	1.114392318527382825e-01	2.415603560958384222e+01
4.154070351758793578e+00	1.988406875110151573e+00	1.937550786733069463e+00	5.856475552296582343e+00	1.559094204909099446e+00	4.649404225947097125e+00	7.661700989784069549e+00	1.316576294386534451e-01	4.917323002834768364e-02	2.383346349424707000e+01
4.279648241206029269e+00	1.988196566551780453e+00	1.933959825966308665e+00	5.848101844314064657e+00	1.535386089751550553e+00	4.577368536736767801e+00	7.541759095124541012e+00	9.929284140015516569e-02	-4.335447654637710445e-03	2.351972935219053440e+01
4.405226130653265848e+00	1.987980031773060707e+00	1.930269229989180158e+00	5.839494024788591808e+00	1.511318736294682052e+00	4.504326751326932055e+00	7.420615878106945118e+00	7.005399016199194417e-02	-4.986288156404208166e-02	2.321419576087733816e+01
4.530804020100501539e+00	1.987757274000600427e+00	1.926479624212401820e+00	5.830653401071608677e+00	1.486917193217047295e+00	4.430358674354136994e+00	7.298417383539701042e+00	4.381230973261617673e-02	-8.815925386032619215e-02	2.291623660626778758e+01
4.656381909547738118e+00	1.987528296552971918e+00	1.922591649652572787e+00	5.821581313262987223e+00	1.462206542355941385e+00	4.355543902223636188e+00	7.175306997244507379e+00	2.042989617128945432e-02	-1.199397446607534945e-01	2.262524885280315345e+01
4.781959798994973809e+00	1.987293102840599790e+00	1.918605962730050907e+00	5.812279133799215458e+00	1.437211857528969405e+00	4.279961684905635444e+00	7.051425194689364240e+00	-2.374763599028238800e-04	-1.458774686936150367e-01	2.234066199144031728e+01
4.907537688442210388e+00	1.987051696365641495e+00	1.914523235062504547e+00	5.802748267032855622e+00	1.411958164214983880e+00	4.203690792084447736e+00	6.926909310942571452e+00	-1.833786480513227915e-02	-1.665982961249962702e-01	2.206194530477287685e+01
5.033115577889446079e+00	1.986804080721868315e+00	1.910344153254246446e+00	5.792990148803466077e+00	1.386470400180066953e+00	4.126809383941639098e+00	6.801893331899158568e+00	-3.402100000334871976e-02	-1.826773866771489174e-01	2.178861311211994689e+01
5.158693467336682659e+00	1.986550259594540790e+00	1.906069418681453964e+00	5.783006246000197415e+00	1.360773377128685402e+00	4.049394886826331863e+00	6.676507706612330395e+00	-4.743646265461642919e-02	-1.946372734679073235e-01	2.152022815872101447e+01
5.284271356783918350e+00	1.986290236760282824e+00	1.901699747273383645e+00	5.772798056116316801e+00	1.334891743454443391e+00	3.971523874037919732e+00	6.550879180453298645e+00	-5.873218412947855266e-02	-2.029473567486863028e-01	2.125640329721747790e+01
5.409849246231154929e+00	1.986024016086952226e+00	1.897235869289690235e+00	5.762367106795857730e+00	1.308849948159039212e+00	3.893271951918324092e+00	6.425130648723252236e+00	-6.805325669830072921e-02	-2.080246981823280772e-01	2.099680158609248792e+01
5.535427135678390620e+00	1.985751601533505717e+00	1.892678529093960726e+00	5.751714955372627891e+00	1.282672206002113624e+00	3.814713651423157881e+00	6.299381030251209879e+00	-7.554103157248899525e-02	-2.102360315924131084e-01	2.074113491051167557e+01
5.661005025125627199e+00	1.985472997149865915e+00	1.888028484923573558e+00	5.740843188401835384e+00	1.256382463938730876e+00	3.735922325313544068e+00	6.173745160430937240e+00	-8.133247793057549191e-02	-2.099009150545876334e-01	2.048916122717332300e+01
5.786582914572862890e+00	1.985188207076779898e+00	1.883286508656001335e+00	5.729753421184521578e+00	1.230004368895236677e+00	3.656970051083300977e+00	6.048333703078828449e+00	-8.555977191789645997e-02	-2.072959343046966718e-01	2.024068055375207464e+01
5.912160804020099469e+00	1.984897235545678651e+00	1.878453385571663636e+00	5.718447297285076836e+00	1.203561236928263778e+00	3.577927539709660376e+00	5.923253080432270501e+00	-8.835008152970587336e-02	-2.026598272562671887e-01	1.999552986668664190e+01
6.037738693467336049e+00	1.984600086878530956e+00	1.873529914113457373e+00	5.706926488042064705e+00	1.177076023805722294e+00	3.498864050289947514e+00	5.798605420554329370e+00	-8.982551137924023321e-02	-1.961993395449939392e-01	1.975357713275981908e+01
6.163316582914571740e+00	1.984296765487695513e+00	1.868516905643067716e+00	5.695192692072583718e+00	1.150571297042721319e+00	3.419847310601654922e+00	5.674488521364989602e+00	-9.010317066285446208e-02	-1.880955533693748905e-01	1.951471476818048600e+01
6.288894472361808319e+00	1.983987275875770395e+00	1.863415184194191943e+00	5.683247634770430601e+00	1.124069209419596538e+00	3.340943443599355689e+00	5.550995830481593174e+00	-8.929532818242305603e-02	-1.785103722661600389e-01	1.927885287789235491e+01
6.414472361809044010e+00	1.983671622635438059e+00	1.858225586222783221e+00	5.671093067798297582e+00	1.097591474003541068e+00	3.262216899838890072e+00	5.428216440020690925e+00	-8.750962004720137799e-02	-1.675928088034971120e-01	1.904591266166894314e+01
6.540050251256280589e+00	1.983349810449307693e+00	1.852948960354441788e+00	5.658730768574253389e+00	1.071159340689799677e+00	3.183730395797355950e+00	5.306235095490194453e+00	-8.484927857862613332e-02	-1.554847225403319377e-01	1.881582037023639487e+01
6.665628140703516280e+00	1.983021844089755792e+00	1.847586167129069423e+00	5.646162539752748621e+00	1.044793574273016556e+00	3.105544858036748845e+00	5.185132217883815287e+00	-8.141335485259507121e-02	-1.423256967762172032e-01	1.858850214953634250e+01
6.791206030150752859e+00	1.982687728418762063e+00	1.842138078742910468e+00	5.633390208700411961e+00	1.018514434054126117e+00	3.027719373139571069e+00	5.064983938078917447e+00	-7.729691205297370415e-02	-1.282568205090332814e-01	1.836388002857269441e+01
6.916783919597988550e+00	1.982347468387745337e+00	1.836605578788102822e+00	5.620415626966868139e+00	9.923416549831757250e-01	2.950311143326562302e+00	4.945862142633777658e+00	-7.259117215271720935e-02	-1.134232443417704100e-01	1.814186919859174552e+01
7.042361809045225129e+00	1.982001069037390817e+00	1.830989561989854852e+00	5.607240669750839679e+00	9.662944303336712393e-01	2.873375447649784586e+00	4.827834530080204800e+00	-6.738360413147230499e-02	-9.797548827977438368e-02	1.792237661643049762e+01
7.167939698492460820e+00	1.981648535497480212e+00	1.825290933941379867e+00	5.593867235361778434e+00	9.403913958994776223e-01	2.796965608638790624e+00	4.710964676812379182e+00	-6.175794771540397965e-02	-8.206957703876470445e-02	1.770530086139711656e+01
7.293517587939697400e+00	1.981289872986716993e+00	1.819510610836701181e+00	5.580297244677280943e+00	9.146506157009612892e-01	2.721132964263361487e+00	4.595312111682044787e+00	-5.579417222640324636e-02	-6.586615006708217146e-02	1.749053309785357868e+01
7.419095477386933091e+00	1.980925086812546310e+00	1.813649519201460114e+00	5.566532640596544290e+00	8.890895691829864278e-01	2.645926845063560240e+00	4.480932398423581375e+00	-4.956837531465255881e-02	-4.952873177048212200e-02	1.727795895219554367e+01
7.544673366834169670e+00	1.980554182370975802e+00	1.807708595621843939e+00	5.552575387490104930e+00	8.637251398835325000e-01	2.571394556286327404e+00	4.367877225049566547e+00	-4.315263091361101755e-02	-3.322135397024067460e-02	1.706746110181850185e+01
7.670251256281405361e+00	1.980177165146390639e+00	1.801688786471758563e+00	5.538427470646118955e+00	8.385736055481314288e-01	2.497581364857807351e+00	4.256194499378004537e+00	-3.661479953124734121e-02	-1.710570659425331846e-02	1.685892238592271042e+01
7.795829145728641940e+00	1.979794040711366998e+00	1.795591047638373405e+00	5.524090895713436034e+00	8.136506296620052980e-01	2.424530491011804401e+00	4.145928449875893484e+00	-3.001831684791016197e-02	-1.337967521006991475e-03	1.665222927024396071e+01
7.921407035175877631e+00	1.979404814726481776e+00	1.789416344246153923e+00	5.509567688141721042e+00	7.889712543687494861e-01	2.352283104387348001e+00	4.037119731030280434e+00	-2.342197844155923664e-02	1.393455805816032692e-02	1.644727551651734032e+01
8.046984924623114210e+00	1.979009492940121406e+00	1.783165650379512135e+00	5.494859892618859654e+00	7.645498947416135005e-01	2.280878324402171309e+00	3.929805532486694730e+00	-1.687973925470010600e-02	2.857686482293926231e-02	1.624396591313720606e+01
8.172562814070349901e+00	1.978608081188284462e+00	1.776839948804196823e+00	5.479969572505927644e+00	7.404003343709331109e-01	2.210353224704004749e+00	3.824019691225957640e+00	-1.044054613946941538e-02	4.246960637424841006e-02	1.604221991303408501e+01
8.298140703517587369e+00	1.978200585394384037e+00	1.770440230687540417e+00	5.464898809269936208e+00	7.165357222290095196e-01	2.140742841497848659e+00	3.719792806083296544e+00	-4.148220488361433964e-03	5.551222753848720354e-02	1.584197500221214128e+01
8.423718592964823060e+00	1.977787011569047682e+00	1.763967495317692036e+00	5.449649701914635713e+00	6.929685707717501142e-01	2.072080185544844078e+00	3.617152353948366983e+00	1.958594364710038345e-03	6.762568364389652531e-02	1.564318959707494550e+01
8.549296482412058751e+00	1.977367365809911348e+00	1.757422749821955676e+00	5.434224366409602602e+00	6.697107552346487358e-01	2.004396257626853917e+00	3.516122807020766849e+00	7.846409508150131717e-03	7.875454099961973209e-02	1.544584525243150885e+01
8.674874371859294442e+00	1.976941654301413109e+00	1.750807008884351923e+00	5.418624935117865249e+00	6.467735140792083559e-01	1.937720067270472413e+00	3.416725750532913164e+00	1.348678309402650405e-02	8.886825243479298808e-02	1.524994796571504452e+01
8.800452261306531909e+00	1.976509883314584437e+00	1.744121294462527283e+00	5.402853556222313891e+00	6.241674505446647148e-01	1.872078654524704122e+00	3.318980000390226337e+00	1.885612632261072716e-02	9.796142750409742028e-02	1.505552839328573000e+01
8.926030150753767600e+00	1.976072059206836595e+00	1.737366635504132173e+00	5.386912393151133571e+00	6.019025352588722733e-01	1.807497114588012321e+00	3.222901720217476118e+00	2.393542473953133576e-02	1.060529702189422496e-01	1.486264085288493497e+01
9.051608040201003291e+00	1.975628188421745701e+00	1.730544067662781016e+00	5.370803624002498111e+00	5.799881098614260155e-01	1.743998625082769038e+00	3.128504537339423575e+00	2.870988181097952618e-02	1.131840334962472827e-01	1.467136106767787140e+01
9.177185929648238982e+00	1.975178277488834455e+00	1.723654633013718573e+00	5.354529440968778253e+00	5.584328915915459657e-01	1.681604475778229135e+00	3.035799657263582585e+00	3.316849654842417977e-02	1.194148299086597032e-01	1.448178270256177314e+01
9.302763819095476450e+00	1.974722333023350984e+00	1.716699379769307532e+00	5.338092049760479796e+00	5.372449787928851306e-01	1.620334100566968472e+00	2.944795976272584603e+00	3.730359128024990367e-02	1.248204312812697808e-01	1.429401284074709544e+01
9.428341708542712141e+00	1.974260361726047019e+00	1.709679361994453695e+00	5.321493669030174622e+00	5.164318572872637070e-01	1.560205111504198827e+00	2.855500191773278740e+00	4.111030923413365457e-02	1.294857736846021790e-01	1.410816663623415224e+01
9.553919597989947832e+00	1.973792370382948524e+00	1.702595639322083798e+00	5.304736529796623579e+00	4.960004075693551506e-01	1.501233334724402679e+00	2.767916910088988214e+00	4.458610415121386228e-02	1.335001500011440134e-01	1.392436144603676063e+01
9.679497487437183523e+00	1.973318365865129431e+00	1.695449276668791860e+00	5.287822874869351431e+00	4.759569127745496564e-01	1.443432848055329787e+00	2.682048751420307742e+00	4.773024549970633634e-02	1.369515135918479010e-01	1.374271078874501306e+01
9.805075376884420990e+00	1.972838355128478272e+00	1.688241343950767748e+00	5.270754958273882629e+00	4.563070673725658777e-01	1.386816020155360318e+00	2.597896451738010537e+00	5.054336285359480735e-02	1.399209317633537120e-01	1.356331849123601430e+01
9.930653266331656681e+00	1.972352345213464142e+00	1.680972915800117651e+00	5.253535044677875021e+00	4.370559865398930266e-01	1.331393551006670117e+00	2.515458961409254179e+00	5.302705158801608587e-02	1.424775184375634829e-01	1.338627337467285194e+01
1.005623115577889237e+01	1.971860343244900005e+00	1.673645071281685937e+00	5.236165408818362899e+00	4.182082161647726060e-01	1.277174513603297257e+00	2.434733540394800055e+00	5.518355923446896516e-02	1.446741458847590756e-01	1.321164479862704866e+01
1.018180904522612984e+01	1.971362356431701102e+00	1.666258893610495839e+00	5.218648334930334975e+00	3.997677434392004070e-01	1.224166396680210989e+00	2.355715849890620550e+00	5.701556773570506248e-02	1.465441909761129036e-01	1.303947933369438239e+01
1.030738693467336553e+01	1.970858392066645814e+00	1.658815469869907355e+00	5.200986116176867569e+00	3.817380079932901071e-01	1.172375148336597173e+00	2.278400040321609143e+00	5.852608162080084886e-02	1.480995173158476952e-01	1.286979877370156444e+01
1.043296482412060122e+01	1.970348457526126529e+00	1.651315890730604474e+00	5.183181054081011041e+00	3.641219135283124686e-01	1.121805220413879089e+00	2.202778835628198539e+00	5.971842603620509254e-02	1.493298347918008973e-01	1.270259963273614012e+01
1.055854271356783691e+01	1.969832560269905830e+00	1.643761250170516330e+00	5.165235457959661325e+00	3.469218399057822366e-01	1.072459613496352437e+00	2.128843613818397262e+00	6.059635193118478175e-02	1.502035147999141174e-01	1.253785420235171522e+01
1.068412060301507438e+01	1.969310707840862262e+00	1.636152645195774635e+00	5.147151644359598599e+00	3.301396556510943769e-01	1.024339922409713166e+00	2.056584483787788464e+00	6.116423886803291909e-02	1.506698732930229490e-01	1.237551317140588658e+01
1.080969849246231007e+01	1.968782907864740528e+00	1.628491175562810866e+00	5.128931936495920496e+00	3.137767308314049486e-01	9.774463821001144748e-01	1.985990358438492809e+00	6.142737930479319486e-02	1.506628644559096786e-01	1.221550973505418725e+01
1.093527638190954576e+01	1.968249168049895470e+00	1.620777943501693352e+00	5.110578663693047474e+00	2.978339502687039064e-01	9.317779137837000070e-01	1.917049024154688253e+00	6.139232219389825079e-02	1.501060546146961716e-01	1.205776504026032114e+01
1.106085427135678145e+01	1.967709496187031615e+00	1.613014053440801954e+00	5.092094160828520621e+00	2.823117270503185949e-01	8.873321712637579628e-01	1.849747206717017090e+00	6.106724876316366873e-02	1.489186691418699915e-01	1.190219473339248069e+01
1.118643216080401892e+01	1.967163900148945155e+00	1.605200611732939819e+00	5.073480767779750877e+00	2.672100163004121898e-01	8.441055873196713355e-01	1.784070633760852731e+00	6.046234977862208898e-02	1.470224264499979949e-01	1.174871629327119216e+01
1.131201005025125461e+01	1.966612387890260161e+00	1.597338726382975693e+00	5.054740828873950598e+00	2.525283291773921523e-01	8.020934200787198654e-01	1.720004093903994447e+00	5.959017176222500961e-02	1.443487966672746536e-01	1.159725675473679551e+01
1.143758793969849030e+01	1.966054967447163015e+00	1.589429506777110479e+00	5.035876692341394900e+00	2.382657470635065056e-01	7.612897992884027909e-01	1.657531492687634556e+00	5.846589980294195771e-02	1.408462544740751998e-01	1.144776035988222951e+01
1.156316582914572599e+01	1.965491646937132408e+00	1.581474063413862652e+00	5.016890709772213519e+00	2.244209359142880222e-01	7.216877724133973215e-01	1.596635905490527030e+00	5.710754690272548673e-02	1.364870438742979974e-01	1.130019562471844452e+01
1.168874371859296346e+01	1.964922434558670883e+00	1.573473507636857116e+00	4.997785235576889917e+00	2.109921607368687446e-01	6.832793504873586610e-01	1.537299627589843842e+00	5.553602425432675738e-02	1.312729463344700365e-01	1.115456128717528550e+01
1.181432160804019915e+01	1.964347338591032388e+00	1.565428951369513211e+00	4.978562626450631967e+00	1.979773001675674549e-01	6.460555536556551459e-01	1.479504221553452847e+00	5.377507332206214741e-02	1.252395514287403810e-01	1.101089061653865464e+01
1.193989949748743484e+01	1.963766367393942947e+00	1.557341506851709800e+00	4.959225240841788285e+00	1.853738611204963360e-01	6.100064563506475412e-01	1.423230562156995838e+00	5.185104879629131441e-02	1.184585778989720034e-01	1.086925362141084328e+01
1.206547738693467231e+01	1.963179529407325763e+00	1.549212286378518266e+00	4.939775438424486076e+00	1.731789934802816511e-01	5.751212320463845451e-01	1.368458879025372887e+00	4.979255096755586668e-02	1.110378868465251440e-01	1.072975679657644932e+01
1.219105527638190800e+01	1.962586833151021226e+00	1.541042402041083115e+00	4.920215579575625497e+00	1.613895048133006660e-01	5.413881975444762018e-01	1.315168797201898832e+00	4.762991622641769146e-02	1.031189673229306741e-01	1.059254019787675460e+01
1.231663316582914369e+01	1.961988287224501137e+00	1.532832965469729913e+00	4.900548024856415275e+00	1.500018750731270667e-01	5.087948567474904760e-01	1.263339375849584556e+00	4.539458454084837474e-02	9.487185245102294773e-02	1.045777182221271850e+01
1.244221105527637938e+01	1.961383900306586048e+00	1.524585087579380493e+00	4.880775134498581913e+00	1.390122712771373892e-01	4.773279438804823860e-01	1.212949145287786301e+00	4.311837213364183574e-02	8.648763043708748710e-02	1.032563948540068210e+01
1.256778894472361685e+01	1.960773681155157044e+00	1.516299878317350469e+00	4.860899267895418596e+00	1.284165621324518114e-01	4.469734661251720254e-01	1.163976142563856619e+00	4.083268541455625789e-02	7.816893319620017710e-02	1.019634061680016579e+01
1.269336683417085254e+01	1.960157638606865094e+00	1.507978446413605678e+00	4.840922783097797222e+00	1.182103325905739521e-01	4.177167456348986341e-01	1.116397945753597742e+00	3.856771781751727746e-02	7.011899524675321849e-02	1.007007060516160735e+01
1.281894472361808823e+01	1.959535781576839275e+00	1.499621899133545710e+00	4.820848036315301677e+00	1.083888983112411691e-01	3.895424609017431594e-01	1.070191707176358031e+00	3.635167398807008510e-02	6.253005386494878137e-02	9.947010511268050692e+00
1.294452261306532392e+01	1.958908119058392128e+00	1.491231342033388696e+00	4.800677381422609358e+00	9.894732001711524505e-02	3.624346874502069604e-01	1.025334185700708112e+00	3.421006539363319332e-02	5.557198488464317604e-02	9.827315085960698582e+00
1.307010050251256139e+01	1.958274660122722555e+00	1.482807878718223948e+00	4.780413169471252388e+00	8.988041772200967838e-02	3.363769378344945715e-01	9.818017783049106662e-01	3.216511776972390962e-02	4.938211647350852773e-02	9.711102076416844753e+00
1.319567839195979708e+01	1.957635413918617395e+00	1.474352610602797542e+00	4.760057748206889983e+00	8.118278481638406541e-02	3.113522009188542938e-01	9.395705510431231477e-01	3.023532402701938765e-02	4.405712128757666157e-02	9.598443754821262885e+00
1.332125628140703277e+01	1.956990389672149000e+00	1.465866636675095425e+00	4.739613461592201205e+00	7.284880199482858532e-02	2.873429804225679507e-01	8.986162695536178413e-01	2.843516676552584194e-02	3.964775029286699698e-02	9.489361456968852693e+00
1.344683417085426846e+01	1.956339596686371696e+00	1.457351053262787799e+00	4.719082649335542889e+00	6.487265101121297839e-02	2.643313327130648593e-01	8.589144292295001204e-01	2.677502306785693384e-02	3.615694528414278852e-02	9.383823680590479555e+00
1.357241206030150593e+01	1.955683044341016474e+00	1.448806953802590725e+00	4.698467646425453559e+00	5.724832824808725323e-02	2.422989038323000444e-01	8.204402851557194287e-01	2.526125167121312867e-02	3.354156995431694516e-02	9.281747983430696181e+00
1.369798994974874162e+01	1.955020742092182795e+00	1.440235428612604007e+00	4.677770782671139216e+00	4.996965808779833818e-02	2.212269657429957459e-01	7.831688818988096212e-01	2.389644997036811935e-02	3.171766066846041371e-02	9.183006569744359027e+00
1.382356783919597731e+01	1.954352699472026167e+00	1.431637564667683105e+00	4.656994382249028064e+00	4.303030607362165472e-02	2.010964517826067943e-01	7.470750832180227397e-01	2.267985663668603893e-02	3.056875538122949196e-02	9.087435099480904555e+00
1.394914572864321300e+01	1.953678926088449952e+00	1.423014445377895010e+00	4.636140763255512276e+00	3.642379185001509700e-02	1.818879913139927473e-01	7.121336017486019632e-01	2.160786593617660539e-02	2.995655318147451285e-02	8.994843938752119072e+00
1.407472361809045047e+01	1.952999431624785620e+00	1.414367150370110293e+00	4.615212237265955864e+00	3.014350187186788654e-02	1.635819435627362262e-01	6.783190286900471211e-01	2.067461291143700419e-02	2.973292585829132029e-02	8.905030832155230058e+00
1.420030150753768616e+01	1.952314225839479667e+00	1.405696755272781706e+00	4.594211108900069895e+00	2.418270187335784180e-02	1.461584306319017035e-01	6.456058635146659785e-01	1.987258502819304676e-02	2.975217611274465906e-02	8.817793847173193811e+00
1.432587939698492185e+01	1.951623318565773646e+00	1.397004331503953756e+00	4.573139675393742110e+00	1.853454908773552803e-02	1.295973696857703195e-01	6.139685436946034081e-01	1.919321594201719300e-02	2.988243055188774186e-02	8.732943434425484597e+00
1.445145728643215932e+01	1.950926719711381763e+00	1.388290946062550990e+00	4.552000226177407960e+00	1.319210421003764663e-02	1.138785042947760562e-01	5.833814744291966337e-01	1.862742064943093828e-02	3.001516919625196386e-02	8.650312564731034826e+00
1.457703517587939501e+01	1.950224439258169573e+00	1.379557661322983408e+00	4.530795042461024380e+00	8.148343095381514051e-03	9.898143493447011942e-02	5.538190583389825949e-01	1.816603806421450418e-02	3.007211062932210743e-02	8.569764128104546685e+00
1.470261306532663070e+01	1.949516487261828024e+00	1.370805534833116957e+00	4.509526396825755512e+00	3.396168186124172254e-03	8.488564863193222287e-02	5.252557250782600162e-01	1.780015634100287972e-02	3.000896358565583594e-02	8.491195080743676016e+00
1.482819095477386639e+01	1.948802873851545270e+00	1.362035619115636198e+00	4.488196552822402374e+00	-1.071580338223769666e-03	7.157054775360392751e-02	4.976659608048504269e-01	1.752130718419491265e-02	2.981588388141684018e-02	8.414537165075426373e+00
1.495376884422110386e+01	1.948083609229680269e+00	1.353248961472848899e+00	4.466807764576663509e+00	-5.262113693853679927e-03	5.901547792908394541e-02	4.710243374337803046e-01	1.732152694450270550e-02	2.951480003623603576e-02	8.339754363928941316e+00
1.507934673366833955e+01	1.947358703671427271e+00	1.344446603794955175e+00	4.445362276401300328e+00	-9.182683913241406620e-03	4.719975510598859586e-02	4.453055415910971981e-01	1.719329351416589227e-02	2.915405525669712700e-02	8.266837545422390576e+00
1.520492462311557524e+01	1.946628167524486308e+00	1.335629582371820723e+00	4.423862322415232917e+00	-1.284057355786489760e-02	3.610269173158713041e-02	4.204844031750742395e-01	1.712935795938729314e-02	2.880102955824407479e-02	8.195796981177966956e+00
1.533050251256281094e+01	1.945892011208725902e+00	1.326798927708281894e+00	4.402310126169653337e+00	-1.624308572693068317e-02	2.570362205755094553e-02	3.965359234246704223e-01	1.712249771062874029e-02	2.853353684451552866e-02	8.126653559397096771e+00
1.545608040201004840e+01	1.945150245215846896e+00	1.317955664343009481e+00	4.380707900281179512e+00	-1.939753436546953064e-02	1.598192656483427010e-02	3.734353023893974832e-01	1.716522342652664068e-02	2.843083292757971753e-02	8.059429560782904289e+00
1.558165829145728409e+01	1.944402880109041831e+00	1.309100810670961179e+00	4.359057846072123432e+00	-2.231123487465144078e-02	6.917055506445633772e-03	3.511579656907360403e-01	1.724947407171119329e-02	2.856502791328496479e-02	7.994139825159652268e+00
1.570723618090451978e+01	1.943649926522655447e+00	1.300235378769442063e+00	4.337362153217891425e+00	-2.499149502668863293e-02	-1.511448433351100752e-03	3.296795904629313267e-01	1.736633428388398986e-02	2.899358479283803761e-02	7.930784024589602410e+00
1.583281407035175548e+01	1.942891395161841173e+00	1.291360374227799701e+00	4.315622999401560023e+00	-2.744560618620980885e-02	-9.323928363999570493e-03	3.089761303604822151e-01	1.750580497766163202e-02	2.975342558112381575e-02	7.869340595160258189e+00
1.595839195979899294e+01	1.942127296802216296e+00	1.282476795980771023e+00	4.293842549975684264e+00	-2.968083483953038587e-02	-1.654059229746507320e-02	2.890238395207996303e-01	1.765665277253952031e-02	3.085697918435654011e-02	7.809762687099372158e+00
1.608396984924623041e+01	1.941357642289515129e+00	1.273585636145501132e+00	4.272022957631330442e+00	-3.170441443278740334e-02	-2.318149313960198715e-02	2.697992953734556498e-01	1.780635681802310993e-02	3.229031288521248821e-02	7.751976293570648657e+00
1.620954773869346610e+01	1.940582442539240171e+00	1.264687879862250064e+00	4.250166362074393689e+00	-3.352353751947018123e-02	-2.926650956174849452e-02	2.512794201920232617e-01	1.794116358173565226e-02	3.401331044629631040e-02	7.695880531614720077e+00
1.633512562814070179e+01	1.939801708536313285e+00	1.255784505138799689e+00	4.228274889709208395e+00	-3.514534821744681042e-02	-3.481532774911831607e-02	2.334415012907970488e-01	1.804625184563406204e-02	3.596170846468905308e-02	7.641349889018876240e+00
1.646070351758793748e+01	1.939015451334720641e+00	1.246876482698578981e+00	4.206350653329470113e+00	-3.657693497517507109e-02	-3.984742402143866269e-02	2.162632097764859984e-01	1.810600216029778498e-02	3.805068776399631036e-02	7.588238128066936206e+00
1.658628140703517673e+01	1.938223682057162334e+00	1.237964775832511632e+00	4.184395751816492925e+00	-3.782532364638038769e-02	-4.438204832009336881e-02	1.997226177743301745e-01	1.810435788831021506e-02	4.017964218388091896e-02	7.536383455586213032e+00
1.671185929648241242e+01	1.937426411894694223e+00	1.229050340254601581e+00	4.162412269844807611e+00	-3.889747087209780019e-02	-4.843820855483024074e-02	1.837982140588182156e-01	1.802525915376358701e-02	4.223771245981277483e-02	7.485614528239570298e+00
1.683743718592964811e+01	1.936623652106371329e+00	1.220134123961256423e+00	4.140402277595111258e+00	-3.980025776859965475e-02	-5.203465580187444095e-02	1.684689180311907675e-01	1.785312679418088119e-02	4.410967368569422564e-02	7.435756858603331132e+00
1.696301507537688380e+01	1.935815414018888347e+00	1.211217067094362276e+00	4.118367830474574554e+00	-4.054048391937046386e-02	-5.518987034404625874e-02	1.537140919991100974e-01	1.757337092741198536e-02	4.568179434496528329e-02	7.386639214595896341e+00
1.708859296482411949e+01	1.935001709026220151e+00	1.202300101808107202e+00	4.096310968844516509e+00	-4.112486166894929046e-02	-5.792204854227431948e-02	1.395135517280012283e-01	1.717289800695007834e-02	4.684733504538807214e-02	7.338099654247959513e+00
1.721417085427135518e+01	1.934182548589256756e+00	1.193384152139559173e+00	4.074233717755423534e+00	-4.156001071613064923e-02	-6.024909052668318832e-02	1.258475752485731791e-01	1.664059113396722939e-02	4.751141775147285640e-02	7.289990901375439591e+00
1.733974874371859087e+01	1.933357944235441828e+00	1.184470133882996823e+00	4.052138086689342167e+00	-4.185245300370891292e-02	-6.218858869427155295e-02	1.126969099206311525e-01	1.596774071819875851e-02	4.759506417851175342e-02	7.242184837927140961e+00
1.746532663316582656e+01	1.932527907558404756e+00	1.175558954467991413e+00	4.030026069309597503e+00	-4.200860790165699549e-02	-6.375781699907469291e-02	1.000427777693354420e-01	1.514840606023236912e-02	4.703826931970095382e-02	7.194575959584531333e+00
1.759090452261306581e+01	1.931692450217595391e+00	1.166651512841240246e+00	4.007899643217868402e+00	-4.203478768036175706e-02	-6.497372101965125102e-02	8.786687912631564734e-02	1.417969275188783913e-02	4.580203890351091517e-02	7.147083708358406007e+00
1.771648241206030150e+01	1.930851583937912785e+00	1.157748699352144639e+00	3.985760769718578622e+00	-4.193719327028371663e-02	-6.585290878774785472e-02	7.615139462429158790e-02	1.306193563076266627e-02	4.386937583432855975e-02	7.099653657039987742e+00
1.784206030150753719e+01	1.930005320509335709e+00	1.148851395642124018e+00	3.963611393590588783e+00	-4.172191030418025137e-02	-6.641164236110604080e-02	6.487898560983412777e-02	1.179878205711252202e-02	4.124524976638636875e-02	7.052257574510094607e+00
1.796763819095477288e+01	1.929153671786551172e+00	1.139960474537662805e+00	3.941453442866183821e+00	-4.139490543781786103e-02	-6.666583012257923380e-02	5.403279305442026254e-02	1.039717520683374787e-02	3.795562626095551340e-02	7.004892448152211237e+00
1.809321608040200857e+01	1.928296649688579167e+00	1.131076799947081213e+00	3.919288828617322640e+00	-4.096202294491239210e-02	-6.663101978704757955e-02	4.359643505870146318e-02	8.867241630811715028e-03	3.404566815612456582e-02	6.957578580366661214e+00
1.821879396984924426e+01	1.927434266198398749e+00	1.122201226761014636e+00	3.897119444749130412e+00	-4.042898158186825075e-02	-6.632239209705971528e-02	3.355400305872462130e-02	7.222091301815616697e-03	2.957725224450599016e-02	6.910356910634661176e+00
1.834437185929647995e+01	1.926566533362570999e+00	1.113334600756592963e+00	3.874947167800600223e+00	-3.980137171773865529e-02	-6.575475518769187400e-02	2.389005685549012645e-02	5.477541591179548724e-03	2.462596884145923024e-02	6.863285742302462467e+00
1.846994974874371920e+01	1.925693463290860219e+00	1.104477758505307827e+00	3.852773856752481407e+00	-3.908465272470788843e-02	-6.494253960082484178e-02	1.458961860044905891e-02	3.651778979889540224e-03	1.927778926523862971e-02	6.816437073068693842e+00
1.859552763819095489e+01	1.924815068155855791e+00	1.095631527284551598e+00	3.830601352842314622e+00	-3.828415062429035842e-02	-6.389979392888102405e-02	5.638165879177831769e-03	1.764973759740732975e-03	1.362559494311424077e-02	6.769892738311584779e+00
1.872110552763819058e+01	1.923931360192589368e+00	1.086796724992806995e+00	3.808431479386583884e+00	-3.740505598435748397e-02	-6.264018106804497554e-02	-2.978375956686010045e-03	-1.611364782542281954e-04	7.765759929878364963e-03	6.723740575014516274e+00
1.884668341708542627e+01	1.923042351698153185e+00	1.077974160068480902e+00	3.786266041609940292e+00	-3.645242206204116903e-02	-6.117697506112742406e-02	-1.127364205324705992e-02	-2.103679086727767988e-03	1.794964654447457186e-03	6.678070799767877652e+00
1.897226130653266196e+01	1.922148055031317249e+00	1.069164631412353739e+00	3.764106826481474322e+00	-3.543116318751586558e-02	-5.952305851049687069e-02	-1.926083675406779772e-02	-4.039079930994162078e-03	-4.192607624214104121e-03	6.632972766917857754e+00
1.909783919597989765e+01	1.921248482612142983e+00	1.060368928313630166e+00	3.741955602557966998e+00	-3.434605338363383442e-02	-5.769092054191590768e-02	-2.695274257429227521e-02	-5.943485583863436852e-03	-1.010757759021768676e-02	6.588532233809817562e+00
1.922341708542713334e+01	1.920343646921595981e+00	1.051587830379566268e+00	3.719814119834106592e+00	-3.320172521637661939e-02	-5.569265530065527214e-02	-3.436172928826319861e-02	-7.793163620884196140e-03	-1.586711125374304018e-02	6.544829212455345768e+00
1.934899497487436903e+01	1.919433560501159652e+00	1.042822107468655002e+00	3.697684109599597146e+00	-3.200266887108815794e-02	-5.353996096192966542e-02	-4.149976297258602120e-02	-9.564872963978740886e-03	-2.139607617366379860e-02	6.501936435626164190e+00
1.947457286432160828e+01	1.918518235952444861e+00	1.034072519627343034e+00	3.675567284303129512e+00	-3.075323144947058468e-02	-5.124413923847333935e-02	-4.837841485175919942e-02	-1.123619881865512218e-02	-2.662763948390105620e-02	6.459918416040657974e+00
1.960015075376884397e+01	1.917597685936801133e+00	1.025339817030257228e+00	3.653465337423154047e+00	-2.945761648234907631e-02	-4.881609536895395451e-02	-5.500886980092413447e-02	-1.278584930582322282e-02	-3.150337384822644859e-02	6.418831035583933975e+00
1.972572864321607966e+01	1.916671923174922965e+00	1.016624739923911669e+00	3.631379943345401262e+00	-2.811988365324935915e-02	-4.626633857189794974e-02	-6.140193436994591941e-02	-1.419391325720132171e-02	-3.597296474000589994e-02	6.378721571851935224e+00
1.985130653266331535e+01	1.915740960446457031e+00	1.007928018573873929e+00	3.609312757247106873e+00	-2.674394872786890059e-02	-4.360498295083523740e-02	-6.756804420479142759e-02	-1.544208070304039365e-02	-3.999362559048678240e-02	6.339629054090414328e+00
1.997688442211055104e+01	1.914804810589609829e+00	9.992503732153574791e-01	3.587265414987871548e+00	-2.533358368457531984e-02	-4.084174883747833384e-02	-7.351727075594922944e-02	-1.651382924268530311e-02	-4.352932674327284618e-02	6.301584839528878490e+00
2.010246231155778673e+01	1.913863486500750000e+00	9.905925140072145973e-01	3.565239533007107386e+00	-2.389241704110593723e-02	-3.798596456087487139e-02	-7.925932717922867798e-02	-1.739458069466378459e-02	-4.654993270803527844e-02	6.264613311331164169e+00
2.022804020100502242e+01	1.912917001134013528e+00	9.819551409893015892e-01	3.543236708228002296e+00	-2.242393437269741066e-02	-3.504656863164087172e-02	-8.480357335154364851e-02	-1.807183314676148733e-02	-4.903032467868343597e-02	6.228732616169991410e+00
2.035361809045226167e+01	1.911965367500904733e+00	9.733389440431815531e-01	3.521258517967954305e+00	-2.093147901691452817e-02	-3.203211233152212373e-02	-9.015901994297881306e-02	-1.853527376879130634e-02	-5.094956705890071880e-02	6.193955377392933670e+00
2.047919597989949736e+01	1.911008598669898362e+00	9.647446028561371678e-01	3.499306519855396758e+00	-1.941825296049299460e-02	-2.895076269967580829e-02	-9.533433150635700626e-02	-1.877687753586572417e-02	-5.229016242594197728e-02	6.160289334253097770e+00
2.060477386934673305e+01	1.910046707766038576e+00	9.561727868884610793e-01	3.477382251752959341e+00	-1.788731790353961792e-02	-2.581030590814208797e-02	-1.003378285663648478e-01	-1.879099638125495200e-02	-5.303743154632765272e-02	6.127737866101830022e+00
2.073035175879396874e+01	1.909079707970538831e+00	9.476241553439886944e-01	3.455487231686904970e+00	-1.634159649646233295e-02	-2.261815102001221364e-02	-1.051774887118145235e-01	-1.857444231374474203e-02	-5.317905361867548281e-02	6.096300362840723075e+00
2.085592964824120443e+01	1.908107612520378860e+00	9.390993571438406295e-01	3.433622957782756391e+00	-1.478387374501551228e-02	-1.938133412474351766e-02	-1.098609467165054671e-01	-1.812656676502400269e-02	-5.270480415390623591e-02	6.065972401941781555e+00
2.098150753768844012e+01	1.907130434707902333e+00	9.305990309033429497e-01	3.411790908207068096e+00	-1.321679857884498939e-02	-1.610652284591212666e-02	-1.143954937360738278e-01	-1.744933695778660976e-02	-5.160652942173361152e-02	6.036745692277961872e+00
2.110708542713567581e+01	1.906148187880412292e+00	9.221238049120850100e-01	3.389992541115249391e+00	-1.164288557890835220e-02	-1.280002121742934013e-02	-1.187880756498969348e-01	-1.654740849225783128e-02	-4.987839257046918634e-02	6.008607750398784475e+00
2.123266331658291151e+01	1.905160885439765028e+00	9.136742971170841443e-01	3.368229294605394664e+00	-1.006451685911354151e-02	-9.467774924830836894e-03	-1.230452906381745842e-01	-1.542819173057180526e-02	-4.751741406309727828e-02	5.981541288946455204e+00
2.135824120603015075e+01	1.904168540841965740e+00	9.052511151090160135e-01	3.346502586678016478e+00	-8.483944097476317156e-03	-6.115376908695465720e-03	-1.271733861044558322e-01	-1.410190801045297683e-02	-4.452430716524763410e-02	5.955523320342669180e+00
2.148381909547738644e+01	1.903171167596758417e+00	8.968548561114778606e-01	3.324813815201644651e+00	-6.903290712033973743e-03	-2.748073327528700958e-03	-1.311782550727437768e-01	-1.258163033661844656e-02	-4.090457999367859421e-02	5.930524009467277757e+00
2.160939698492462213e+01	1.902168779267221499e+00	8.884861069732429284e-01	3.303164357884180280e+00	-5.324554176670764395e-03	6.292301224477039314e-04	-1.350654322056082379e-01	-1.088330206915886708e-02	-3.666984367178638404e-02	5.906505342123868019e+00
2.173497487437185782e+01	1.901161389469355534e+00	8.801454441634698478e-01	3.281555572249965191e+00	-3.749608471914115618e-03	4.011961533231109961e-03	-1.388400896050984712e-01	-9.025726330654407908e-03	-3.183923728507375567e-02	5.883419705723280657e+00
2.186055276381909351e+01	1.900149011871673954e+00	8.718334337698288028e-01	3.259988795622461133e+00	-2.180206665642765371e-03	7.395875759585309253e-03	-1.425070325714393460e-01	-7.030518449227632014e-03	-2.644086012586620987e-02	5.861208499211373102e+00
2.198613065326632920e+01	1.899131660194794291e+00	8.635506314995023969e-01	3.238465345112480964e+00	-6.179836185131959642e-04	1.077704704553978862e-02	-1.460706955051688793e-01	-4.922013783306190132e-03	-2.051309395663381691e-02	5.839800896988695200e+00
2.211170854271356490e+01	1.898109348211022951e+00	8.552975826830242490e-01	3.216986517611886587e+00	9.355411912390088069e-04	1.415186130681263255e-02	-1.495351381463206619e-01	-2.727123751703273112e-03	-1.410570383588769655e-02	5.819112885270073754e+00
2.223728643216080414e+01	1.897082089743945987e+00	8.470748222809115768e-01	3.195553589792673677e+00	2.478960729132522692e-03	1.751700807394451428e-02	-1.529040423492373235e-01	-4.751338109979510657e-04	-7.280623749436245656e-03	5.799046670710938045e+00
2.236286432160803983e+01	1.896049898668013212e+00	8.388828748930560186e-01	3.174167818111372164e+00	4.010977357601271283e-03	2.086947210193809688e-02	-1.561807095934083789e-01	1.802561550950383239e-03	-1.123589469976740013e-04	5.779490534142524893e+00
2.248844221105527552e+01	1.895012788908125412e+00	8.307222547708251748e-01	3.152830438818673642e+00	5.530399686866609675e-03	2.420652465335492581e-02	-1.593680594292478381e-01	4.072790053008262454e-03	7.312034556610786350e-03	5.760319172018217415e+00
2.261402010050251121e+01	1.893970774439218907e+00	8.225934658318381221e-01	3.131542667974209326e+00	7.036139329609529189e-03	2.752571446315119075e-02	-1.624686290528179200e-01	6.301000364247071051e-03	1.489340630301744066e-02	5.741394539652474371e+00
2.273959798994974690e+01	1.892923869285850325e+00	8.144970016773716015e-01	3.110305701466398176e+00	8.527207565742390624e-03	3.082485839499141816e-02	-1.654845741951619376e-01	8.451727438354480343e-03	2.252139563142466216e-02	5.722567187264972155e+00
2.286517587939698259e+01	1.891872087521778933e+00	8.064333456123533583e-01	3.089120715037287024e+00	1.000271192380081976e-02	3.410203180038016285e-02	-1.684176715000692548e-01	1.048912119995668892e-02	3.007572244986088036e-02	5.703678064045348606e+00
2.299075376884421829e+01	1.890815443269550755e+00	7.984029706679021121e-01	3.067988864312292563e+00	1.146185268569236901e-02	3.735555859363296621e-02	-1.712693225488943483e-01	1.237753296098862213e-02	3.742785677158232127e-02	5.684560756712748741e+00
2.311633165829145398e+01	1.889753950700081120e+00	7.904063396263689700e-01	3.046911284834767475e+00	1.290391932176278983e-02	4.058400105748961179e-02	-1.740405596725411730e-01	1.408215157737828863e-02	4.444303804455107532e-02	5.665044125489857585e+00
2.324190954773869322e+01	1.888687624032233892e+00	7.824439050488390945e-01	3.025889092105310763e+00	1.432828686335829715e-02	4.378614939600879163e-02	-1.767320536691249777e-01	1.556967907084762931e-02	5.098261639852815635e-02	5.644955299246003477e+00
2.336748743718592891e+01	1.887616477532404247e+00	7.745161093050501044e-01	3.004923381625739687e+00	1.573441222027275460e-02	4.696101105324647362e-02	-1.793441235213691087e-01	1.680903329890980416e-02	5.690668839385236433e-02	5.624122989908106440e+00
2.349306532663316460e+01	1.886540525514098787e+00	7.666233846056808021e-01	2.984015228947627829e+00	1.712183045067336429e-02	5.010779981809874301e-02	-1.818767481807941622e-01	1.777206331415900203e-02	6.207699740847401337e-02	5.602381081878018421e+00
2.361864321608040029e+01	1.885459782337513657e+00	7.587661530369718133e-01	2.963165689725342666e+00	1.849015099128583847e-02	5.322592473753576248e-02	-1.843295804565671103e-01	1.843426136356027256e-02	6.636006232996363718e-02	5.579572444065606263e+00
2.374422110552763598e+01	1.884374262409116207e+00	7.509448265976285120e-01	2.942375799773491618e+00	1.983905385579928099e-02	5.631497886227189442e-02	-1.867019630159217625e-01	1.877545408853541556e-02	6.963048790770301477e-02	5.555552900478623712e+00
2.386979899497487168e+01	1.883283980181219563e+00	7.431598072379659303e-01	2.921646575128684642e+00	2.116828580960321629e-02	5.937472785063351716e-02	-1.889929464708369755e-01	1.878045444390153904e-02	7.177439725386969283e-02	5.530195281435040577e+00
2.399537688442210737e+01	1.882188950151564955e+00	7.354114869012502442e-01	2.900979012115550759e+00	2.247765652910676051e-02	6.240509845802369449e-02	-1.912013094926346413e-01	1.843965520291069096e-02	7.269291351718355776e-02	5.503393463382955986e+00
2.412095477386934661e+01	1.881089186862895613e+00	7.277002475671920934e-01	2.880374087416894380e+00	2.376703475399812721e-02	6.540616694087270089e-02	-1.933255808629530947e-01	1.774954469933275741e-02	7.230560576807965045e-02	5.475066293146312546e+00
2.424653266331658230e+01	1.879984704902535109e+00	7.200264612975481038e-01	2.859832758147937692e+00	2.503634444089002445e-02	6.837814740531966695e-02	-1.953640633366707235e-01	1.671312571551725537e-02	7.055380530175203724e-02	5.445161283874830005e+00
2.437211055276381799e+01	1.878875518901964137e+00	7.123904902837850939e-01	2.839355961934542538e+00	2.628556092684728243e-02	7.132138013202951599e-02	-1.973148591604908242e-01	1.534021919393689995e-02	6.740369377741431411e-02	5.413657965990029020e+00
2.449768844221105368e+01	1.877761643536395741e+00	7.047926868967639980e-01	2.818944616995338048e+00	2.751470711131964730e-02	7.423631990952919701e-02	-1.991758970605680690e-01	1.364763576085228219e-02	6.284906381754161442e-02	5.380570776967172897e+00
2.462326633165828937e+01	1.876643093524349881e+00	6.972333937383975444e-01	2.798599622227669670e+00	2.872384966499086020e-02	7.712352440919813257e-02	-2.009449604844343040e-01	1.165919993132974453e-02	5.691365498085525221e-02	5.345951377992357756e+00
2.474884422110552507e+01	1.875519883627231543e+00	6.897129436952381676e-01	2.778321857297278985e+00	2.991309527401476639e-02	7.998364263558217779e-02	-2.026197168570922358e-01	9.405614335576453419e-03	4.965297192645524299e-02	5.309890291934284967e+00
2.487442211055276076e+01	1.874392028648901976e+00	6.822316599939501902e-01	2.758112182731639717e+00	3.108258692802768133e-02	8.281740348597495249e-02	-2.041977475890894289e-01	6.924154380267409647e-03	4.115549551052999355e-02	5.272517764090202341e+00
2.500000000000000000e+01	1.873259543435254804e+00	6.747898562586235327e-01	2.737971440016855773e+00	3.223250026021208525e-02	8.562560445324375602e-02	-2.056765785561265047e-01	4.258187437412105751e-03	3.154320027347669309e-02	5.234003753578953422e+00
