# q (inverse Angstrom) 1s2 2s2 2p6 3s2 3p6 3d5 4s2 total
1.000000000000000021e-02	1.995316073597239503e+00	1.998005720393985163e+00	5.994978345059730707e+00	1.999166810902503588e+00	5.995210738684740193e+00	4.995612097317314593e+00	1.998086171252033028e+00	2.497637595720754433e+01
1.355778894472361717e-01	1.995308360685309701e+00	1.997860970002629744e+00	5.994627376068460300e+00	1.997839472324822507e+00	5.990625729553472389e+00	4.988795778535823899e+00	1.977739075610911668e+00	2.494279676278143043e+01
2.611557788944723346e-01	1.995287316526549004e+00	1.997466542376745036e+00	5.993671016672617924e+00	1.994226548672298094e+00	5.978149435172134041e+00	4.970292933518152267e+00	1.923386481301646578e+00	2.485248027424014339e+01
3.867336683417085252e-01	1.995252950479448506e+00	1.996822595359560193e+00	5.992109628697124712e+00	1.988340198078325738e+00	5.957834298410912055e+00	4.940305019662606156e+00	1.837965348091106454e+00	2.470863003877908426e+01
5.123115577889446604e-01	1.995205263808483842e+00	1.995929383634218235e+00	5.989943794028881996e+00	1.980200190224136847e+00	5.929765470446096032e+00	4.899154841449900211e+00	1.725930038001827205e+00	2.451612898159354614e+01
6.378894472361807955e-01	1.995144258068911824e+00	1.994787260295383780e+00	5.987174319357748686e+00	1.969833786062292758e+00	5.894060114678747020e+00	4.847277969252468566e+00	1.592818677376738545e+00	2.428109638509228674e+01
7.634673366834170416e-01	1.995069935216486456e+00	1.993396676604869189e+00	5.983802235618862930e+00	1.957275571849198759e+00	5.850866452739801993e+00	4.785211461442234082e+00	1.444752015862331707e+00	2.401037434933378378e+01
8.890452261306531767e-01	1.994982297624062539e+00	1.991758181653529469e+00	5.979828797203988522e+00	1.942567249624001846e+00	5.800362567278686932e+00	4.713580440930003057e+00	1.287934179298127813e+00	2.371101371361239885e+01
1.014623115577889312e+00	1.994881348085735695e+00	1.989872421946836445e+00	5.975255480992900381e+00	1.925757386155130257e+00	5.742754977980188968e+00	4.633083148805179796e+00	1.128214519767936519e+00	2.338981928373391028e+01
1.140201005025125447e+00	1.994767089818096473e+00	1.987740140916667064e+00	5.970083985212055744e+00	1.906901122750820798e+00	5.678277010079724185e+00	4.544475124256100784e+00	9.707509075386963060e-01	2.305299538057215969e+01
1.265778894472361582e+00	1.994639526460588730e+00	1.985362178360342567e+00	5.964316228123276886e+00	1.886059848675353257e+00	5.607186977078476353e+00	4.448553142761198842e+00	8.197930187952977565e-01	2.270591092025453506e+01
1.391356783919597717e+00	1.994498662075511852e+00	1.982739469807728749e+00	5.957954346544573454e+00	1.863300841220330462e+00	5.529766201345487353e+00	4.346139489919596421e+00	6.785844287634611449e-01	2.235298343967669155e+01
1.516934673366834074e+00	1.994344501147861326e+00	1.979873045817242661e+00	5.951000694205156094e+00	1.838696875746210768e+00	5.446316897804470258e+00	4.238067065338967154e+00	5.493676977371675374e-01	2.199766677779707535e+01
1.642512562814070209e+00	1.994177048585071388e+00	1.976764031201650562e+00	5.943457839936894693e+00	1.812325809230552087e+00	5.357159946924068272e+00	4.125165710213700265e+00	4.334681355777739720e-01	2.164251852166971091e+01
1.768090452261306345e+00	1.993996309716699722e+00	1.973413644184636828e+00	5.935328565704628190e+00	1.784270141034066004e+00	5.262632583759902616e+00	4.008250044097980691e+00	3.314289910860268029e-01	2.128932027958394357e+01
1.893668341708542480e+00	1.993802290294060420e+00	1.969823195489193379e+00	5.926615864477938977e+00	1.754616554722465915e+00	5.163086029846727598e+00	3.888108990226438522e+00	2.431720856803099295e-01	2.093922501073713249e+01
2.019246231155778393e+00	1.993594996489818971e+00	1.965994087358967413e+00	5.917322937947208317e+00	1.723455444860905850e+00	5.058883094332323083e+00	3.765497071901543702e+00	1.681618866532423595e-01	2.059290951954400839e+01
2.144824120603014528e+00	1.993374434897551506e+00	1.961927812513774461e+00	5.907453194086952131e+00	1.690880432729121363e+00	4.950395769915431288e+00	3.641127479909850084e+00	1.055563842485007231e-01	2.025071550830118383e+01
2.270402010050250663e+00	1.993140612531266065e+00	1.957625953040571298e+00	5.897010244569623083e+00	1.656987874890470724e+00	4.838002847940339635e+00	3.515666845192820134e+00	5.433390876672657827e-02	1.991276828693181855e+01
2.395979899497486798e+00	1.992893536824896561e+00	1.953090179221253608e+00	5.885997902033265561e+00	1.621876368488938791e+00	4.722087575460282238e+00	3.389731602488418982e+00	1.339051701237681941e-02	1.957906768152943044e+01
2.521557788944722933e+00	1.992633215631759436e+00	1.948322248298712589e+00	5.874420177206574500e+00	1.585646257047521601e+00	4.603035375264971307e+00	3.263885798122335480e+00	-1.839264300134499375e-02	1.924955042857052945e+01
2.647135678391959068e+00	1.992359657223981673e+00	1.943324003182657522e+00	5.862281275895051103e+00	1.548399140402411112e+00	4.481231647831680931e+00	3.138640176221738631e+00	-4.210877962004064279e-02	1.892412712113748086e+01
2.772713567839195203e+00	1.992072870291898390e+00	1.938097371096786370e+00	5.849585595832186513e+00	1.510237392233768405e+00	4.357059671962813852e+00	3.014452369496978701e+00	-5.880585987975144729e-02	1.860269941103468128e+01
2.898291457286431339e+00	1.991772863943418681e+00	1.932644362168930430e+00	5.836337723399652511e+00	1.471263688449632845e+00	4.230898618573259995e+00	2.891728020517621456e+00	-6.948073774649811407e-02	1.828516453930601671e+01
3.023869346733667918e+00	1.991459647703357483e+00	1.926967067965885905e+00	5.822542430220735810e+00	1.431580549448980166e+00	4.103121689743207234e+00	2.770822664577623051e+00	-7.507973732690942370e-02	1.797141431233287889e+01
3.149447236180904053e+00	1.991133231512744350e+00	1.921067659974680097e+00	5.808204669631289896e+00	1.391289899037578603e+00	3.974094392807674847e+00	2.652044213839699793e+00	-7.649961332421012505e-02	1.766133445347945852e+01
3.275025125628140188e+00	1.990793625728096483e+00	1.914948388032093662e+00	5.793329573032694135e+00	1.350492642500656038e+00	3.844172956958916920e+00	2.535655893130968508e+00	-7.458493621373592231e-02	1.735480814316969145e+01
3.400603015075376323e+00	1.990440841120660220e+00	1.908611578704298317e+00	5.777922446131368517e+00	1.309288266053961536e+00	3.713702897632464417e+00	2.421879489745653480e+00	-7.012051244127259775e-02	1.705172500694713378e+01
3.526180904522612458e+00	1.990074888875629666e+00	1.902059633618529588e+00	5.761988765069537166e+00	1.267774459604025017e+00	3.583017731865542732e+00	2.310898792515713840e+00	-6.381987500072419661e-02	1.675199439654825184e+01
3.651758793969848593e+00	1.989695780591329788e+00	1.895295027748747918e+00	5.745534172452030575e+00	1.226046764453499582e+00	3.452437845885116374e+00	2.202863109076808712e+00	-5.631265494783469633e-02	1.645556004525969840e+01
3.777336683417084728e+00	1.989303528278368205e+00	1.888320307657291863e+00	5.728564473274017743e+00	1.184198247292357564e+00	3.322269514421914760e+00	2.097890764574019240e+00	-4.813442908397080888e-02	1.616241240641399912e+01
3.902914572864320863e+00	1.988898144358764108e+00	1.881138089694565751e+00	5.711085630754624276e+00	1.142319201524142569e+00	3.192804069670176936e+00	1.996072499836690106e+00	-3.972231158882913449e-02	1.587259532425013475e+01
4.028492462311556999e+00	1.988479641665041653e+00	1.873751058158830141e+00	5.693103762081498154e+00	1.100496876691704928e+00	3.064317216427797863e+00	1.897474702000929714e+00	-3.141822641829346979e-02	1.558620503060750906e+01
4.154070351758793578e+00	1.988048033439297146e+00	1.866161963418204728e+00	5.674625134071436428e+00	1.058815236491914114e+00	2.937068488759782436e+00	1.802142415268650488e+00	-2.347979845387539177e-02	1.530338147299540985e+01
4.279648241206029269e+00	1.987603333332234934e+00	1.858373619997014892e+00	5.655656158752242924e+00	1.017354745606228850e+00	2.811300842526063271e+00	1.710102093535830203e+00	-1.609666354107787065e-02	1.502429413020853843e+01
4.405226130653265848e+00	1.987145555402175523e+00	1.850388904628641029e+00	5.636203388871040332e+00	9.761921853259564186e-01	2.687240377295418980e+00	1.621364069643749239e+00	-9.408343980380644289e-03	1.474912613718660204e+01
4.530804020100501539e+00	1.986674714114035956e+00	1.842210754277049611e+00	5.616273513334315126e+00	9.354004977192593717e-01	2.565096180519450542e+00	1.535924727801917911e+00	-3.519218215993410396e-03	1.447806116955003475e+01
4.656381909547738118e+00	1.986190824338277316e+00	1.833842164129194208e+00	5.595873352584970206e+00	8.950486578728802378e-01	2.445060286350991152e+00	1.453768376285560882e+00	1.493172159203527390e-03	1.421127683372107775e+01
4.781959798994973809e+00	1.985693901349828261e+00	1.825286185560506258e+00	5.575009853921716108e+00	8.552015735461516721e-01	2.327307741144795994e+00	1.374868826971750613e+00	5.578272749613368345e-03	1.394894635524436310e+01
4.907537688442210388e+00	1.985183960826975014e+00	1.816545924075686269e+00	5.553690086766133405e+00	8.159200113987816749e-01	2.211996767458718427e+00	1.299190696872512429e+00	8.720190417433109839e-03	1.369124763781623955e+01
5.033115577889446079e+00	1.984661018850228942e+00	1.807624537227021877e+00	5.531921237882730047e+00	7.772605487975321470e-01	2.099269018264530384e+00	1.226690454735093416e+00	1.094924146650630252e-02	1.343837605722364259e+01
5.158693467336682659e+00	1.984125091901159932e+00	1.798525232512463656e+00	5.509710606557336021e+00	7.392755500702267168e-01	1.989249913062957953e+00	1.157317243035516530e+00	1.235190021977558041e-02	1.319055553735943498e+01
5.284271356783918350e+00	1.983576196861204677e+00	1.789251265255681567e+00	5.487065599739141319e+00	7.020131659583973560e-01	1.882049047662306185e+00	1.091013512086614012e+00	1.307346679844183061e-02	1.294804225436178768e+01
5.409849246231154929e+00	1.983014351010448317e+00	1.779805936470333583e+00	5.463993727151682300e+00	6.655173549218063034e-01	1.777760669510055402e+00	1.027715508080043527e+00	1.330948644106843236e-02	1.271111703358543643e+01
5.535427135678390620e+00	1.982439572026373664e+00	1.770192590710752079e+00	5.440502596378039790e+00	6.298279248685095810e-01	1.676464210649808217e+00	9.673536601010512825e-01	1.328527395334523457e-02	1.248006582868787895e+01
5.661005025125627199e+00	1.981851877982588439e+00	1.760414613911265080e+00	5.416599907925469637e+00	5.949805938222310076e-01	1.578224870600855034e+00	9.098529119165741363e-01	1.322687079435745823e-02	1.225515164695334214e+01
5.786582914572862890e+00	1.981251287347519874e+00	1.750475431216337752e+00	5.392293450274650901e+00	5.610070679937567695e-01	1.483094241715612105e+00	8.551330422437684042e-01	1.333002298310415751e-02	1.203658454377475095e+01
5.912160804020099469e+00	1.980637818983085774e+00	1.740378504803712367e+00	5.367591094918688022e+00	5.279351356937878048e-01	1.391110969853604828e+00	8.031090121883150967e-01	1.373501311107441780e-02	1.182449754955226773e+01
6.037738693467336049e+00	1.980011492143335827e+00	1.730127331702701721e+00	5.342500791396912696e+00	4.957887755102234340e-01	1.302301443513969259e+00	7.536913709335856248e-01	1.451373548271715601e-02	1.161893494068344523e+01
6.163316582914571740e+00	1.979372326473068489e+00	1.719725441609769812e+00	5.317030562328508125e+00	4.645882771720241666e-01	1.216680504887057479e+00	7.067867412694095464e-01	1.567161869145630368e-02	1.141985547243129417e+01
6.288894472361808319e+00	1.978720342006417665e+00	1.709176394703506574e+00	5.291188498450853928e+00	4.343503735335512705e-01	1.134252176616553864e+00	6.622983961249951923e-01	1.716222461621848272e-02	1.122714840605209652e+01
6.414472361809044010e+00	1.978055559165416755e+00	1.698483779461074761e+00	5.264982753667460713e+00	4.050883821364654747e-01	1.055010398404265137e+00	6.201269269236457937e-01	1.890843081216920032e-02	1.104065623057049805e+01
6.540050251256280589e+00	1.977377998758532263e+00	1.687651210478175345e+00	5.238421540110207886e+00	3.768123548397440126e-01	9.789397679387626949e-01	5.801709951800360088e-01	2.082257482652117783e-02	1.086019644213197921e+01
6.665628140703516280e+00	1.976687681979174771e+00	1.676682326294551606e+00	5.211513123220583132e+00	3.495292340511185203e-01	9.060162809853192778e-01	5.423281509102452214e-01	2.281933949528466149e-02	1.068557613693627850e+01
6.791206030150752859e+00	1.975984630404181708e+00	1.665580787226996762e+00	5.184265816854462194e+00	3.232430141441001714e-01	8.362080658368891140e-01	5.064956953912225224e-01	2.481878264526928349e-02	1.051659679250312251e+01
6.916783919597988550e+00	1.975268865992273470e+00	1.654350273211818934e+00	5.156687978414865370e+00	2.979549067028046117e-01	7.694761076934238941e-01	4.725715615850099027e-01	2.674117313272641322e-02	1.035305086673292152e+01
7.042361809045225129e+00	1.974540411082487124e+00	1.642994481658647254e+00	5.128788004017067692e+00	2.736635083009570368e-01	7.057749589082296104e-01	4.404551829735161017e-01	2.849846370130550491e-02	1.019471501064220931e+01
7.167939698492460820e+00	1.973799288392581452e+00	1.631517125317445860e+00	5.100574323690257650e+00	2.503649695908894968e-01	6.450534314140348169e-01	4.100483204585073094e-01	2.998819842119786888e-02	1.004134565728491246e+01
7.293517587939697400e+00	1.973045521017417592e+00	1.619921930160533652e+00	5.072055396619864709e+00	2.280531645520764428e-01	5.872552680159985883e-01	3.812558172922567712e-01	3.109430644826600629e-02	9.892681404106413723e+00
7.419095477386933091e+00	1.972279132427316117e+00	1.608212633281384196e+00	5.043239706434527569e+00	2.067198588260331094e-01	5.323197896120646089e-01	3.539862537779063789e-01	3.169636034168408362e-02	9.748453734700914808e+00
7.544673366834169670e+00	1.971500146466387049e+00	1.596392980811910389e+00	5.014135756541564071e+00	1.863548761443641899e-01	4.801825157702825364e-01	3.281524768727231423e-01	3.168570282990192111e-02	9.608404455437133507e+00
7.670251256281405361e+00	1.970708587350836316e+00	1.584466725859900560e+00	4.984752065514658881e+00	1.669462619387300506e-01	4.307757564555135810e-01	3.036719849948032457e-01	3.098449692227121452e-02	9.472305879036712284e+00
7.795829145728641940e+00	1.969904479667247799e+00	1.572437626468219607e+00	4.955097162537350108e+00	1.484804433047475780e-01	3.840291730514909796e-01	2.804671552971994553e-01	2.956287476776424741e-02	9.339978915094018674e+00
7.921407035175877631e+00	1.969087848370841831e+00	1.560309443597327483e+00	4.925179582905771625e+00	1.309423845757792249e-01	3.398703071660696962e-01	2.584653092239068695e-01	2.744999903617675874e-02	9.211304874875871462e+00
8.046984924623114210e+00	1.968258718783707062e+00	1.548085939132623601e+00	4.895007863593952457e+00	1.143157378465352175e-01	2.982250760351167762e-01	2.375986218136137695e-01	2.473657906342538459e-02	9.086228536268974310e+00
8.172562814070349901e+00	1.967417116593010995e+00	1.535770873918061330e+00	4.864590538884828064e+00	9.858298786992873708e-02	2.590182336520451822e-01	2.178038902344287264e-01	2.156853825666806349e-02	8.964752179408970179e+00
8.298140703517587369e+00	1.966563067849189217e+00	1.523368005817422155e+00	4.833936136070006384e+00	8.372559083311277572e-02	2.221737970437525078e-01	1.990221865231771026e-01	1.813345336746716510e-02	8.846922237504125874e+00
8.423718592964823060e+00	1.965696598964102870e+00	1.510881087804585965e+00	4.803053171221140616e+00	6.972410659967523405e-02	1.876154373889106497e-01	1.811984275470650274e-01	1.464261166869292377e-02	8.732811441194172630e+00
8.549296482412058751e+00	1.964817736709182583e+00	1.498313866084064028e+00	4.771950145035633639e+00	5.655832408408249801e-02	1.552668359306722534e-01	1.642809009929215303e-01	1.131186614003665096e-02	8.622499674976593198e+00
8.674874371859294442e+00	1.963926508213545308e+00	1.485670078243016778e+00	4.740635538759271128e+00	4.420737950129758481e-02	1.250520048733498868e-01	1.482207891271356270e-01	8.343995465973206085e-03	8.516056294183588449e+00
8.800452261306531909e+00	1.963022940962086516e+00	1.472953451435904171e+00	4.709117810188189424e+00	3.264986730862652620e-02	9.689557367221902917e-02	1.329717318449080976e-01	5.914284096485162429e-03	8.413525659508417576e+00
8.926030150753767600e+00	1.962107062793553958e+00	1.460167700602867047e+00	4.677405389752466114e+00	2.186394372797008726e-02	7.072304132877187122e-02	1.184894671180711373e-01	4.159904884628692207e-03	8.314916510208329115e+00
9.051608040201003291e+00	1.961178901898596560e+00	1.447316526722868479e+00	4.645506676683462288e+00	1.182742280442275126e-02	4.646099549212125146e-02	1.047315805914239006e-01	3.172754443112675744e-03	8.220194858636007851e+00
9.177185929648238982e+00	1.960238486817792225e+00	1.434403615102572749e+00	4.613430035266890883e+00	2.517865021301591340e-03	2.403729934281278666e-02	9.165738720318272748e-02	2.994876932695917943e-03	8.129279565687250297e+00
9.302763819095476450e+00	1.959285846439655421e+00	1.421432633701866344e+00	4.581183791183438103e+00	-6.087341448094997325e-03	3.381247399861031424e-03	7.922795688829567529e-02	3.615578344622803753e-03	8.042039712509645000e+00
9.428341708542712141e+00	1.958321009998619688e+00	1.408407231496878964e+00	4.548776227938640560e+00	-1.401090671562652684e-02	-1.557630845280404304e-02	6.740628432485583355e-02	4.969707801690203229e-03	7.958293246392254439e+00
9.553919597989947832e+00	1.957344007073002379e+00	1.395331036881284792e+00	4.516215583383510257e+00	-2.127557219230398478e-02	-3.290286127686576495e-02	5.615759002386222498e-02	6.937199530183508871e-03	7.877806983422672715e+00
9.679497487437183523e+00	1.956354867582947632e+00	1.382207656106621885e+00	4.483510046327343623e+00	-2.790405040600282827e-02	-4.866417814312441747e-02	4.544972761203107392e-02	9.344616035426772660e-03	7.800298685115243380e+00
9.805075376884420990e+00	1.955353621788346929e+00	1.369040671762291828e+00	4.450667753243920721e+00	-3.391897134545598241e-02	-6.292425423054612277e-02	3.525366073859520499e-02	1.196989430896601425e-02	7.725442376266118849e+00
9.930653266331656681e+00	1.954340300286741661e+00	1.355833641295847158e+00	4.417696785072222632e+00	-3.934283501570893377e-02	-7.574529011747629936e-02	2.554396352001768455e-02	1.455160344943007104e-02	7.652878168491073829e+00
1.005623115577889237e+01	1.953314934011203707e+00	1.342590095574122122e+00	4.384605164112591602e+00	-4.419796985791084321e-02	-8.718769030450412849e-02	1.629929171467342508e-02	1.680369536456347707e-02	7.582227520614739369e+00
1.018180904522612984e+01	1.952277554228197376e+00	1.329313537485689034e+00	4.351400851019204374e+00	-4.850649665916512143e-02	-9.731008090213867645e-02	7.502768754446395919e-03	1.843600269172629078e-02	7.513114136617959460e+00
1.030738693467336553e+01	1.951228192535420014e+00	1.316007440585076793e+00	4.318091741889487523e+00	-5.229029755625105164e-02	-1.061693443235524476e-01	-8.577679076040463368e-04	1.917973640930509954e-02	7.445189701631882429e+00
1.043296482412060122e+01	1.950166880859625529e+00	1.302675247779123024e+00	4.284685665451071657e+00	-5.557098972037098628e-02	-1.138206687461760652e-01	-8.789708441977085382e-03	1.881613678725617758e-02	7.378162563968552412e+00
1.055854271356783691e+01	1.949093651454426146e+00	1.289320370055781373e+00	4.251190380346671738e+00	-5.836990329867404459e-02	-1.203176100491425704e-01	-1.629583731870189872e-02	1.720541786520581040e-02	7.311826469055566768e+00
1.068412060301507438e+01	1.948008536898077292e+00	1.275946185255642629e+00	4.217613572517202591e+00	-6.070806318210122260e-02	-1.257121638997260316e-01	-2.337474609131633130e-02	1.431238079316787468e-02	7.246085702290947061e+00
1.080969849246231007e+01	1.946911570091243382e+00	1.262556036886378852e+00	4.183962852683282385e+00	-6.260617416798489043e-02	-1.300548456539522557e-01	-3.002149361583232590e-02	1.022469478435037923e-02	7.180972641007485002e+00
1.093527638190954576e+01	1.945802784254744733e+00	1.249153232980265926e+00	4.150245753925164927e+00	-6.408460908967503200e-02	-1.333947757569673154e-01	-3.622849297336874774e-02	5.159974323744006761e-03	7.116653867663908173e+00
1.106085427135678145e+01	1.944682212927285825e+00	1.235741044994882021e+00	4.116469729361050156e+00	-6.516339949405434984e-02	-1.357797683792503762e-01	-4.198658198417852538e-02	-5.414905094366944836e-04	7.053421746916298751e+00
1.118643216080401892e+01	1.943549889963168908e+00	1.222322706757039690e+00	4.082642149923534802e+00	-6.586222846089991034e-02	-1.372564211062037853e-01	-4.728621383086550889e-02	-6.440118538800099039e-03	6.991669764706974100e+00
1.131201005025125461e+01	1.942405849529985185e+00	1.208901413449945172e+00	4.048770302233947405e+00	-6.620042517535293380e-02	-1.378702036108249152e-01	-5.211868838667627762e-02	-1.203630552878469026e-02	6.931851942512238907e+00
1.143758793969849030e+01	1.941250126106292440e+00	1.195480320643538930e+00	4.014861386574113844e+00	-6.619696088593408911e-02	-1.376655433807949247e-01	-5.647733560279356163e-02	-1.682285560935921701e-02	6.874429137845063487e+00
1.156316582914572599e+01	1.940082754479274918e+00	1.182062543367926377e+00	3.980922514955061331e+00	-6.587044590519794407e-02	-1.366859067400256755e-01	-6.035856143848768174e-02	-2.034516796471693909e-02	6.819807730753835173e+00
1.168874371859296346e+01	1.938903769742386762e+00	1.168651155229748939e+00	3.946960709282036017e+00	-6.523912733784090201e-02	-1.349738735971544867e-01	-6.376267516112350819e-02	-2.226135769549964991e-02	6.768278600462553918e+00
1.181432160804019915e+01	1.937713207292974804e+00	1.155249187571320002e+00	3.912982899615109478e+00	-6.432088725140433505e-02	-1.325712045654720284e-01	-6.669443416063723651e-02	-2.239297776388543548e-02	6.719965790738005929e+00
1.193989949748743484e+01	1.936511102829893805e+00	1.141859628672285520e+00	3.878995922524575590e+00	-6.313324103716040636e-02	-1.295188993254747511e-01	-6.916326730171533377e-02	-2.075704578263529859e-02	6.674794200579769132e+00
1.206547738693467231e+01	1.935297492351097048e+00	1.128485422993550591e+00	3.845006519540233647e+00	-6.169333574284381616e-02	-1.258572453374686151e-01	-7.118316776682379055e-02	-1.757210674295967695e-02	6.632483579294785159e+00
1.219105527638190800e+01	1.934072412151216502e+00	1.115129470463151362e+00	3.811021335693574041e+00	-6.001794819406475190e-02	-1.216258562520346753e-01	-7.277227798116002455e-02	-1.323505830882405060e-02	6.592572077571857925e+00
1.231663316582914369e+01	1.932835898819125875e+00	1.101794625803730776e+00	3.777046918151801158e+00	-5.812348275700512934e-02	-1.168636996055297250e-01	-7.395221880363363198e-02	-8.270783287355554583e-03	6.554467258321134082e+00
1.244221105527637938e+01	1.931587989235489689e+00	1.088483697901228675e+00	3.743089714942553492e+00	-5.602596863083265238e-02	-1.116091136212847140e-01	-7.474723907964184177e-02	-3.262069793840918601e-03	6.517517010953671530e+00
1.256778894472361685e+01	1.930328720570295031e+00	1.075199449214366387e+00	3.709156073768104189e+00	-5.374105659366559817e-02	-1.058998131605517756e-01	-7.518327690368055427e-02	1.228581260173641169e-03	6.481088678155041194e+00
1.269336683417085254e+01	1.929058130280373318e+00	1.061944595224472154e+00	3.675252240907751489e+00	-5.128401516038942620e-02	-9.977288507701186082e-02	-7.528702867333784965e-02	4.732032138271472996e-03	6.444643069640129340e+00
1.281894472361808823e+01	1.927776256106903174e+00	1.048721803925157348e+00	3.641384360207060578e+00	-4.866972614370779909e-02	-9.326477342211275667e-02	-7.508511578087198601e-02	6.928564959210588466e-03	6.407791369851639551e+00
1.294452261306532392e+01	1.926483136072901559e+00	1.035533695351331440e+00	3.607558472152536222e+00	-4.591267964105714278e-02	-8.641125512381640783e-02	-7.460342260725062735e-02	7.678877045715447672e-03	6.370326823250361592e+00
1.307010050251256139e+01	1.925178808480703330e+00	1.022382841147005506e+00	3.573780513030261563e+00	-4.302696849903196730e-02	-7.924740691744619481e-02	-7.386665567629861762e-02	7.027228746369721182e-03	6.332228360311562554e+00
1.319567839195979708e+01	1.923863311909422391e+00	1.009271764171312702e+00	3.540056314166986962e+00	-4.002628233338789698e-02	-7.180756444391794835e-02	-7.289814563078847454e-02	5.179189191785543017e-03	6.293638587031413323e+00
1.332125628140703277e+01	1.922536685212405061e+00	9.962029381421476648e-01	3.506391601252090151e+00	-3.692390120619141319e-02	-6.412527454792302239e-02	-7.171988475321668111e-02	2.460424914007066765e-03	6.254822589013319778e+00
1.344683417085426846e+01	1.921198967514667455e+00	9.831787873167997516e-01	3.472791993738801875e+00	-3.373268908199116012e-02	-5.623324190721517429e-02	-7.035276658237332725e-02	-7.349190893102292444e-04	6.216116131909379838e+00
1.357241206030150593e+01	1.919850198210321768e+00	9.702016862089393179e-01	3.439263004323036998e+00	-3.046508720176450968e-02	-4.816327120482413043e-02	-6.881697366864808485e-02	-3.997530219783940186e-03	6.177872026447277065e+00
1.369798994974874162e+01	1.918490416959989231e+00	9.572739593412855630e-01	3.405810038498138681e+00	-2.713310752666639111e-02	-3.994620611959378426e-02	-6.713244660451324342e-02	-6.950564741111663579e-03	6.140412089807528062e+00
1.382356783919597731e+01	1.917119663688202635e+00	9.443978810332752660e-01	3.372438394183806754e+00	-2.374832641314105278e-02	-3.161186645755956204e-02	-6.531936297765317256e-02	-9.286472196311927260e-03	6.103989910860618373e+00
1.394914572864321300e+01	1.915737978580796863e+00	9.315756752230298643e-01	3.339153261427465047e+00	-2.032187868667151287e-02	-2.318898477772329131e-02	-6.339855853433551403e-02	-1.079035985264665577e-02	6.068767133379914469e+00
1.407472361809045047e+01	1.914345402082287873e+00	9.188095153228964529e-01	3.305959722176263327e+00	-1.686445228331605317e-02	-1.470514388080149289e-02	-6.139183338962374281e-02	-1.134953435456570806e-02	6.034803675673140688e+00
1.420030150753768616e+01	1.912941974893239250e+00	9.061015241078383964e-01	3.272862750117937480e+00	-1.338628362622678106e-02	-6.186716528140866200e-03	-5.932210170411059136e-02	-1.095066139030602057e-02	6.002060485870229556e+00
1.432587939698492185e+01	1.911527737967621432e+00	8.934537736359212667e-01	3.239867210588673885e+00	-9.897153898652821108e-03	2.341191260428075651e-03	-5.721336165869728846e-02	-9.667191639072701334e-03	5.970412206256222376e+00
1.445145728643215932e+01	1.910102732510157386e+00	8.808682852001381569e-01	3.206977860546164294e+00	-6.406386365625762330e-03	1.085479201743614654e-02	-5.509048157929340161e-02	-7.640312092497323834e-03	5.939666490236478857e+00
1.457703517587939501e+01	1.908666999973659850e+00	8.683470293108117577e-01	3.174199348605982962e+00	-2.922844883781744799e-03	1.933166249041754978e-02	-5.297881572139505335e-02	-5.056765231386308942e-03	5.909586614544308780e+00
1.470261306532663070e+01	1.907220582056358138e+00	8.558919257077850506e-01	3.141536215139424826e+00	5.450662771622037531e-04	2.775078197496828533e-02	-5.090367798477897499e-02	-2.126540070919885964e-03	5.879914353099999325e+00
1.482819095477386639e+01	1.905763520699215841e+00	8.435048434016290120e-01	3.108992892430949784e+00	3.989401196614656038e-03	3.609256223326156449e-02	-4.888971268788248198e-02	9.372006960232182396e-04	5.850390707969810755e+00
1.495376884422110386e+01	1.904295858083237425e+00	8.311876007430653024e-01	3.076573704893350136e+00	7.402669565784753859e-03	4.433886803086221906e-02	-4.696020803191132409e-02	3.934408824771110265e-03	5.820772902109159652e+00
1.507934673366833955e+01	1.902817636626769726e+00	8.189419655198194592e-01	3.044282869338772901e+00	1.077783239126511861e-02	5.247302746375268750e-02	-4.513640005784174541e-02	6.689967930678169736e-03	5.790846899213216936e+00
1.520492462311557524e+01	1.901328898982792115e+00	8.067696550800957933e-01	3.012124495303734495e+00	1.410829610542446710e-02	6.047983140715251782e-02	-4.343681316364112616e-02	9.061134136794223720e-03	5.760435497852352427e+00
1.533050251256281094e+01	1.899829688036195563e+00	7.946723364818819579e-01	2.980102585426264827e+00	1.738790507631649690e-02	6.834552159647312719e-02	-4.187667828482195820e-02	1.094127330664709449e-02	5.729402631638957466e+00
1.545608040201004840e+01	1.898320046901061264e+00	7.826516266672756128e-01	2.948221035873313856e+00	2.061093253748857990e-02	7.605776704637680352e-02	-4.046746246713586737e-02	1.226086627617053483e-02	5.697654812834549887e+00
1.558165829145728409e+01	1.896800018917923936e+00	7.707090926610340453e-01	2.916483636816602498e+00	2.377206998611351360e-02	8.360562872336424478e-02	-3.921653462524562345e-02	1.298675168909830917e-02	5.665140664168891504e+00
1.570723618090451978e+01	1.895269647651031786e+00	7.588462517925462780e-01	2.884894072955061173e+00	2.686641512574427376e-02	9.097951260683538599e-02	-3.812698258822741493e-02	1.312032668905190914e-02	5.631849244232043361e+00
1.583281407035175548e+01	1.893728976885597826e+00	7.470645719404276353e-01	2.853455924082054285e+00	2.988945845718347580e-02	9.817111149881671550e-02	-3.719758679115501426e-02	1.269503694529407374e-02	5.597807493018218672e+00
1.595839195979899294e+01	1.892178050625044516e+00	7.353654717989450695e-01	2.822172665695594329e+00	3.283706864692688410e-02	1.051733361686508078e-01	-3.642294677938038433e-02	1.177309263648291041e-02	5.563076738792265274e+00
1.608396984924623041e+01	1.890616913088241757e+00	7.237503211654798818e-01	2.791047669649762586e+00	3.570547682686894125e-02	1.119802366407957467e-01	-3.579374853415796809e-02	1.044107289842548074e-02	5.527747941735415615e+00
1.620954773869346610e+01	1.889045608706739543e+00	7.122204412482442404e-01	2.760084204845580924e+00	3.849126000093868599e-02	1.185869146461870083e-01	-3.529715388707268392e-02	8.804022317144480705e-03	5.491935297877761357e+00
1.633512562814070179e+01	1.887464182121992851e+00	7.007771049934723440e-01	2.729285437959600991e+00	4.119132375360327197e-02	1.249894284552516971e-01	-3.491728825083086074e-02	6.977839852701955489e-03	5.455768028885791487e+00
1.646070351758793748e+01	1.885872678182581641e+00	6.894215374313142908e-01	2.698654434208506370e+00	4.380288447128395657e-02	1.311846914886823923e-01	-3.463579974061135186e-02	5.080181770859721994e-03	5.419380607812618322e+00
1.658628140703517673e+01	1.884271141941425975e+00	6.781549160396675990e-01	2.668194158148045059e+00	4.632345130030300628e-02	1.371703662560667669e-01	-3.443246156835536032e-02	3.220636513795799120e-03	5.382902208630948593e+00
1.671185929648241242e+01	1.882659618652994693e+00	6.669783711251940916e-01	2.637907474504634475e+00	4.875080807367344199e-02	1.429447552985161907e-01	-3.428579031163649093e-02	1.491411958662540189e-03	5.346446649302039944e+00
1.683743718592964811e+01	1.881038153770510757e+00	6.558929862207700801e-01	2.607797149038020734e+00	5.108299544359858751e-02	1.485066909064127749e-01	-3.417365510144198398e-02	-3.997916279303193488e-05	5.310104341115079229e+00
1.696301507537688380e+01	1.879406792943150162e+00	6.448997984986410970e-01	2.577865849433400580e+00	5.331829345675632298e-02	1.538554254448651903e-01	-3.407385661608706290e-02	-1.334679053673183376e-03	5.273937624107054134e+00
1.708859296482411949e+01	1.877765582013237955e+00	6.339997991985504289e-01	2.548116146221441447e+00	5.545520480519457174e-02	1.589905241459053653e-01	-3.396465957452349943e-02	-2.382274124695616009e-03	5.237980322685111823e+00
1.721417085427135518e+01	1.876114567013440704e+00	6.231939340701284635e-01	2.518550513724673312e+00	5.749243897690504285e-02	1.639117622170699340e-01	-3.382526768485516477e-02	-3.196459740047564047e-03	5.202241488577315387e+00
1.733974874371859087e+01	1.874453794163952969e+00	6.124831038288431895e-01	2.489171331028762868e+00	5.942889751691947386e-02	1.686190280708534384e-01	-3.363623520808357165e-02	-3.807597283162916096e-03	5.166712322118085510e+00
1.746532663316582656e+01	1.872783309869682444e+00	6.018681646248174033e-01	2.459980882977206740e+00	6.126366059221598215e-02	1.731122343993724555e-01	-3.337981398746396600e-02	-4.253973575006430793e-03	5.131374464900823718e+00
1.759090452261306581e+01	1.871103160717430214e+00	5.913499285238393854e-01	2.430981361188026657e+00	6.299597503203466231e-02	1.773912387048448003e-01	-3.304023863264094613e-02	-4.573906074161346313e-03	5.096207519459373003e+00
1.771648241206030150e+01	1.869413393473071228e+00	5.809291639999006884e-01	2.402174865091077027e+00	6.462524398968862160e-02	1.814557747512051122e-01	-3.260395534992991534e-02	-4.800534044220668324e-03	5.061193951910791355e+00
1.784206030150753719e+01	1.867714055078727453e+00	5.706065964386102252e-01	2.373563402984613102e+00	6.615101834298084404e-02	1.853053962277947941e-01	-3.205980164586503395e-02	-4.960216327581526939e-03	5.026320451099280717e+00
1.796763819095477288e+01	1.866005192649942579e+00	5.603829086508501645e-01	2.345148893109816335e+00	6.757298991836269142e-02	1.889394337154753356e-01	-3.139914489529743030e-02	-5.074177942600034512e-03	4.991576095206550434e+00
1.809321608040200857e+01	1.864286853472853833e+00	5.502587413960505769e-01	2.316933164741999285e+00	6.889098658951026133e-02	1.923569658218856615e-01	-3.061598772404000926e-02	-5.161852980237463875e-03	4.956948871318020977e+00
1.821879396984924426e+01	1.862559085001360470e+00	5.402346939144718752e-01	2.288917959297246174e+00	7.010496926463401224e-02	1.955568051093054815e-01	-2.970704748687835739e-02	-5.243736379116173060e-03	4.922422728721022267e+00
1.834437185929647995e+01	1.860821934854292259e+00	5.303113244679062976e-01	2.261104931453308264e+00	7.121503073922287597e-02	1.985374991793117661e-01	-2.867181596664112458e-02	-5.341786814209866473e-03	4.887977117913190561e+00
1.846994974874371920e+01	1.859075450812576191e+00	5.204891508882180107e-01	2.233495650283577660e+00	7.222139635272392666e-02	2.012973470068502857e-01	-2.751260386543411332e-02	-5.476484847682309975e-03	4.853589906630829454e+00
1.859552763819095489e+01	1.857319680816403418e+00	5.107686511331575030e-01	2.206091600403031094e+00	7.312442634960977794e-02	2.038344303363977539e-01	-2.623457274823639759e-02	-5.661146462141494057e-03	4.819243069828222481e+00
1.872110552763819058e+01	1.855554672962392404e+00	5.011502638489029327e-01	2.178894183125050787e+00	7.392461980810352551e-02	2.061466596685216368e-01	-2.484575486902157807e-02	-5.895406434916476701e-03	4.784929238109033811e+00
1.884668341708542627e+01	1.853780475500756530e+00	4.916343889387957411e-01	2.151904717628087216e+00	7.462261996428740107e-02	2.082318340805491552e-01	-2.335705883742487943e-02	-6.160356556793673312e-03	4.750656620718258338e+00
1.897226130653266196e+01	1.851997136832465474e+00	4.822213881377527267e-01	2.125124442131149927e+00	7.521922072613768107e-02	2.100877138444515457e-01	-2.178225652133813917e-02	-6.417402983203370284e-03	4.716450242167415929e+00
1.909783919597989765e+01	1.850204705506413472e+00	4.729115855918506472e-01	2.098554515077160509e+00	7.571537414194391691e-02	2.117121045329123652e-01	-2.013794416105813348e-02	-6.611675897698954252e-03	4.682348664791524229e+00
1.922341708542713334e+01	1.848403230216581594e+00	4.637052684425975735e-01	2.072196016323235579e+00	7.611219856127277028e-02	2.131029510454622300e-01	-1.844346868305003079e-02	-6.679298920078890860e-03	4.648396896986019655e+00
1.934899497487436903e+01	1.846592759799206451e+00	4.546026874154177611e-01	2.046049948337001823e+00	7.641098720476247053e-02	2.142584397452489964e-01	-1.672080893835863405e-02	-6.556610117679061850e-03	4.614637403445600583e+00
1.947457286432160828e+01	1.844773343229944684e+00	4.456040574118930175e-01	2.020117237398083354e+00	7.661321684217482775e-02	2.151771066783892128e-01	-1.499440128422168360e-02	-6.188949406220778382e-03	4.581101610870042862e+00
1.960015075376884397e+01	1.842945029621042341e+00	4.367095581053206388e-01	1.994398734803950468e+00	7.672055626678625506e-02	2.158579496568441003e-01	-1.329089969554699685e-02	-5.536984288049855672e-03	4.547803944470348192e+00
1.972572864321607966e+01	1.841107868218502919e+00	4.279193345391554826e-01	1.968895218079316445e+00	7.673487424877330210e-02	2.163005418273521163e-01	-1.163886241257612413e-02	-4.579509631295812337e-03	4.514739464869228058e+00
1.985130653266331535e+01	1.839261908399262513e+00	4.192334977279302821e-01	1.943607392188354321e+00	7.665824665107077995e-02	2.165051442280599425e-01	-1.006835984537032998e-02	-3.312817166279150190e-03	4.481885012183028927e+00
1.997688442211055104e+01	1.837407199668357638e+00	4.106521252602516325e-01	1.918535890749000217e+00	7.649296239842133527e-02	2.164728147557527238e-01	-8.610501812224415769e-03	-1.747677904716048603e-03	4.449202813114843558e+00
2.010246231155778673e+01	1.835543791656104595e+00	4.021752619034881793e-01	1.893681277248652428e+00	7.624152800408698361e-02	2.162055109343892778e-01	-7.296885895731531832e-03	9.454831298325068879e-05	4.416645032163973639e+00
2.022804020100502242e+01	1.833671734115276397e+00	3.938029202097849679e-01	1.869044046260625924e+00	7.590667037887581514e-02	2.157061838937649467e-01	-6.158972482808122879e-03	2.185229723745320089e-03	4.384157812099265250e+00
2.035361809045226167e+01	1.831791076918282801e+00	3.855350811230439656e-01	1.844624624660720746e+00	7.549133767356067115e-02	2.149788610387139143e-01	-5.227395699441209076e-03	4.490251040842935595e-03	4.351683836755723789e+00
2.047919597989949736e+01	1.829901870054354340e+00	3.773716945865318584e-01	1.820423372843325893e+00	7.499869793808455753e-02	2.140287150165272601e-01	-4.531222821574886796e-03	6.970014198789170959e-03	4.319163141816038554e+00
2.060477386934673305e+01	1.828004163626731016e+00	3.693126801507833901e-01	1.796440585936480927e+00	7.443213541867839400e-02	2.128621167743730003e-01	-4.097177776047934705e-03	9.578053674778513882e-03	4.286532557805777799e+00
2.073035175879396874e+01	1.826098007849850102e+00	3.613579275814889358e-01	1.772676495015375719e+00	7.379524435654725989e-02	2.114866707393598944e-01	-3.948847021221398891e-03	1.225910761886154186e-02	4.253724606140261599e+00
2.085592964824120443e+01	1.824183453046541503e+00	3.535072974670582791e-01	1.749131268313763421e+00	7.309182019835748501e-02	2.099112304499699266e-01	-4.105888409894058177e-03	1.494760864651959245e-02	4.220666789712315570e+00
2.098150753768844012e+01	1.822260549645227101e+00	3.457606218255741548e-01	1.725805012432823027e+00	7.232584817851818448e-02	2.081458933158426838e-01	-4.583265565096996536e-03	1.756737569454931702e-02	4.187282035527436719e+00
2.110708542713567581e+01	1.820329348177121664e+00	3.381177047108551159e-01	1.702697773546999249e+00	7.150148928522891134e-02	2.062019735786562447e-01	-5.390531787932394299e-03	2.003289820483679026e-02	4.153490655715765811e+00
2.123266331658291151e+01	1.818389899273439747e+00	3.305783228173614918e-01	1.679809538606401809e+00	7.062306367539593344e-02	2.040919529837291191e-01	-6.531188479267475804e-03	2.225214792276606832e-02	4.119213736799826719e+00
2.135824120603015075e+01	1.816442253662608586e+00	3.231422260836891436e-01	1.657140236535350697e+00	6.969503165669806155e-02	2.018294091420023972e-01	-8.002143389107209751e-03	2.413046978359347991e-02	4.084377483474835202e+00
2.148381909547738644e+01	1.814486462167484992e+00	3.158091382944088754e-01	1.634689739426685939e+00	6.872197240712785149e-02	1.994289220556121622e-01	-9.793293607453828348e-03	2.557488853390712039e-02	4.048917829277772995e+00
2.160939698492462213e+01	1.812522575702574024e+00	3.085787576800132492e-01	1.612457863731472596e+00	6.770856065208892549e-02	1.969059597863741240e-01	-1.188725700074367599e-02	2.649816106149939163e-02	4.012784621613278979e+00
2.173497487437185782e+01	1.810550645271260750e+00	3.014507575147540863e-01	1.590444371443767047e+00	6.665954156541785414e-02	1.942767447529090419e-01	-1.425927373739524148e-02	2.682208949573455445e-02	3.975944876306447995e+00
2.186055276381909351e+01	1.808570721963039363e+00	2.944247867121534967e-01	1.568648971280120374e+00	6.557970420240803733e-02	1.915581026357108529e-01	-1.687729663041991068e-02	2.647992663065147634e-02	3.938384916793663759e+00
2.198613065326632920e+01	1.806582856950753824e+00	2.875004704179852655e-01	1.547071319853502214e+00	6.447385380899513241e-02	1.887672963364637746e-01	-1.970228527606770683e-02	2.541806377028549627e-02	3.900111575861918034e+00
2.211170854271356490e+01	1.804587101487842959e+00	2.806774106005355263e-01	1.525711022841378162e+00	6.334678338077326387e-02	1.859218478644204808e-01	-2.268871441366417455e-02	2.359749219894615585e-02	3.861152943960231898e+00
2.223728643216080414e+01	1.802583506905589994e+00	2.739551866379540956e-01	1.504567636147651877e+00	6.220324486763812583e-02	1.830393513950366868e-01	-2.578530158951175197e-02	2.099568707210965751e-02	3.821559311436468764e+00
2.236286432160803983e+01	1.800572124610382296e+00	2.673333559025221629e-01	1.483640667058229834e+00	6.104792043393310330e-02	1.801372810513819644e-01	-2.893595306994905039e-02	1.760952675496046255e-02	3.781404922741460783e+00
2.248844221105527552e+01	1.798553006080975125e+00	2.608114543416665820e-01	1.462929575389956272e+00	5.988539418953384846e-02	1.772327971854601447e-01	-3.208091998859968763e-02	1.345962956683237517e-02	3.740790936765824526e+00
2.261402010050251121e+01	1.796526202865762922e+00	2.543889970555624491e-01	1.442433774632704946e+00	5.872012480405941481e-02	1.743425550745126285e-01	-3.515814890631716733e-02	8.596104472685108314e-03	3.699849609998970834e+00
2.273959798994974690e+01	1.794491766580058378e+00	2.480654788711681435e-01	1.422152633084401208e+00	5.755641940426692305e-02	1.714825199888530549e-01	-3.810480232816566143e-02	3.105239660155044868e-03	3.658749255260736355e+00
2.286517587939698259e+01	1.792449748903379270e+00	2.418403749125486446e-01	1.402085474978777668e+00	5.639840913382635629e-02	1.686677925276176271e-01	-4.085891537439595433e-02	-2.883830311834807095e-03	3.617699054769919265e+00
2.299075376884421829e+01	1.790400201576741068e+00	2.357131411673483723e-01	1.382231581605670501e+00	5.525002672543806448e-02	1.659124479547264275e-01	-4.336114500712478365e-02	-9.193855023922897426e-03	3.576952398998876070e+00
2.311633165829145398e+01	1.788343176399959988e+00	2.296832150492803815e-01	1.362590192423675850e+00	5.411498639823587170e-02	1.632293930002606808e-01	-4.555655843223953283e-02	-1.559724737766871733e-02	3.536807157461504314e+00
2.324190954773869322e+01	1.786278725228962250e+00	2.237500159565047608e-01	1.343160506164988055e+00	5.299676634940596320e-02	1.606302432266085434e-01	-4.739639820432434147e-02	-2.181862094487755852e-02	3.497601237777268057e+00
2.336748743718592891e+01	1.784206899973102223e+00	2.179129458257785812e-01	1.323941681932264913e+00	5.189859405891038280e-02	1.581252236016703339e-01	-4.883975403965679085e-02	-2.754356923788107980e-02	3.459702022114188313e+00
2.349306532663316460e+01	1.782127752592488790e+00	2.121713896822573497e-01	1.304932840287349682e+00	5.082343457129871733e-02	1.557230943840041404e-01	-4.985506640885237206e-02	-3.243460972603259135e-02	3.423488835382513695e+00
2.361864321608040029e+01	1.780041335095321253e+00	2.065247161848446922e-01	1.286133064331715481e+00	4.977398186008965414e-02	1.534311038208008571e-01	-5.042138569393692094e-02	-3.615430322012604808e-02	3.389328512378708691e+00
2.374422110552763598e+01	1.777947699535232573e+00	2.009722781669801006e-01	1.267541400778474658e+00	4.875265331950288245e-02	1.512549685054614679e-01	-5.052931400581721355e-02	-3.839434024603873702e-02	3.357545346053795399e+00
2.386979899497487168e+01	1.775846898008644370e+00	1.955134131727672420e-01	1.249156861015823239e+00	4.776158736688577294e-02	1.491988815558726866e-01	-5.018156534716858297e-02	-3.890799519301733206e-02	3.328388080579807617e+00
2.399537688442210737e+01	1.773738982652126595e+00	1.901474439883469314e-01	1.230978422161781882e+00	4.680264407848307856e-02	1.472655480772845638e-01	-4.939309391810733224e-02	-3.754203177451411605e-02	3.301997915265401318e+00
2.412095477386934661e+01	1.771624005639772070e+00	1.848736791684233716e-01	1.213005028110109684e+00	4.587740872273889797e-02	1.454562466859538328e-01	-4.819075967797677856e-02	-3.426324127088837407e-02	3.278382367378132489e+00
2.424653266331658230e+01	1.769502019180577479e+00	1.796914135578556448e-01	1.195235590567260031e+00	4.498719800050923062e-02	1.437709152123924361e-01	-4.661252384386328079e-02	-2.917467519756693911e-02	3.257399937477164276e+00
2.437211055276381799e+01	1.767373075515834113e+00	1.745999288082311363e-01	1.177668990080257938e+00	4.413306875174085459e-02	1.422082580965025600e-01	-4.470619326021482709e-02	-2.251756271302698953e-02	3.238759565279324626e+00
2.449768844221105368e+01	1.765237226916529512e+00	1.695984938893408400e-01	1.160304077055385630e+00	4.331582884454848043e-02	1.407658724499965264e-01	-4.252775945647922079e-02	-1.465690255143148324e-02	3.222036837147890243e+00
2.462326633165828937e+01	1.763094525680761082e+00	1.646863655954796946e-01	1.143139672767548021e+00	4.253604992622249392e-02	1.394403893109854298e-01	-4.013940338351345422e-02	-6.051477771202879753e-03	3.206706122126279812e+00
2.474884422110552507e+01	1.760945024131154835e+00	1.598627890464976720e-01	1.126174570360216398e+00	4.179408168738752566e-02	1.382276262654548449e-01	-3.760725794781379777e-02	2.788056367825317208e-03	3.192184889910722578e+00
2.487442211055276076e+01	1.758788774612301875e+00	1.551269981835317058e-01	1.109407535835828629e+00	4.109006727092959915e-02	1.371227473711096601e-01	-3.499903551420482928e-02	1.134706445083932119e-02	3.177884152210335600e+00
2.500000000000000000e+01	1.756625829488198454e+00	1.504782162593495953e-01	1.092837309036533755e+00	4.042395944680703818e-02	1.361204261976032281e-01	-3.238163507471287367e-02	1.915379100802739459e-02	3.163257896361806765e+00
