# q (inverse Anstrom)	f(q): 1s	f(q): 2s	f(q): 2p	f(q): 3s	f(q): 3p	f(q): 3d	f(q): 4s	f(q): total
1.000000000000000021e-02	1.990706975770476728e+00	1.997462443325027204e+00	5.994493954178906847e+00	1.996028103175894630e+00	5.992471502317853194e+00	9.991691438154168381e+00	1.999422855356178141e+00	5.995577361523239723e+00	0.000000000000000000e+00	0.000000000000000000e+00	0.000000000000000000e+00	0.000000000000000000e+00	3.595785463380174463e+01
1.355778894472361717e-01	1.990703731813163735e+00	1.997405586006821387e+00	5.994362460395254999e+00	1.995580495100810259e+00	5.991103058065266218e+00	9.989370446332571873e+00	1.995997132515803019e+00	5.982467713279078225e+00	0.000000000000000000e+00	0.000000000000000000e+00	0.000000000000000000e+00	0.000000000000000000e+00	3.593699062350876972e+01
2.611557788944723346e-01	1.990694853450113655e+00	1.997250636840459670e+00	5.994004102026880609e+00	1.994361135397915596e+00	5.987375297546030595e+00	9.983048511633866084e+00	1.986688799557910778e+00	5.946881491600555236e+00	0.000000000000000000e+00	0.000000000000000000e+00	0.000000000000000000e+00	0.000000000000000000e+00	3.588030482805373111e+01
3.867336683417085252e-01	1.990680354002687835e+00	1.996997622761109703e+00	5.993418937407146707e+00	1.992371356294118545e+00	5.981292602417997983e+00	9.972734856832358830e+00	1.971574047884296021e+00	5.889206715841440065e+00	0.000000000000000000e+00	0.000000000000000000e+00	0.000000000000000000e+00	0.000000000000000000e+00	3.578827649344115258e+01
5.123115577889446604e-01	1.990660233922495026e+00	1.996646583038447442e+00	5.992607047703481626e+00	1.989613328942971826e+00	5.972862112974367754e+00	9.958444503908559398e+00	1.950776066339651615e+00	5.810068439228548876e+00	0.000000000000000000e+00	0.000000000000000000e+00	0.000000000000000000e+00	0.000000000000000000e+00	3.566167831605852712e+01
6.378894472361807955e-01	1.990634493533370630e+00	1.996197572081861660e+00	5.991568545315123728e+00	1.986090060246072708e+00	5.962093715575790931e+00	9.940198231696649955e+00	1.924463287804547118e+00	5.710316617120166249e+00	0.000000000000000000e+00	0.000000000000000000e+00	0.000000000000000000e+00	0.000000000000000000e+00	3.550156252337357898e+01
7.634673366834170416e-01	1.990603133198262098e+00	1.995650659461450704e+00	5.990303573951495153e+00	1.981805387156994724e+00	5.949000021524525117e+00	9.918022511743158631e+00	1.892847010571970578e+00	5.591009799156791082e+00	0.000000000000000000e+00	0.000000000000000000e+00	0.000000000000000000e+00	0.000000000000000000e+00	3.530924209676464898e+01
8.890452261306531767e-01	1.990566153344671685e+00	1.995005929893333363e+00	5.988812308608199686e+00	1.976763969409674804e+00	5.933596340124654311e+00	9.891949426795449085e+00	1.856178446250241532e+00	5.453395131985343092e+00	0.000000000000000000e+00	0.000000000000000000e+00	0.000000000000000000e+00	0.000000000000000000e+00	3.508626770641156867e+01
1.014623115577889312e+00	1.990523554471191225e+00	1.994263483216359489e+00	5.987094955521666151e+00	1.970971280702034978e+00	5.915900646048001477e+00	9.862016572401250514e+00	1.814745257203964401e+00	5.298885256459067605e+00	0.000000000000000000e+00	0.000000000000000000e+00	0.000000000000000000e+00	0.000000000000000000e+00	3.483440100602353340e+01
1.140201005025125447e+00	1.990475337149711921e+00	1.993423434363462032e+00	5.985151752112084722e+00	1.964433598362094191e+00	5.895933541121530119e+00	9.828266942153664587e+00	1.768867656221861484e+00	5.129032756726175535e+00	0.000000000000000000e+00	0.000000000000000000e+00	0.000000000000000000e+00	0.000000000000000000e+00	3.455558501821058570e+01
1.265778894472361582e+00	1.990421502026305411e+00	1.992485913328322811e+00	5.982982966916639889e+00	1.957157991527406216e+00	5.873718210668347872e+00	9.790748797196393127e+00	1.718894148640267794e+00	4.945502865468482945e+00	0.000000000000000000e+00	0.000000000000000000e+00	0.000000000000000000e+00	0.000000000000000000e+00	3.425191239577216606e+01
1.391356783919597717e+00	1.990362049821614798e+00	1.991451065127556985e+00	5.980588899513644918e+00	1.949152307872757506e+00	5.849280374552066952e+00	9.749515520682090042e+00	1.665197002389104286e+00	4.750045149042854575e+00	0.000000000000000000e+00	0.000000000000000000e+00	0.000000000000000000e+00	0.000000000000000000e+00	3.392559236900169140e+01
1.516934673366834074e+00	1.990296981331041160e+00	1.990319049758494829e+00	5.977969880437782990e+00	1.940425158925169313e+00	5.822648233091539005e+00	9.704625457949902056e+00	1.608167534288017286e+00	4.544464889151107023e+00	0.000000000000000000e+00	0.000000000000000000e+00	0.000000000000000000e+00	0.000000000000000000e+00	3.357891718493305433e+01
1.642512562814070209e+00	1.990226297424830815e+00	1.989090042152603655e+00	5.975126271086582008e+00	1.930985904009181686e+00	5.793852408029391832e+00	9.656141743255034271e+00	1.548211301415761243e+00	4.330594845941956983e+00	0.000000000000000000e+00	0.000000000000000000e+00	0.000000000000000000e+00	0.000000000000000000e+00	3.321422881331534427e+01
1.768090452261306345e+00	1.990149999048113960e+00	1.987764232124584973e+00	5.972058463618185264e+00	1.920844632869175284e+00	5.762925878753432762e+00	9.604132113943505189e+00	1.485743284599280623e+00	4.110268034221800093e+00	0.000000000000000000e+00	0.000000000000000000e+00	0.000000000000000000e+00	0.000000000000000000e+00	3.283388663917807548e+01
1.893668341708542480e+00	1.990068087220911774e+00	1.986341824317174876e+00	5.968766880840499667e+00	1.910012147019068740e+00	5.729903913984513153e+00	9.548668713018379606e+00	1.421183147187436990e+00	3.885292073603601182e+00	0.000000000000000000e+00	0.000000000000000000e+00	0.000000000000000000e+00	0.000000000000000000e+00	3.244023678719158710e+01
2.019246231155778393e+00	1.989980563038132422e+00	1.984823038141675600e+00	5.965251976091765052e+00	1.898499939873076636e+00	5.694823999157971883e+00	9.489827881089485828e+00	1.354950646517397050e+00	3.657425589333309635e+00	0.000000000000000000e+00	0.000000000000000000e+00	0.000000000000000000e+00	0.000000000000000000e+00	3.203558363324281544e+01
2.144824120603014528e+00	1.989887427669549735e+00	1.983208107714246715e+00	5.961514233112613859e+00	1.886320175714366831e+00	5.657725759738221782e+00	9.427689938736769193e+00	1.287461268128022862e+00	3.428357047772428778e+00	0.000000000000000000e+00	0.000000000000000000e+00	0.000000000000000000e+00	0.000000000000000000e+00	3.162216395858622420e+01
2.270402010050250663e+00	1.989788682359780791e+00	1.981497281787991227e+00	5.957554165909688670e+00	1.873485667561338497e+00	5.618650880717229512e+00	9.362338960347818428e+00	1.219122144137645858e+00	3.199686313569607421e+00	0.000000000000000000e+00	0.000000000000000000e+00	0.000000000000000000e+00	0.000000000000000000e+00	3.120212409639109907e+01
2.395979899497486798e+00	1.989684328428252158e+00	1.979690823680863465e+00	5.953372318610868241e+00	1.860009853993908502e+00	5.577643022557690955e+00	9.293862540512666470e+00	1.150328307616842460e+00	2.972909118584960098e+00	0.000000000000000000e+00	0.000000000000000000e+00	0.000000000000000000e+00	0.000000000000000000e+00	3.077750031398605302e+01
2.521557788944722933e+00	1.989574367269166810e+00	1.977789011199432956e+00	5.948969265312200605e+00	1.845906775004572120e+00	5.534747733850498008e+00	9.222351554073735969e+00	1.081459324589447268e+00	2.749404539290966287e+00	0.000000000000000000e+00	0.000000000000000000e+00	0.000000000000000000e+00	0.000000000000000000e+00	3.035020257059002091e+01
2.647135678391959068e+00	1.989458800351461498e+00	1.975792136558548906e+00	5.944345609916578788e+00	1.831191046941155198e+00	5.490012360963585358e+00	9.147899910935949563e+00	1.012876334818698876e+00	2.530425492680568045e+00	0.000000000000000000e+00	0.000000000000000000e+00	0.000000000000000000e+00	0.000000000000000000e+00	2.992200169316654623e+01
2.772713567839195203e+00	1.989337629218766557e+00	1.973700506296930612e+00	5.939501985964273700e+00	1.815877836610017226e+00	5.443485954965506579e+00	9.070604306741589795e+00	9.449195220926889238e-01	2.317092182983436999e+00	0.000000000000000000e+00	0.000000000000000000e+00	0.000000000000000000e+00	0.000000000000000000e+00	2.949451992487321306e+01
2.898291457286431339e+00	1.989210855489359719e+00	1.971514441188731759e+00	5.934439056455373063e+00	1.799982834610067250e+00	5.395219176111980097e+00	8.990563970506885383e+00	8.779060245981391564e-01	2.110388364330170408e+00	0.000000000000000000e+00	0.000000000000000000e+00	0.000000000000000000e+00	0.000000000000000000e+00	2.906922472329070928e+01
3.023869346733667918e+00	1.989078480856116604e+00	1.969234276151115681e+00	5.929157513664240930e+00	1.783522227969271734e+00	5.345264196187343053e+00	8.907880410302684737e+00	8.121282864119856448e-01	1.911160228840062647e+00	0.000000000000000000e+00	0.000000000000000000e+00	0.000000000000000000e+00	0.000000000000000000e+00	2.864742562038282259e+01
3.149447236180904053e+00	1.988940507086461196e+00	1.966860360147890452e+00	5.923658078946052896e+00	1.766512672156349328e+00	5.293674598995130154e+00	8.822657158040410508e+00	7.478528423534744896e-01	1.720117685763582260e+00	0.000000000000000000e+00	0.000000000000000000e+00	0.000000000000000000e+00	0.000000000000000000e+00	2.823027390348935128e+01
3.275025125628140188e+00	1.988796936022310780e+00	1.964393056089240863e+00	5.917941502535531306e+00	1.748971262541137106e+00	5.240505279293122598e+00	8.734999514397152609e+00	6.853195205890252328e-01	1.537837765095701803e+00	0.000000000000000000e+00	0.000000000000000000e+00	0.000000000000000000e+00	0.000000000000000000e+00	2.781876483656322208e+01
3.400603015075376323e+00	1.988647769580019320e+00	1.961832740727609714e+00	5.912008563337947997e+00	1.730915505377567776e+00	5.185812340467985671e+00	8.645014294880665418e+00	6.247410405872851902e-01	1.364769857893448401e+00	0.000000000000000000e+00	0.000000000000000000e+00	0.000000000000000000e+00	0.000000000000000000e+00	2.741374211285252827e+01
3.526180904522612458e+00	1.988493009750322615e+00	1.959179804549772808e+00	5.905860068712514455e+00	1.712363288383435656e+00	5.129652991243228932e+00	8.552809577996791646e+00	5.663029783587245625e-01	1.201242494481888690e+00	0.000000000000000000e+00	0.000000000000000000e+00	0.000000000000000000e+00	0.000000000000000000e+00	2.701590421347667714e+01
3.651758793969848593e+00	1.988332658598272351e+00	1.956434651665162061e+00	5.899496854248244659e+00	1.693332850991056349e+00	5.072085441711601028e+00	8.458494456438788944e+00	5.101640664184445839e-01	1.047471359718096684e+00	0.000000000000000000e+00	0.000000000000000000e+00	0.000000000000000000e+00	0.000000000000000000e+00	2.662581233978966466e+01
3.777336683417084728e+00	1.988166718263176369e+00	1.953597699690484246e+00	5.892919783532400757e+00	1.673842754342615313e+00	5.013168798979283025e+00	8.362178792170917419e+00	4.564567925814164151e-01	9.035682502902110391e-01	0.000000000000000000e+00	0.000000000000000000e+00	0.000000000000000000e+00	0.000000000000000000e+00	2.624389958985049986e+01
3.902914572864320863e+00	1.987995190958530944e+00	1.950669379630689759e+00	5.886129747911640564e+00	1.653911851103429198e+00	4.952962962704398286e+00	8.263972976227828227e+00	4.052882595026833790e-01	7.695506914063371395e-01	0.000000000000000000e+00	0.000000000000000000e+00	0.000000000000000000e+00	0.000000000000000000e+00	2.587048105944553811e+01
4.028492462311556999e+00	1.987818078971953506e+00	1.947650135756347378e+00	5.879127666245962835e+00	1.633559255165520918e+00	4.891528520806414093e+00	8.163987693997482253e+00	3.567412657504315243e-01	6.453519479406045756e-01	0.000000000000000000e+00	0.000000000000000000e+00	0.000000000000000000e+00	0.000000000000000000e+00	2.550576456463472041e+01
4.154070351758793578e+00	1.987635384665113802e+00	1.944540425477478074e+00	5.871914484655563093e+00	1.612804311312851402e+00	4.828926645616157920e+00	8.062333696698894769e+00	3.108755690643937863e-01	5.308311869743600475e-01	0.000000000000000000e+00	0.000000000000000000e+00	0.000000000000000000e+00	0.000000000000000000e+00	2.514986170446481140e+01
4.279648241206029269e+00	1.987447110473659295e+00	1.941340719213910493e+00	5.864491176260745675e+00	1.591666564918268412e+00	4.765218990728298465e+00	7.959121579707778338e+00	2.677292932059456287e-01	4.257835736088031453e-01	0.000000000000000000e+00	0.000000000000000000e+00	0.000000000000000000e+00	0.000000000000000000e+00	2.480279900811741101e+01
4.405226130653265848e+00	1.987253258907139886e+00	1.938051500262211624e+00	5.856858740914969275e+00	1.570165731740728043e+00	4.700467588809438269e+00	7.854461568323337417e+00	2.273204413374744215e-01	3.299501089438968138e-01	0.000000000000000000e+00	0.000000000000000000e+00	0.000000000000000000e+00	0.000000000000000000e+00	2.446452893923919802e+01
4.530804020100501539e+00	1.987053832548933752e+00	1.934673264659257930e+00	5.849018204931182296e+00	1.548321667889632769e+00	4.634734750605513653e+00	7.748463311508808182e+00	1.896484810574910196e-01	2.430270473401353604e-01	0.000000000000000000e+00	0.000000000000000000e+00	0.000000000000000000e+00	0.000000000000000000e+00	2.413494056054095793e+01
4.656381909547738118e+00	1.986848834056164526e+00	1.931206521042504898e+00	5.840970620801563484e+00	1.526154340021234068e+00	4.568082965381891292e+00	7.641235684077313906e+00	1.546959689411915029e-01	1.646747587393152801e-01	0.000000000000000000e+00	0.000000000000000000e+00	0.000000000000000000e+00	0.000000000000000000e+00	2.381386969306117862e+01
4.781959798994973809e+00	1.986638266159623356e+00	1.927651790507021401e+00	5.832717066910791281e+00	1.503683795829960923e+00	4.500574803018758452e+00	7.532886597733521761e+00	1.224301855704202774e-01	9.452593026000191689e-02	0.000000000000000000e+00	0.000000000000000000e+00	0.000000000000000000e+00	0.000000000000000000e+00	2.350110843599009769e+01
4.907537688442210388e+00	1.986422131663680313e+00	1.924009606459351485e+00	5.824258647242974263e+00	1.480930134895295236e+00	4.432272817972851442e+00	7.423522821321081544e+00	9.280475546167096801e-02	3.219302894481566174e-02	0.000000000000000000e+00	0.000000000000000000e+00	0.000000000000000000e+00	0.000000000000000000e+00	2.319641394396171918e+01
5.033115577889446079e+00	1.986200433446202895e+00	1.920280514468269084e+00	5.815596491082389186e+00	1.457913479942405832e+00	4.363239455304670500e+00	7.313249810566198938e+00	6.576122990088423270e-02	-2.272502604778374111e-02	0.000000000000000000e+00	0.000000000000000000e+00	0.000000000000000000e+00	0.000000000000000000e+00	2.289951638866323336e+01
5.158693467336682659e+00	1.985973174458464996e+00	1.916465072112493839e+00	5.806731752708136796e+00	1.434653948572225168e+00	4.293536958957877125e+00	7.202171547549307107e+00	4.123061436170524091e-02	-7.063700873423595095e-02	0.000000000000000000e+00	0.000000000000000000e+00	0.000000000000000000e+00	0.000000000000000000e+00	2.261012605998597280e+01
5.284271356783918350e+00	1.985740357725055860e+00	1.912563848825434620e+00	5.797665611082878812e+00	1.411171625513989669e+00	4.223227282464865340e+00	7.090390390080063554e+00	1.913482582113870678e-02	-1.119543531832287303e-01	0.000000000000000000e+00	0.000000000000000000e+00	0.000000000000000000e+00	0.000000000000000000e+00	2.232793958833019587e+01
5.409849246231154929e+00	1.985501986343789715e+00	1.908577425737031596e+00	5.788399269535780434e+00	1.387486535450494607e+00	4.152372002239398618e+00	6.978006931096039089e+00	-6.119311948977130058e-04	-1.470869254846706997e-01	0.000000000000000000e+00	0.000000000000000000e+00	0.000000000000000000e+00	0.000000000000000000e+00	2.205264529372296778e+01
5.535427135678390620e+00	1.985258063485608737e+00	1.904506395512763461e+00	5.778933955439807590e+00	1.363618616463456945e+00	4.081032233604051207e+00	6.865119868152835814e+00	-1.810187768036871162e-02	-1.764395661600664800e-01	0.000000000000000000e+00	0.000000000000000000e+00	0.000000000000000000e+00	0.000000000000000000e+00	2.178392768881808550e+01
5.661005025125627199e+00	1.985008592394485349e+00	1.900351362189896198e+00	5.769270919883513926e+00	1.339587694143437702e+00	4.009268549686721528e+00	6.751825883023045982e+00	-3.343246711311374797e-02	-2.004093528330118390e-01	0.000000000000000000e+00	0.000000000000000000e+00	0.000000000000000000e+00	0.000000000000000000e+00	2.152147118137497372e+01
5.786582914572862890e+00	1.984753576387325191e+00	1.896112941011040443e+00	5.759411437337480955e+00	1.315413456405779113e+00	3.937140903307139617e+00	6.638219531373887428e+00	-4.670528834325552575e-02	-2.193835202155041131e-01	0.000000000000000000e+00	0.000000000000000000e+00	0.000000000000000000e+00	0.000000000000000000e+00	2.126496303726389314e+01
5.912160804020099469e+00	1.984493018853863422e+00	1.891791758255093603e+00	5.749356805315538388e+00	1.291115429050947228e+00	3.864708551960768457e+00	6.524393142448367655e+00	-5.802506403450670425e-02	-2.337379645773925707e-01	0.000000000000000000e+00	0.000000000000000000e+00	0.000000000000000000e+00	0.000000000000000000e+00	2.101409567727268168e+01
6.037738693467336049e+00	1.984226923256559916e+00	1.887388451065638018e+00	5.739108344030929842e+00	1.266712952104602552e+00	3.792029985994207486e+00	6.410436728632930681e+00	-6.749874226324047155e-02	-2.438362529173717375e-01	0.000000000000000000e+00	0.000000000000000000e+00	0.000000000000000000e+00	0.000000000000000000e+00	2.076856838990425658e+01
6.163316582914571740e+00	1.983955293130497344e+00	1.882903667276874193e+00	5.728667396047565141e+00	1.242225156969599675e+00	3.719162860052916297e+00	6.296437904755411985e+00	-7.523467724730714679e-02	-2.500290530599580952e-01	0.000000000000000000e+00	0.000000000000000000e+00	0.000000000000000000e+00	0.000000000000000000e+00	2.052808854792560211e+01
6.288894472361808319e+00	1.983678132083267265e+00	1.878338065237157739e+00	5.718035325926516421e+00	1.217670944419010137e+00	3.646163927869047416e+00	6.182481816921242768e+00	-8.134189393573917903e-02	-2.526538998207238373e-01	0.000000000000000000e+00	0.000000000000000000e+00	0.000000000000000000e+00	0.000000000000000000e+00	2.029237241869977737e+01
6.414472361809044010e+00	1.983395443794863544e+00	1.873692313630224149e+00	5.707213519867909035e+00	1.193068963456155096e+00	3.573088980444377949e+00	6.068651080662982089e+00	-8.592943033144877230e-02	-2.520352141009781222e-01	0.000000000000000000e+00	0.000000000000000000e+00	0.000000000000000000e+00	0.000000000000000000e+00	2.006114565742408828e+01
6.540050251256280589e+00	1.983107232017570221e+00	1.868967091294169380e+00	5.696203385348370674e+00	1.168437591064545700e+00	3.499992787670811900e+00	5.955025728148389597e+00	-8.910575092082109738e-02	-2.484844961076940473e-01	0.000000000000000000e+00	0.000000000000000000e+00	0.000000000000000000e+00	0.000000000000000000e+00	1.983414356851534066e+01
6.665628140703516280e+00	1.982813500575843157e+00	1.864163087038273492e+00	5.685006350754179039e+00	1.143794912867568625e+00	3.426929043418750709e+00	5.841683164165754505e+00	-9.097822441620843914e-02	-2.423006205817169745e-01	0.000000000000000000e+00	0.000000000000000000e+00	0.000000000000000000e+00	0.000000000000000000e+00	1.961111121382244349e+01
6.791206030150752859e+00	1.982514253366196355e+00	1.859280999457736172e+00	5.673623865010279488e+00	1.119158704714736663e+00	3.353950314111867392e+00	5.728698130581437731e+00	-9.165265914104152312e-02	-2.337701706184694417e-01	0.000000000000000000e+00	0.000000000000000000e+00	0.000000000000000000e+00	0.000000000000000000e+00	1.939180343748274638e+01
6.916783919597988550e+00	1.982209494357081381e+00	1.854321536746408761e+00	5.662057397205320086e+00	1.094546415208367707e+00	3.281107990795444795e+00	5.616142678944142652e+00	-9.123288975725700467e-02	-2.231677569740860290e-01	0.000000000000000000e+00	0.000000000000000000e+00	0.000000000000000000e+00	0.000000000000000000e+00	1.917598486652542178e+01
7.042361809045225129e+00	1.981899227588766799e+00	1.849285416507598034e+00	5.650308436212882590e+00	1.069975149181648266e+00	3.208452244694554700e+00	5.504086150892699258e+00	-8.982040960087325776e-02	-2.107562812054668000e-01	0.000000000000000000e+00	0.000000000000000000e+00	0.000000000000000000e+00	0.000000000000000000e+00	1.896342993427181156e+01
7.167939698492460820e+00	1.981583457173213603e+00	1.844173365563025468e+00	5.638378490309039037e+00	1.045461652136204789e+00	3.136031986247947323e+00	5.392595166009510166e+00	-8.751404360075130950e-02	-1.967871130981391214e-01	0.000000000000000000e+00	0.000000000000000000e+00	0.000000000000000000e+00	0.000000000000000000e+00	1.875392296074004861e+01
7.293517587939697400e+00	1.981262187293951982e+00	1.838986119760015914e+00	5.626269086786419571e+00	1.021022295644568700e+00	3.063894827593620640e+00	5.281733616749711757e+00	-8.440965755386381497e-02	-1.815001650786892962e-01	0.000000000000000000e+00	0.000000000000000000e+00	0.000000000000000000e+00	0.000000000000000000e+00	1.854725831119573698e+01
7.419095477386933091e+00	1.980935422205950980e+00	1.833724423777001622e+00	5.613981771564944268e+00	9.966730637202484422e-01	2.992087048472720667e+00	5.171562670066919054e+00	-8.059990036484070142e-02	-1.651238581832930041e-01	0.000000000000000000e+00	0.000000000000000000e+00	0.000000000000000000e+00	0.000000000000000000e+00	1.834324064125965137e+01
7.544673366834169670e+00	1.980603166235490153e+00	1.828389030927416670e+00	5.601518108799377060e+00	9.724295401555638207e-01	2.920653565509607752e+00	5.062140775349617705e+00	-7.617397667825753782e-02	-1.478749851829361528e-01	0.000000000000000000e+00	0.000000000000000000e+00	0.000000000000000000e+00	0.000000000000000000e+00	1.814168522511587511e+01
7.670251256281405361e+00	1.980265423780027678e+00	1.822980702962069266e+00	5.588879680483871404e+00	9.483068968249256381e-01	2.849637904817721612e+00	4.953523678277999664e+00	-7.121744809402301424e-02	-1.299584862188961909e-01	0.000000000000000000e+00	0.000000000000000000e+00	0.000000000000000000e+00	0.000000000000000000e+00	1.794241835283369824e+01
7.795829145728641940e+00	1.979922199308067787e+00	1.817500209870062777e+00	5.576068086053658668e+00	9.243198829488959989e-01	2.779082177873249293e+00	4.845764440209023860e+00	-6.581206182070667432e-02	-1.115671604116465626e-01	0.000000000000000000e+00	0.000000000000000000e+00	0.000000000000000000e+00	0.000000000000000000e+00	1.774527777403060469e+01
7.921407035175877631e+00	1.979573497359021106e+00	1.811948329678357839e+00	5.563084941984055121e+00	9.004828153121090528e-01	2.709027060591558289e+00	4.738913462697721179e+00	-6.003560615795668076e-02	-9.288134308072072687e-02	0.000000000000000000e+00	0.000000000000000000e+00	0.000000000000000000e+00	0.000000000000000000e+00	1.755011315838414632e+01
8.046984924623114210e+00	1.979219322543069204e+00	1.806325848250048161e+00	5.549931881386939381e+00	8.768095694259995243e-01	2.639511775534891580e+00	4.633018516764925820e+00	-5.396179258537123907e-02	-7.406858224476468855e-02	0.000000000000000000e+00	0.000000000000000000e+00	0.000000000000000000e+00	0.000000000000000000e+00	1.735678653907573832e+01
8.172562814070349901e+00	1.978859679541024041e+00	1.800633559081433965e+00	5.536610553604869089e+00	8.533135716252863157e-01	2.570574077174003769e+00	4.528124776525837447e+00	-4.766016445893774683e-02	-5.528334984300907473e-02	0.000000000000000000e+00	0.000000000000000000e+00	0.000000000000000000e+00	0.000000000000000000e+00	1.716517270325050504e+01
8.298140703517587369e+00	1.978494573104185195e+00	1.794872263097974763e+00	5.523122623802991349e+00	8.300077920852437785e-01	2.502250240121096425e+00	4.424274856799623734e+00	-4.119603237484877750e-02	-3.666682260851840403e-02	0.000000000000000000e+00	0.000000000000000000e+00	0.000000000000000000e+00	0.000000000000000000e+00	1.697515949402774993e+01
8.423718592964823060e+00	1.978124008054196414e+00	1.789042768449200516e+00	5.509469772558925449e+00	8.069047387450472009e-01	2.434575050246789996e+00	4.321508854327890781e+00	-3.463043616122925272e-02	-1.834676480213945360e-02	0.000000000000000000e+00	0.000000000000000000e+00	0.000000000000000000e+00	0.000000000000000000e+00	1.678664799141868258e+01
8.549296482412058751e+00	1.977747989282896635e+00	1.783145890302667125e+00	5.495653695450753773e+00	7.840164521208093928e-01	2.367581798589692532e+00	4.219864392238770634e+00	-2.802013321718070660e-02	-4.375402510472084549e-04	0.000000000000000000e+00	0.000000000000000000e+00	0.000000000000000000e+00	0.000000000000000000e+00	1.659955254451736550e+01
8.674874371859294442e+00	1.977366521752174755e+00	1.777182450637027955e+00	5.481676102643310955e+00	7.613545009904202354e-01	2.301302277963625187e+00	4.119376667403793491e+00	-2.141761255981437448e-02	1.695972541381921342e-02	0.000000000000000000e+00	0.000000000000000000e+00	0.000000000000000000e+00	0.000000000000000000e+00	1.641380063424435676e+01
8.800452261306531909e+00	1.976979610493817985e+00	1.771153278034312883e+00	5.467538718472908066e+00	7.389299789308881872e-01	2.235766782164514854e+00	4.020078500346232708e+00	-1.487113349450588408e-02	3.375681941664525343e-02	0.000000000000000000e+00	0.000000000000000000e+00	0.000000000000000000e+00	0.000000000000000000e+00	1.622933255436481303e+01
8.926030150753767600e+00	1.976587260609357299e+00	1.765059207471484592e+00	5.453243281030674794e+00	7.167535016876134257e-01	2.171004107676521411e+00	3.922000387372258867e+00	-8.424787327412957411e-03	4.987794949560871161e-02	0.000000000000000000e+00	0.000000000000000000e+00	0.000000000000000000e+00	0.000000000000000000e+00	1.604610090801610767e+01
9.051608040201003291e+00	1.976189477269915562e+00	1.758901080111362480e+00	5.438791541744645741e+00	6.948352053538580098e-01	2.107041557774946394e+00	3.825170554609785167e+00	-2.118580031317300431e-03	6.525909020997802679e-02	0.000000000000000000e+00	0.000000000000000000e+00	0.000000000000000000e+00	0.000000000000000000e+00	1.586406992704317531e+01
9.177185929648238982e+00	1.975786265716049872e+00	1.752679743092984799e+00	5.424185264960801334e+00	6.731847453376520463e-01	2.043904948922039555e+00	3.729615013654297151e+00	4.011466704063548772e-03	7.984718309860844299e-02	0.000000000000000000e+00	0.000000000000000000e+00	0.000000000000000000e+00	0.000000000000000000e+00	1.568321463148649819e+01
9.302763819095476450e+00	1.975377631257593247e+00	1.746396049321495392e+00	5.409426227523161934e+00	6.518112960924422605e-01	1.981618619350745680e+00	3.635357618535995261e+00	9.933199019513500386e-03	9.359921491295077056e-02	0.000000000000000000e+00	0.000000000000000000e+00	0.000000000000000000e+00	0.000000000000000000e+00	1.550351985601389693e+01
9.428341708542712141e+00	1.974963579273491865e+00	1.740050857257629424e+00	5.394516218353144765e+00	6.307235515869945575e-01	1.920205439730897856e+00	3.542420123738214688e+00	1.561820232562353278e-02	1.064812060949242439e-01	0.000000000000000000e+00	0.000000000000000000e+00	0.000000000000000000e+00	0.000000000000000000e+00	1.532497917836092149e+01
9.553919597989947832e+00	1.974544115211646744e+00	1.733645030706879808e+00	5.379457038028294669e+00	6.099297264893545067e-01	1.859686825812157718e+00	3.450822243013107471e+00	2.104166410930442474e-02	1.184671480439300623e-01	0.000000000000000000e+00	0.000000000000000000e+00	0.000000000000000000e+00	0.000000000000000000e+00	1.514759379141467655e+01
9.679497487437183523e+00	1.974119244588745214e+00	1.727179438608421380e+00	5.364250498360594754e+00	5.894375580390932567e-01	1.800082752938268360e+00	3.360581708757016894e+00	2.618223161166486485e-02	1.295379320840970294e-01	0.000000000000000000e+00	0.000000000000000000e+00	0.000000000000000000e+00	0.000000000000000000e+00	1.497137136498790255e+01
9.805075376884420990e+00	1.973688972990095714e+00	1.720654954823868987e+00	5.348898421974454642e+00	5.692543085815717774e-01	1.741411772327742025e+00	3.271714331724506319e+00	3.102186774515701406e-02	1.396803150638994961e-01	0.000000000000000000e+00	0.000000000000000000e+00	0.000000000000000000e+00	0.000000000000000000e+00	1.479632494523129616e+01
9.930653266331656681e+00	1.973253306069461033e+00	1.714072457925948978e+00	5.333402641884571693e+00	5.493867687375771913e-01	1.683691029017053920e+00	3.184234060876746764e+00	3.554570831390307245e-02	1.488859659761883059e-01	0.000000000000000000e+00	0.000000000000000000e+00	0.000000000000000000e+00	0.000000000000000000e+00	1.462247193880144991e+01
1.005623115577889237e+01	1.972812249548883345e+00	1.707432830987159145e+00	5.317765001073798459e+00	5.298412611813829720e-01	1.626936281363623449e+00	3.098153043176625765e+00	3.974192313732382437e-02	1.571506347962348948e-01	0.000000000000000000e+00	0.000000000000000000e+00	0.000000000000000000e+00	0.000000000000000000e+00	1.444983322526503144e+01
1.018180904522612984e+01	1.972365809218517452e+00	1.700736961368493505e+00	5.301987352071170001e+00	5.106236450001000460e-01	1.571161922007413336e+00	3.013481683159608515e+00	4.360158307197375960e-02	1.644734789669290986e-01	0.000000000000000000e+00	0.000000000000000000e+00	0.000000000000000000e+00	0.000000000000000000e+00	1.427843243486420555e+01
1.030738693467336553e+01	1.971913990936452477e+00	1.693985740508306748e+00	5.286071556530239413e+00	4.917393206070552192e-01	1.516381000191717510e+00	2.930228702125722506e+00	4.711853420802390724e-02	1.708565748352278146e-01	0.000000000000000000e+00	0.000000000000000000e+00	0.000000000000000000e+00	0.000000000000000000e+00	1.410829541994274550e+01
1.043296482412060122e+01	1.971456800628536676e+00	1.687180063711392730e+00	5.270019484807869858e+00	4.731932351819012061e-01	1.462605245345724114e+00	2.848401196814231096e+00	5.028927972177579808e-02	1.763046312316365050e-01	0.000000000000000000e+00	0.000000000000000000e+00	0.000000000000000000e+00	0.000000000000000000e+00	1.393944993744306693e+01
1.055854271356783691e+01	1.970994244288198693e+00	1.680320829938350302e+00	5.253833015543619922e+00	4.549898886102125006e-01	1.409845091833644037e+00	2.768004697438302575e+00	5.311286903720387892e-02	1.808249107885035456e-01	0.000000000000000000e+00	0.000000000000000000e+00	0.000000000000000000e+00	0.000000000000000000e+00	1.377192554747803399e+01
1.068412060301507438e+01	1.970526327976268588e+00	1.673408941595312172e+00	5.237514035239891896e+00	4.371333398954183047e-01	1.358109704777561211e+00	2.689043224972331281e+00	5.559079313536976347e-02	1.844273521293761930e-01	0.000000000000000000e+00	0.000000000000000000e+00	0.000000000000000000e+00	0.000000000000000000e+00	1.360575371972152681e+01
1.080969849246231007e+01	1.970053057820795761e+00	1.666445304324105425e+00	5.221064437842945161e+00	4.196272140161139141e-01	1.307407006863702259e+00	2.611519347599368768e+00	5.772688409973873724e-02	1.871248734303423145e-01	0.000000000000000000e+00	0.000000000000000000e+00	0.000000000000000000e+00	0.000000000000000000e+00	1.344096812599711122e+01
1.093527638190954576e+01	1.969574440016863770e+00	1.659430826792915870e+00	5.204486124324948726e+00	4.024747092020174444e-01	1.257743706044460064e+00	2.535434236240359240e+00	5.952721634568876319e-02	1.889338258032354223e-01	0.000000000000000000e+00	0.000000000000000000e+00	0.000000000000000000e+00	0.000000000000000000e+00	1.327760508477049051e+01
1.106085427135678145e+01	1.969090480826405143e+00	1.652366420487528575e+00	5.187781002267204400e+00	3.856786046021444259e-01	1.209125324051285810e+00	2.460787719100465232e+00	6.100000649718368556e-02	1.898745542360915639e-01	0.000000000000000000e+00	0.000000000000000000e+00	0.000000000000000000e+00	0.000000000000000000e+00	1.311570411206830933e+01
1.118643216080401892e+01	1.968601186578013973e+00	1.645252999503213465e+00	5.170950985444663139e+00	3.692412683191101386e-01	1.161556225636380058e+00	2.387578335180648992e+00	6.215550857875746377e-02	1.899720151692506631e-01	0.000000000000000000e+00	0.000000000000000000e+00	0.000000000000000000e+00	0.000000000000000000e+00	1.295530852441003589e+01
1.131201005025125461e+01	1.968106563666757403e+00	1.638091480337321881e+00	5.153997993411877587e+00	3.531646657838642955e-01	1.115039648464038358e+00	2.315803386714801793e+00	6.300590111283015105e-02	1.892563938264461287e-01	0.000000000000000000e+00	0.000000000000000000e+00	0.000000000000000000e+00	0.000000000000000000e+00	1.279646603331793919e+01
1.143758793969849030e+01	1.967606618553981779e+00	1.630882781682666094e+00	5.136923951090538232e+00	3.374503684455925634e-01	1.069577733575413303e+00	2.245458990504030972e+00	6.356516286519685310e-02	1.877636616747421772e-01	0.000000000000000000e+00	0.000000000000000000e+00	0.000000000000000000e+00	0.000000000000000000e+00	1.263922926839216032e+01
1.156316582914572599e+01	1.967101357767121028e+00	1.623627824221745453e+00	5.119730788358692664e+00	3.220995627519961380e-01	1.025171556353451363e+00	2.176540128130231455e+00	6.384893436611598083e-02	1.855360152047744182e-01	0.000000000000000000e+00	0.000000000000000000e+00	0.000000000000000000e+00	0.000000000000000000e+00	1.248365616715412685e+01
1.168874371859296346e+01	1.966590787899502146e+00	1.616327530421886260e+00	5.102420439641813132e+00	3.071130593956612476e-01	9.818211579177110737e-01	2.109040695040679925e+00	6.387436293749539085e-02	1.826221417518359147e-01	0.000000000000000000e+00	0.000000000000000000e+00	0.000000000000000000e+00	0.000000000000000000e+00	1.232981017500658361e+01
1.181432160804019915e+01	1.966074915610147578e+00	1.608982824331359307e+00	5.084994843505802109e+00	2.924913028027623652e-01	9.395255768817224462e-01	2.042953548504105932e+00	6.365992975102986728e-02	1.790772662403000703e-01	0.000000000000000000e+00	0.000000000000000000e+00	0.000000000000000000e+00	0.000000000000000000e+00	1.217776020762722844e+01
1.193989949748743484e+01	1.965553747623575598e+00	1.601594631376540567e+00	5.067455942252088619e+00	2.782343808409029617e-01	8.982828814084885538e-01	1.978270554446527552e+00	6.322525838776270335e-02	1.749629442095041731e-01	0.000000000000000000e+00	0.000000000000000000e+00	0.000000000000000000e+00	0.000000000000000000e+00	1.202758034054539138e+01
1.206547738693467231e+01	1.965027290729601583e+00	1.594163878160173464e+00	5.049805681514921929e+00	2.643420347234814449e-01	8.580902015026266039e-01	1.914982633182047200e+00	6.259090541555938081e-02	1.703465807102224894e-01	0.000000000000000000e+00	0.000000000000000000e+00	0.000000000000000000e+00	0.000000000000000000e+00	1.187934920593863630e+01
1.219105527638190800e+01	1.964495551783135951e+00	1.586691492260800196e+00	5.032046009860997593e+00	2.508136690885616193e-01	8.189437614804776500e-01	1.853079804059739377e+00	6.177813458846757172e-02	1.653006708682918935e-01	0.000000000000000000e+00	0.000000000000000000e+00	0.000000000000000000e+00	0.000000000000000000e+00	1.173314909399047146e+01
1.231663316582914369e+01	1.963958537703977214e+00	1.579178402033417195e+00	5.014178878391502003e+00	2.376483622308428745e-01	7.808389125623083071e-01	1.792551229052834927e+00	6.080867733736164404e-02	1.599017751328349890e-01	0.000000000000000000e+00	0.000000000000000000e+00	0.000000000000000000e+00	0.000000000000000000e+00	1.158906477444507743e+01
1.244221105527637938e+01	1.963416255476610361e+00	1.571625536411415558e+00	4.996206240346737104e+00	2.248448764659534971e-01	7.437701655334524320e-01	1.733385255320537333e+00	5.970448320039600798e-02	1.542292593678900314e-01	0.000000000000000000e+00	0.000000000000000000e+00	0.000000000000000000e+00	0.000000000000000000e+00	1.144718207212299355e+01
1.256778894472361685e+01	1.962868712149995920e+00	1.564033824709867959e+00	4.978130050713384769e+00	2.124016686069178650e-01	7.077312234238696265e-01	1.675569456776041521e+00	5.848746467380984415e-02	1.483638458546959471e-01	0.000000000000000000e+00	0.000000000000000000e+00	0.000000000000000000e+00	0.000000000000000000e+00	1.130758624690858483e+01
1.269336683417085254e+01	1.962315914837362341e+00	1.556404196430212439e+00	4.959952265834577823e+00	2.003169005332955388e-01	6.727150141581800247e-01	1.619090674696699539e+00	5.717924159521112215e-02	1.423860348144816435e-01	0.000000000000000000e+00	0.000000000000000000e+00	0.000000000000000000e+00	0.000000000000000000e+00	1.117036024290002239e+01
1.281894472361808823e+01	1.961757870715994612e+00	1.548737581066395252e+00	4.941674843022830110e+00	1.885884498341267590e-01	6.387137231306898588e-01	1.563935057413804453e+00	5.580089056049176988e-02	1.363744662127882867e-01	0.000000000000000000e+00	0.000000000000000000e+00	0.000000000000000000e+00	0.000000000000000000e+00	1.103558288195712223e+01
1.294452261306532392e+01	1.961194587027022207e+00	1.541034907912521845e+00	4.923299740175974826e+00	1.772139205064739431e-01	6.057188256623428080e-01	1.510088099120211247e+00	5.437270499413313779e-02	1.304042975335512611e-01	0.000000000000000000e+00	0.000000000000000000e+00	0.000000000000000000e+00	0.000000000000000000e+00	1.090332708293223263e+01
1.307010050251256139e+01	1.960626071075202814e+00	1.533297105872075683e+00	4.904828915396188371e+00	1.661906536919862953e-01	5.737211192988038722e-01	1.457534677833962178e+00	5.291397132945253878e-02	1.245456743516865500e-01	0.000000000000000000e+00	0.000000000000000000e+00	0.000000000000000000e+00	0.000000000000000000e+00	1.077365818884936033e+01
1.319567839195979708e+01	1.960052330228708284e+00	1.525525103268748239e+00	4.886264326612212550e+00	1.555157384345662863e-01	5.427107559111108426e-01	1.406259092555383061e+00	5.144276631650297749e-02	1.188623666541247514e-01	0.000000000000000000e+00	0.000000000000000000e+00	0.000000000000000000e+00	0.000000000000000000e+00	1.064663247998135631e+01
1.332125628140703277e+01	1.959473371918905249e+00	1.517719827658940979e+00	4.867607931204862126e+00	1.451860224428494495e-01	5.126772735624303134e-01	1.356245099653683672e+00	4.997577978453499048e-02	1.134106350950177672e-01	0.000000000000000000e+00	0.000000000000000000e+00	0.000000000000000000e+00	0.000000000000000000e+00	1.052229594132122692e+01
1.344683417085426846e+01	1.958889203640136856e+00	1.509882205645979747e+00	4.848861685635928787e+00	1.351981228418558112e-01	4.836096281065041524e-01	1.307475948517175635e+00	4.852816628300945373e-02	1.082383782291588270e-01	0.000000000000000000e+00	0.000000000000000000e+00	0.000000000000000000e+00	0.000000000000000000e+00	1.040068333889974994e+01
1.357241206030150593e+01	1.958299832949501385e+00	1.502013162696097526e+00	4.830027545080558760e+00	1.255484368987913046e-01	4.554962244852814868e-01	1.259934416498656562e+00	4.711342796361346619e-02	1.033845951059875617e-01	0.000000000000000000e+00	0.000000000000000000e+00	0.000000000000000000e+00	0.000000000000000000e+00	1.028181764167849011e+01
1.369798994974874162e+01	1.957705267466627985e+00	1.494113622956227072e+00	4.811107463063200029e+00	1.162331527086073873e-01	4.283249476951077606e-01	1.213602843184555136e+00	4.574332990926864573e-02	9.887917857574875236e-02	0.000000000000000000e+00	0.000000000000000000e+00	0.000000000000000000e+00	0.000000000000000000e+00	1.016570980555934156e+01
1.382356783919597731e+01	1.957105514873454410e+00	1.486184509073651183e+00	4.792103391097212395e+00	1.072482598255395797e-01	4.020831933925925195e-01	1.168463164013064270e+00	4.442784793425749029e-02	9.474303461879016175e-02	0.000000000000000000e+00	0.000000000000000000e+00	0.000000000000000000e+00	0.000000000000000000e+00	1.005235891482855948e+01
1.394914572864321300e+01	1.956500582913998754e+00	1.478226742017556994e+00	4.773017278328215873e+00	9.858955982745586100e-02	3.767578981129797167e-01	1.124496943262788484e+00	4.317514774298141650e-02	9.098850341999181746e-02	0.000000000000000000e+00	0.000000000000000000e+00	0.000000000000000000e+00	0.000000000000000000e+00	9.941752655625970547e+00
1.407472361809045047e+01	1.955890479394133630e+00	1.470241240902533386e+00	4.753851071181266263e+00	9.025267680044077312e-02	3.523355690754447767e-01	1.081685406429478524e+00	4.199159331036774606e-02	8.762004021692484934e-02	0.000000000000000000e+00	0.000000000000000000e+00	0.000000000000000000e+00	0.000000000000000000e+00	9.833868077310588873e+00
1.420030150753768616e+01	1.955275212181356581e+00	1.462228922814059029e+00	4.734606713011935142e+00	8.223306773163328864e-02	3.288023135512954664e-01	1.040009472004318480e+00	4.088178149302170578e-02	8.463509945818407931e-02	0.000000000000000000e+00	0.000000000000000000e+00	0.000000000000000000e+00	0.000000000000000000e+00	9.728672582245803113e+00
1.432587939698492185e+01	1.954654789204558041e+00	1.454190702636013466e+00	4.715286143761367121e+00	7.452603279891047150e-02	3.061438677725148438e-01	9.994497826629665793e-01	3.984859924291886402e-02	8.202515557359292553e-02	0.000000000000000000e+00	0.000000000000000000e+00	0.000000000000000000e+00	0.000000000000000000e+00	9.626125073652842090e+00
1.445145728643215932e+01	1.954029218453789074e+00	1.446127492880260101e+00	4.695891299615404968e+00	6.712672554658413726e-02	2.843456253595146865e-01	9.599867358703222386e-01	3.889329940526808915e-02	7.977678839708089720e-02	0.000000000000000000e+00	0.000000000000000000e+00	0.000000000000000000e+00	0.000000000000000000e+00	9.526177185528226232e+00
1.457703517587939501e+01	1.953398507980028898e+00	1.438040203518332394e+00	4.676424112667826982e+00	6.003016293683118010e-02	2.633926652483129516e-01	9.216005139017288128e-01	3.801559095220341522e-02	7.787276131234716070e-02	0.000000000000000000e+00	0.000000000000000000e+00	0.000000000000000000e+00	0.000000000000000000e+00	9.428774518517611725e+00
1.470261306532663070e+01	1.952762665894947069e+00	1.429929741815260114e+00	4.656886510587797012e+00	5.323123526712562198e-02	2.432697790986512731e-01	8.842711132771908789e-01	3.721373962913466366e-02	7.629302540288607215e-02	0.000000000000000000e+00	0.000000000000000000e+00	0.000000000000000000e+00	0.000000000000000000e+00	9.333857810972993718e+00
1.482819095477386639e+01	1.952121700370668567e+00	1.421797012165575413e+00	4.637280416291566176e+00	4.672471594448365795e-02	2.239614981658477888e-01	8.479783736012470596e-01	3.648467534844643950e-02	7.501559276301472678e-02	0.000000000000000000e+00	0.000000000000000000e+00	0.000000000000000000e+00	0.000000000000000000e+00	9.241363984650849517e+00
1.495376884422110386e+01	1.951475619639533088e+00	1.413642915931528687e+00	4.617607747618510672e+00	4.050527110785255569e-02	2.054521196203704103e-01	8.127020057973667333e-01	3.582410321789974289e-02	7.401723578683740146e-02	0.000000000000000000e+00	0.000000000000000000e+00	0.000000000000000000e+00	0.000000000000000000e+00	9.151227018719897188e+00
1.507934673366833955e+01	1.950824431993856134e+00	1.405468351283547968e+00	4.597870417011554522e+00	3.456746909049522587e-02	1.877257323003188594e-01	7.784216197223051692e-01	3.522661578830593027e-02	7.327398554123915053e-02	0.000000000000000000e+00	0.000000000000000000e+00	0.000000000000000000e+00	0.000000000000000000e+00	9.063378622731621093e+00
1.520492462311557524e+01	1.950168145785687424e+00	1.397274213042974944e+00	4.578070331202042986e+00	2.890578971472481523e-02	1.707662418831329132e-01	7.451167511427104762e-01	3.468580488812833540e-02	7.276141991733572900e-02	0.000000000000000000e+00	0.000000000000000000e+00	0.000000000000000000e+00	0.000000000000000000e+00	8.977748697576739545e+00
1.533050251256281094e+01	1.949506769426566422e+00	1.389061392527102923e+00	4.558209390899112812e+00	2.351463341184220623e-02	1.545573954639787029e-01	7.127668880535624751e-01	3.419437221891667017e-02	7.245474975579271892e-02	0.000000000000000000e+00	0.000000000000000000e+00	0.000000000000000000e+00	0.000000000000000000e+00	8.894265591756873590e+00
1.545608040201004840e+01	1.948840311387278756e+00	1.380830777396552911e+00	4.538289490483629507e+00	1.838833016060925987e-02	1.390828055293433230e-01	6.813514963156649396e-01	3.374423865282249330e-02	7.232872722901340090e-02	0.000000000000000000e+00	0.000000000000000000e+00	0.000000000000000000e+00	0.000000000000000000e+00	8.812856177154914761e+00
1.558165829145728409e+01	1.948168780197609751e+00	1.372583251505007373e+00	4.518312517706730702e+00	1.352114823806926068e-02	1.243259733154470081e-01	6.508500445875752272e-01	3.332665284482735218e-02	7.235741427832599604e-02	0.000000000000000000e+00	0.000000000000000000e+00	0.000000000000000000e+00	0.000000000000000000e+00	8.733445782673591395e+00
1.570723618090451978e+01	1.947492184446097285e+00	1.364319694751334078e+00	4.498280353393017350e+00	8.907302776985063716e-03	1.102703115421252850e-01	6.212420285259466768e-01	3.293230029964522992e-02	7.251385894169085078e-02	0.000000000000000000e+00	0.000000000000000000e+00	0.000000000000000000e+00	0.000000000000000000e+00	8.655958034676842772e+00
1.583281407035175548e+01	1.946810532779781333e+00	1.356040982934120454e+00	4.478194871148460265e+00	4.540964124622696475e-03	9.689916651387418811e-02	5.925069942273962775e-01	3.255141438051443320e-02	7.276973337551445598e-02	0.000000000000000000e+00	0.000000000000000000e+00	0.000000000000000000e+00	0.000000000000000000e+00	8.580314659484283624e+00
1.595839195979899294e+01	1.946123833903955935e+00	1.347747987608645337e+00	4.458057937073041543e+00	4.162659980481840010e-04	8.419583958076168329e-02	5.646245608846268693e-01	3.217389089244556549e-02	7.309498902433492207e-02	0.000000000000000000e+00	0.000000000000000000e+00	0.000000000000000000e+00	0.000000000000000000e+00	8.506435304965860311e+00
1.608396984924623041e+01	1.945432096581914072e+00	1.339441575946307861e+00	4.437871409478191254e+00	-3.472686568462482384e-03	7.214360795290965245e-02	5.375744426297026646e-01	3.178940780931819449e-02	7.345758181724670877e-02	0.000000000000000000e+00	0.000000000000000000e+00	0.000000000000000000e+00	0.000000000000000000e+00	8.434237435647126802e+00
1.620954773869346610e+01	1.944735329634697640e+00	1.331122610596535916e+00	4.417637138609044278e+00	-7.131809487876909250e-03	6.072574486324461285e-02	5.113364695380555602e-01	3.138755145101479460e-02	7.382331387408680445e-02	0.000000000000000000e+00	0.000000000000000000e+00	0.000000000000000000e+00	0.000000000000000000e+00	8.363636349078802823e+00
1.633512562814070179e+01	1.944033541940840548e+00	1.322791949551192836e+00	4.397356966371555487e+00	-1.056703210029105722e-02	4.992553907417932729e-02	4.858906077680045232e-01	3.095794997592991871e-02	7.415582864945685637e-02	0.000000000000000000e+00	0.000000000000000000e+00	0.000000000000000000e+00	0.000000000000000000e+00	8.294545351230869557e+00
1.646070351758793748e+01	1.943326742436113586e+00	1.314450446011502738e+00	4.377032726064513213e+00	-1.378428987141089475e-02	3.972631372485512652e-02	4.612169788122722491e-01	3.049041446988636980e-02	7.441678457814090986e-02	0.000000000000000000e+00	0.000000000000000000e+00	0.000000000000000000e+00	0.000000000000000000e+00	8.226876116225872337e+00
1.658628140703517673e+01	1.942614940113266186e+00	1.306098948257508496e+00	4.356666242116475907e+00	-1.678951731240809278e-02	3.011144451651111276e-02	4.372958778401773161e-01	2.997508722789907903e-02	7.456621906965006652e-02	0.000000000000000000e+00	0.000000000000000000e+00	0.000000000000000000e+00	0.000000000000000000e+00	8.160539241829081192e+00
1.671185929648241242e+01	1.941898144021768857e+00	1.297738299520083904e+00	4.336259329827665709e+00	-1.958864112354803677e-02	2.106437723447621146e-02	4.141077911118187238e-01	2.940259608915506487e-02	7.456310111896961856e-02	0.000000000000000000e+00	0.000000000000000000e+00	0.000000000000000000e+00	0.000000000000000000e+00	8.095444997800390396e+00
1.683743718592964811e+01	1.941176363267551830e+00	1.289369337855503783e+00	4.315813795116829610e+00	-2.218757356362045796e-02	1.256864460618793006e-02	3.916334124486428037e-01	2.876421294900151013e-02	7.436605779529312232e-02	0.000000000000000000e+00	0.000000000000000000e+00	0.000000000000000000e+00	0.000000000000000000e+00	8.031504250475389739e+00
1.696301507537688380e+01	1.940449607012744604e+00	1.280992896022603356e+00	4.295331434273116145e+00	-2.459220604684672976e-02	4.607882495531749958e-03	3.698536587482355031e-01	2.805201388427378331e-02	7.393424827062761162e-02	0.000000000000000000e+00	0.000000000000000000e+00	0.000000000000000000e+00	0.000000000000000000e+00	7.968629534660286673e+00
1.708859296482411949e+01	1.939717884475413268e+00	1.272609801362516890e+00	4.274814033712972972e+00	-2.680840296859302724e-02	-2.834154565343183912e-03	3.487496845349676855e-01	2.725903773508544375e-02	7.322834952692795774e-02	0.000000000000000000e+00	0.000000000000000000e+00	0.000000000000000000e+00	0.000000000000000000e+00	7.906736233813949077e+00
1.721417085427135518e+01	1.938981204929294266e+00	1.264220875681030254e+00	4.254263369742081302e+00	-2.884199576088439937e-02	-9.773578504727639671e-03	3.283028955422038764e-01	2.637943952516746265e-02	7.221161091455899350e-02	0.000000000000000000e+00	0.000000000000000000e+00	0.000000000000000000e+00	0.000000000000000000e+00	7.845743822068724782e+00
1.733974874371859087e+01	1.938239577703531724e+00	1.255826935133535383e+00	4.233681208322363609e+00	-3.069877717839328279e-02	-1.622635349776599747e-02	3.084949613260946077e-01	2.540863480264626481e-02	7.085093060195284120e-02	0.000000000000000000e+00	0.000000000000000000e+00	0.000000000000000000e+00	0.000000000000000000e+00	7.785577117213966503e+00
1.746532663316582656e+01	1.937493012182410101e+00	1.247428790112612429e+00	4.213069304844049512e+00	-3.238449581526539611e-02	-2.220828240697854047e-02	2.893078269154629734e-01	2.434343086189038122e-02	6.911790572837817059e-02	0.000000000000000000e+00	0.000000000000000000e+00	0.000000000000000000e+00	0.000000000000000000e+00	7.726167492422558958e+00
1.759090452261306581e+01	1.936741517805084856e+00	1.239027245138236699e+00	4.192429403902843355e+00	-3.390485085284913880e-02	-2.773499387254698550e-02	2.707237235068852832e-01	2.318214087166254114e-02	6.698980963252200438e-02	0.000000000000000000e+00	0.000000000000000000e+00	0.000000000000000000e+00	0.000000000000000000e+00	7.667453996131838423e+00
1.771648241206030150e+01	1.935985104065315543e+00	1.230623098750624811e+00	4.171763239082182828e+00	-3.526548703810442054e-02	-3.282193004729608982e-02	2.527251782187417417e-01	2.192467718128107701e-02	6.445045360074140584e-02	0.000000000000000000e+00	0.000000000000000000e+00	0.000000000000000000e+00	0.000000000000000000e+00	7.609384333813486556e+00
1.784206030150753719e+01	1.935223780511193370e+00	1.222217143405713413e+00	4.151072532740600174e+00	-3.647198989219930382e-02	-3.748433497063622527e-02	2.352950229226055956e-01	2.057262049068876025e-02	6.149089675337190281e-02	0.000000000000000000e+00	0.000000000000000000e+00	0.000000000000000000e+00	0.000000000000000000e+00	7.551915671961338283e+00
1.796763819095477288e+01	1.934457556744871187e+00	1.213810165373292671e+00	4.130358995804197519e+00	-3.752988114853319374e-02	-4.173724357508651339e-02	2.184164021749374629e-01	1.912926212944235024e-02	5.810997546744318260e-02	0.000000000000000000e+00	0.000000000000000000e+00	0.000000000000000000e+00	0.000000000000000000e+00	7.495015232970564156e+00
1.809321608040200857e+01	1.933686442422289486e+00	1.205402944637776752e+00	4.109624327564239010e+00	-3.844461441918187866e-02	-4.559547131841315548e-02	2.020727802764139824e-01	1.759961736404527452e-02	5.431463256953941721e-02	0.000000000000000000e+00	0.000000000000000000e+00	0.000000000000000000e+00	0.000000000000000000e+00	7.438660659096709260e+00
1.821879396984924426e+01	1.932910447252903730e+00	1.196996254801634185e+00	4.088870215479856185e+00	-3.922157108851774543e-02	-4.907360443386780263e-02	1.862479474904313037e-01	1.599040840841471633e-02	5.012003585867053773e-02	0.000000000000000000e+00	0.000000000000000000e+00	0.000000000000000000e+00	0.000000000000000000e+00	7.382840133769525970e+00
1.834437185929647995e+01	1.932129580999407903e+00	1.188590862991460106e+00	4.068098334985871034e+00	-3.986605643253547659e-02	-5.218599079051210871e-02	1.709260254562128822e-01	1.431001661187812461e-02	4.554948479076813272e-02	0.000000000000000000e+00	0.000000000000000000e+00	0.000000000000000000e+00	0.000000000000000000e+00	7.327552258612549885e+00
1.846994974874371920e+01	1.931343853477458294e+00	1.180187529766704824e+00	4.047310349305730526e+00	-4.038329596219768919e-02	-5.494673135516094098e-02	1.560914718355405073e-01	1.256840410599372425e-02	4.063411287736278660e-02	0.000000000000000000e+00	0.000000000000000000e+00	0.000000000000000000e+00	0.000000000000000000e+00	7.272805694051432290e+00
1.859552763819095489e+01	1.930553274555397270e+00	1.171787009031050264e+00	4.026507909269555263e+00	-4.077843198891448889e-02	-5.736967224707971436e-02	1.417290842352787184e-01	1.077700597067938332e-02	3.541240109715753509e-02	0.000000000000000000e+00	0.000000000000000000e+00	0.000000000000000000e+00	0.000000000000000000e+00	7.218618579923123946e+00
1.872110552763819058e+01	1.929757854153973495e+00	1.163390047946432748e+00	4.005692653137287174e+00	-4.105652041007994135e-02	-5.946839737621609917e-02	1.278240034505961353e-01	8.948594700324876902e-03	2.992952405623052967e-02	0.000000000000000000e+00	0.000000000000000000e+00	0.000000000000000000e+00	0.000000000000000000e+00	7.165017759658548258e+00
1.884668341708542627e+01	1.928957602246062386e+00	1.154997386849709651e+00	3.984866206426934454e+00	-4.122252771240815516e-02	-6.125622165544590547e-02	1.143617160760095064e-01	7.097119385642008602e-03	2.423655552663978377e-02	0.000000000000000000e+00	0.000000000000000000e+00	0.000000000000000000e+00	0.000000000000000000e+00	7.112037837143143193e+00
1.897226130653266196e+01	1.928152528856385439e+00	1.146609759171971499e+00	3.964030181747906223e+00	-4.128132819064469355e-02	-6.274618477706164765e-02	1.013280565330668404e-01	5.237522557114297934e-03	1.838956321547437905e-02	0.000000000000000000e+00	0.000000000000000000e+00	0.000000000000000000e+00	0.000000000000000000e+00	7.059720099114211500e+00
1.909783919597989765e+01	1.927342644061228683e+00	1.138227891360479971e+00	3.943186178639408901e+00	-4.123770137907052657e-02	-6.395104554352915027e-02	8.870920856459142689e-02	3.385538048012505866e-03	1.244862414155486173e-02	0.000000000000000000e+00	0.000000000000000000e+00	0.000000000000000000e+00	0.000000000000000000e+00	7.008111337892676040e+00
1.922341708542713334e+01	1.926527957988158235e+00	1.129852502803243786e+00	3.922335783413920307e+00	-4.109632969306687561e-02	-6.488327674238142384e-02	7.649170624593687462e-02	1.557473523023069706e-03	6.476791896105042572e-03	0.000000000000000000e+00	0.000000000000000000e+00	0.000000000000000000e+00	0.000000000000000000e+00	6.957262609434940792e+00
1.934899497487436903e+01	1.925708480815737644e+00	1.121484305756211386e+00	3.901480569005692178e+00	-4.086179627787182161e-02	-6.555506055500524842e-02	6.466243456359606345e-02	-2.300185166468375543e-04	5.390454924930499631e-04	0.000000000000000000e+00	0.000000000000000000e+00	0.000000000000000000e+00	0.000000000000000000e+00	6.907227960284206603e+00
1.947457286432160828e+01	1.924884222773242781e+00	1.113124005273079753e+00	3.880622094824291768e+00	-4.053858306153049207e-02	-6.597828448901463250e-02	5.320862961077188480e-02	-1.960177392394521836e-03	-5.298753306888141432e-03	0.000000000000000000e+00	0.000000000000000000e+00	0.000000000000000000e+00	0.000000000000000000e+00	6.858063154231558656e+00
1.960015075376884397e+01	1.924055194140374514e+00	1.104772299137710023e+00	3.859761906613151439e+00	-4.013106900891684481e-02	-6.616453782386400029e-02	4.211787844818192655e-02	-3.616374768093756457e-03	-1.097087108619270585e-02	0.000000000000000000e+00	0.000000000000000000e+00	0.000000000000000000e+00	0.000000000000000000e+00	6.809824425652350577e+00
1.972572864321607966e+01	1.923221405246972049e+00	1.096429877799135255e+00	3.838901536313101381e+00	-3.964352857359539767e-02	-6.612510855937406284e-02	3.137811867635677265e-02	-5.182355371070787413e-03	-1.641266364627861143e-02	0.000000000000000000e+00	0.000000000000000000e+00	0.000000000000000000e+00	0.000000000000000000e+00	6.762567281885246473e+00
1.985130653266331535e+01	1.922382866472725160e+00	1.088097424309157679e+00	3.818042501930878796e+00	-3.908013034418111875e-02	-6.587098085686822480e-02	2.097763776315065068e-02	-6.642474467380488252e-03	-2.156147280248325165e-02	0.000000000000000000e+00	0.000000000000000000e+00	0.000000000000000000e+00	0.000000000000000000e+00	6.716345372004999703e+00
1.997688442211055104e+01	1.921539588246884644e+00	1.079775614262518557e+00	3.797186307412577122e+00	-3.844493588175842969e-02	-6.541283296269359560e-02	1.090507216698902160e-02	-7.981928905925620224e-03	-2.635745010402027605e-02	0.000000000000000000e+00	0.000000000000000000e+00	0.000000000000000000e+00	0.000000000000000000e+00	6.671209434234571134e+00
2.010246231155778673e+01	1.920691581047971219e+00	1.071465115739628660e+00	3.776334442522014445e+00	-3.774189874482272028e-02	-6.476103560397826475e-02	1.149406292705150868e-03	-9.186978835202161062e-03	-3.074430306652762776e-02	0.000000000000000000e+00	0.000000000000000000e+00	0.000000000000000000e+00	0.000000000000000000e+00	6.627206329351787772e+00
2.022804020100502242e+01	1.919838855403486422e+00	1.063166589251851146e+00	3.755488382723997542e+00	-3.697486369812220258e-02	-6.392565084659171393e-02	-8.300028687399907054e-03	-1.024515749405945607e-02	-3.466996361814666389e-02	0.000000000000000000e+00	0.000000000000000000e+00	0.000000000000000000e+00	0.000000000000000000e+00	6.584378163035013998e+00
2.035361809045226167e+01	1.918981421889618399e+00	1.054880687689317087e+00	3.734649589072449594e+00	-3.614756610168689405e-02	-6.291643140538039081e-02	-1.745355611925822337e-02	-1.114546676651417823e-02	-3.808718188260052512e-02	0.000000000000000000e+00	0.000000000000000000e+00	0.000000000000000000e+00	0.000000000000000000e+00	6.542761496375945285e+00
2.047919597989949736e+01	1.918119291130949478e+00	1.046608056271261855e+00	3.713819508103377132e+00	-3.526363147625619782e-02	-6.174282039688689522e-02	-2.632115523652931235e-02	-1.187855645609366823e-02	-4.095405101712291940e-02	0.000000000000000000e+00	0.000000000000000000e+00	0.000000000000000000e+00	0.000000000000000000e+00	6.502386640922699357e+00
2.060477386934673305e+01	1.917252473800163060e+00	1.038349332498870403e+00	3.692999571732639374e+00	-3.432657524122864623e-02	-6.041395152487157721e-02	-3.491246259624094378e-02	-1.243688546689277613e-02	-4.323447050237011480e-02	0.000000000000000000e+00	0.000000000000000000e+00	0.000000000000000000e+00	0.000000000000000000e+00	6.463277032700068148e+00
2.073035175879396874e+01	1.916380980617747198e+00	1.030105146110608549e+00	3.672191197158496845e+00	-3.333980262118985127e-02	-5.893864968908857360e-02	-4.323677356852504566e-02	-1.281486327013065495e-02	-4.489855601502289878e-02	0.000000000000000000e+00	0.000000000000000000e+00	0.000000000000000000e+00	0.000000000000000000e+00	6.425448678722895934e+00
2.085592964824120443e+01	1.915504822351701053e+00	1.021876119040029618e+00	3.651395786768894869e+00	-3.230660871698829567e-02	-5.732543200786497511e-02	-5.130304387413457679e-02	-1.300897018441752283e-02	-4.592300382354094768e-02	0.000000000000000000e+00	0.000000000000000000e+00	0.000000000000000000e+00	0.000000000000000000e+00	6.388909669553680892e+00
2.098150753768844012e+01	1.914624009817234684e+00	1.013662865376037336e+00	3.630614728053464191e+00	-3.123017873726220348e-02	-5.558250924513661456e-02	-5.911989116925703280e-02	-1.301785510730577196e-02	-4.629141660264488728e-02	0.000000000000000000e+00	0.000000000000000000e+00	0.000000000000000000e+00	0.000000000000000000e+00	6.353659752385129700e+00
2.110708542713567581e+01	1.913738553876475290e+00	1.005465991325584119e+00	3.609849393520180527e+00	-3.011358838623889866e-02	-5.371778763265652040e-02	-6.669559668295002575e-02	-1.284240941103775326e-02	-4.599459577276850120e-02	0.000000000000000000e+00	0.000000000000000000e+00	0.000000000000000000e+00	0.000000000000000000e+00	6.319689960836588405e+00
2.123266331658291151e+01	1.912848465438166556e+00	9.972860951787929640e-01	3.589101140616671071e+00	-2.895980440355671801e-02	-5.173887107814897912e-02	-7.403810691824638801e-02	-1.248581576609804344e-02	-4.503080308082674232e-02	0.000000000000000000e+00	0.000000000000000000e+00	0.000000000000000000e+00	0.000000000000000000e+00	6.286982299986753731e+00
2.135824120603015075e+01	1.911953755457368676e+00	9.891237672764737754e-01	3.568371311656108436e+00	-2.777168525178054515e-02	-4.965306375019134383e-02	-8.115503543349832094e-02	-1.195357069433919221e-02	-4.340599131825641915e-02	0.000000000000000000e+00	0.000000000000000000e+00	0.000000000000000000e+00	0.000000000000000000e+00	6.255509487941885105e+00
2.148381909547738644e+01	1.911054434935161694e+00	9.809795899800258789e-01	3.547661233747672505e+00	-2.655198194720675975e-02	-4.746737303059268137e-02	-8.805366472578625425e-02	-1.125347969307129679e-02	-4.113400100951272037e-02	0.000000000000000000e+00	0.000000000000000000e+00	0.000000000000000000e+00	0.000000000000000000e+00	6.225234758256691592e+00
2.160939698492462213e+01	1.910150514918340869e+00	9.728541376436949939e-01	3.526972218731521114e+00	-2.530333902947191210e-02	-4.518851282498120847e-02	-9.474094824309529927e-02	-1.039562382761984212e-02	-3.823671679694760905e-02	0.000000000000000000e+00	0.000000000000000000e+00	0.000000000000000000e+00	0.000000000000000000e+00	6.196111730571440823e+00
2.173497487437185782e+01	1.909242006499116684e+00	9.647479765891723291e-01	3.506305563118244706e+00	-2.402829566540215511e-02	-4.282290722222147072e-02	-1.012235125563987342e-01	-9.392296777601236504e-03	-3.474417429526061724e-02	0.000000000000000000e+00	0.000000000000000000e+00	0.000000000000000000e+00	0.000000000000000000e+00	6.168084359689649077e+00
2.186055276381909351e+01	1.908328920814812202e+00	9.566616650825093826e-01	3.485662548032756103e+00	-2.272928688245455173e-02	-4.037669449313463499e-02	-1.075076597266791667e-01	-8.257911455893107711e-03	-3.069460558187187688e-02	0.000000000000000000e+00	0.000000000000000000e+00	0.000000000000000000e+00	0.000000000000000000e+00	6.141086975790043034e+00
2.198613065326632920e+01	1.907411269047560198e+00	9.485957533133280162e-01	3.465044439162568768e+00	-2.140864492702138078e-02	-3.785573141882486031e-02	-1.135993699052195299e-01	-7.008875511697642072e-03	-2.613440940371212357e-02	0.000000000000000000e+00	0.000000000000000000e+00	0.000000000000000000e+00	0.000000000000000000e+00	6.115044430356982197e+00
2.211170854271356490e+01	1.906489062423998959e+00	9.405507833763030456e-01	3.444452486710428030e+00	-2.006860074277918432e-02	-3.526559793867477949e-02	-1.195043042081030821e-01	-5.663435290492002498e-03	-2.111803076663435960e-02	0.000000000000000000e+00	0.000000000000000000e+00	0.000000000000000000e+00	0.000000000000000000e+00	6.089872363564047042e+00
2.223728643216080414e+01	1.905562312214966303e+00	9.325272892548933656e-01	3.423887925351245531e+00	-1.871128556418020020e-02	-3.261160210780771063e-02	-1.252278079077469852e-01	-4.241488161256821987e-03	-1.570773395001425279e-02	0.000000000000000000e+00	0.000000000000000000e+00	0.000000000000000000e+00	0.000000000000000000e+00	6.065477609130100589e+00
2.236286432160803983e+01	1.904631029735195824e+00	9.245257968073007371e-01	3.403351974193294716e+00	-1.733873262009399951e-02	-2.989878535349169142e-02	-1.307749139853945641e-01	-2.764363538794509158e-03	-9.973253238069402365e-03	0.000000000000000000e+00	0.000000000000000000e+00	0.000000000000000000e+00	0.000000000000000000e+00	6.041758751999947386e+00
2.248844221105527552e+01	1.903695226343010027e+00	9.165468237546270380e-01	3.382845836743610057e+00	-1.595287894251801175e-02	-2.713192801959985259e-02	-1.361503470887639455e-01	-1.254573425885125923e-03	-3.991306822462875603e-03	0.000000000000000000e+00	0.000000000000000000e+00	0.000000000000000000e+00	0.000000000000000000e+00	6.018606852542018437e+00
2.261402010050251121e+01	1.902754913440013240e+00	9.085908796712113267e-01	3.362370700877564289e+00	-1.455556727518856480e-02	-2.431555518784218883e-02	-1.413585279384756144e-01	2.644661279715857872e-04	2.155038592258564853e-03	0.000000000000000000e+00	0.000000000000000000e+00	0.000000000000000000e+00	0.000000000000000000e+00	5.995906348307512346e+00
2.273959798994974690e+01	1.901810102470784525e+00	9.006584659771172952e-01	3.341927738812553894e+00	-1.314854807683078428e-02	-2.145394276403704559e-02	-1.464035782254371199e-01	1.768740616024068327e-03	8.377161998282131594e-03	0.000000000000000000e+00	0.000000000000000000e+00	0.000000000000000000e+00	0.000000000000000000e+00	5.973536140808456629e+00
2.286517587939698259e+01	1.900860804922569036e+00	8.927500759327486879e-01	3.321518107085755123e+00	-1.173348161370239666e-02	-1.855112381722530401e-02	-1.512893260390628103e-01	3.233966984447151412e-03	1.458184687993260668e-02	0.000000000000000000e+00	0.000000000000000000e+00	0.000000000000000000e+00	0.000000000000000000e+00	5.951370870335463081e+00
2.299075376884421829e+01	1.899907032324969158e+00	8.848661946355645957e-01	3.301142946535904343e+00	-1.031194013599465512e-02	-1.561089515891375505e-02	-1.560193118630252840e-01	4.635944405959374973e-03	2.067240593024486858e-02	0.000000000000000000e+00	0.000000000000000000e+00	0.000000000000000000e+00	0.000000000000000000e+00	5.929282376674708921e+00
2.311633165829145398e+01	1.898948796249634752e+00	8.770072990188713113e-01	3.280803382289043668e+00	-8.885410132574798198e-03	-1.263682414922181682e-02	-1.605967951712549968e-01	5.950921711981301682e-03	2.654996803380100731e-02	0.000000000000000000e+00	0.000000000000000000e+00	0.000000000000000000e+00	0.000000000000000000e+00	5.907141337850280394e+00
2.324190954773869322e+01	1.897986108309954512e+00	8.691738578526603254e-01	3.260500523748186108e+00	-7.455294658467279297e-03	-9.632255716140358109e-03	-1.650247616520944538e-01	7.155976535378682883e-03	3.211491846726140936e-02	0.000000000000000000e+00	0.000000000000000000e+00	0.000000000000000000e+00	0.000000000000000000e+00	5.884819072886738667e+00
2.336748743718592891e+01	1.897018980160742663e+00	8.613663317464701485e-01	3.240235464586854075e+00	-6.022915729400979065e-03	-6.600319573571306227e-03	-1.693059310830008768e-01	8.229400501833591605e-03	3.726847763510810624e-02	0.000000000000000000e+00	0.000000000000000000e+00	0.000000000000000000e+00	0.000000000000000000e+00	5.862189488245035385e+00
2.349306532663316460e+01	1.896047423497929874e+00	8.535851731542412058e-01	3.220009282746426837e+00	-4.589516777668884231e-03	-3.543937623227948457e-03	-1.734427658719629728e-01	9.151084148885402572e-03	4.191439795326086515e-02	0.000000000000000000e+00	0.000000000000000000e+00	0.000000000000000000e+00	0.000000000000000000e+00	5.839131141227884569e+00
2.361864321608040029e+01	1.895071450058249729e+00	8.458308263811380456e-01	3.199823040437259625e+00	-3.156265163491091437e-03	-4.658315249401513984e-04	-1.774374802750176006e-01	9.902894674225041008e-03	4.596075288818311788e-02	0.000000000000000000e+00	0.000000000000000000e+00	0.000000000000000000e+00	0.000000000000000000e+00	5.815529387475607770e+00
2.374422110552763598e+01	1.894091071618927202e+00	8.381037275923117758e-01	3.179677784143511765e+00	-1.724254736002753252e-03	2.631469580673659759e-03	-1.812920502919135590e-01	1.046903914534221512e-02	4.932178682301367051e-02	0.000000000000000000e+00	0.000000000000000000e+00	0.000000000000000000e+00	0.000000000000000000e+00	5.791278573875865199e+00
2.386979899497487168e+01	1.893106299997365571e+00	8.304043048235720814e-01	3.159574544631633675e+00	-2.945084379452300141e-04	5.745621213724539170e-03	-1.850082242342772909e-01	1.083640546654735491e-02	5.191978952033084876e-02	0.000000000000000000e+00	0.000000000000000000e+00	0.000000000000000000e+00	0.000000000000000000e+00	5.766284232980950719e+00
2.399537688442210737e+01	1.892117147050831560e+00	8.227329779939441812e-01	3.139514336962459407e+00	1.132019051908537532e-03	8.874455577841978970e-03	-1.885875339525989736e-01	1.099487322038581252e-02	5.368695464343258006e-02	0.000000000000000000e+00	0.000000000000000000e+00	0.000000000000000000e+00	0.000000000000000000e+00	5.740465230548204900e+00
2.412095477386934661e+01	1.891123624676143367e+00	8.150901589200777453e-01	3.119498160506851470e+00	2.554438644592585059e-03	1.201597348179495733e-02	-1.920313067001740703e-01	1.093758649959078802e-02	5.456717823839780934e-02	0.000000000000000000e+00	0.000000000000000000e+00	0.000000000000000000e+00	0.000000000000000000e+00	5.713755814267274857e+00
2.424653266331658230e+01	1.890125744809353803e+00	8.074762513324855728e-01	3.099526998964845959e+00	3.971924141072779267e-03	1.516833617794793171e-02	-1.953406776038735804e-01	1.066118104064470509e-02	5.451775041460776849e-02	0.000000000000000000e+00	0.000000000000000000e+00	0.000000000000000000e+00	0.000000000000000000e+00	5.686107509277085192e+00
2.437211055276381799e+01	1.889123519425436548e+00	7.998916508935736136e-01	3.079601820388229161e+00	5.383709512688727820e-03	1.832985713595396485e-02	-1.985166027034458991e-01	1.016595837423205778e-02	5.351089183061052967e-02	0.000000000000000000e+00	0.000000000000000000e+00	0.000000000000000000e+00	0.000000000000000000e+00	5.657490804857277844e+00
2.449768844221105368e+01	1.888116960537970179e+00	7.923367452174440162e-01	3.059723577206519440e+00	6.789086167942171186e-03	2.149899377042871138e-02	-2.015598725130509361e-01	9.456000329963711731e-03	5.153508612401763722e-02	0.000000000000000000e+00	0.000000000000000000e+00	0.000000000000000000e+00	0.000000000000000000e+00	5.627896576841235898e+00
2.462326633165828937e+01	1.887106080198821756e+00	7.848119138914322335e-01	3.039893206256262470e+00	8.187400211644631567e-03	2.467433914162940611e-02	-2.044711260511004880e-01	8.539218075741235661e-03	4.859616023482584563e-02	0.000000000000000000e+00	0.000000000000000000e+00	0.000000000000000000e+00	0.000000000000000000e+00	5.597337191959258718e+00
2.474884422110552507e+01	1.886090890497830630e+00	7.773175284993552037e-01	3.020111628813621163e+00	9.578049702411054606e-03	2.785461364838957843e-02	-2.072508652772523940e-01	7.427330932835225080e-03	4.471806676149728960e-02	0.000000000000000000e+00	0.000000000000000000e+00	0.000000000000000000e+00	0.000000000000000000e+00	5.565847243578688541e+00
2.487442211055276076e+01	1.885071403562491366e+00	7.698539526464384108e-01	3.000379750630172815e+00	1.096048191443729607e-02	3.103865673269040268e-02	-2.098994698688179950e-01	6.135771476289931040e-03	3.994332613827226985e-02	0.000000000000000000e+00	0.000000000000000000e+00	0.000000000000000000e+00	0.000000000000000000e+00	5.533483873231974215e+00
2.500000000000000000e+01	1.884047631557636437e+00	7.624215419858904053e-01	2.980698461971878821e+00	1.233419060944773542e-02	3.422541861533710122e-02	-2.124172122628895654e-01	4.683514889677164138e-03	3.433309158481499812e-02	0.000000000000000000e+00	0.000000000000000000e+00	0.000000000000000000e+00	0.000000000000000000e+00	5.500326638951793079e+00
