     .0000     0        .00000    .04699    .00000    .00000    .00000    .04699   .000000   .205295   .000000   .049209
     .0116     1        .17299    .35851    .00001    .00006    .17300    .35857   .393925   .567138   .094377   .135766
     .0231     2        .58720    .84541    .00017    .00040    .58737    .84580   .725911   .871141   .173575   .207989
     .0347     3       1.12177   1.40695    .00079    .00141   1.12256   1.40836  1.003671  1.124290   .239183   .267322
     .0463     4       1.69331   2.24626    .00232    .00523   1.69563   2.25149  1.233744  1.421928   .292563   .334950
     .0694     5       2.74561   3.17129    .01002    .01718   2.75563   3.18847  1.573389  1.692728   .367464   .391125
     .0926     6       3.51391   3.77154    .02715    .04029   3.54105   3.81184  1.784048  1.851004   .406865   .415529
     .1157     7       3.94729   4.04743    .05694    .07734   4.00423   4.12477  1.896846  1.924465   .417889   .414650
     .1388     8       4.08015   3.97986    .10167    .16254   4.18182   4.14241  1.936427  1.922219   .406450   .377450
     .1851     9       3.71927   3.36357    .23977    .33275   3.95904   3.69632  1.869459  1.790013   .334957   .282338
     .2314    10       2.96532   2.56361    .44019    .56035   3.40551   3.12396  1.693049  1.585585   .222375   .157364
     .2777    11       2.18541   1.84766    .69116    .83036   2.87657   2.67802  1.472922  1.359009   .089188   .019387
     .3240    12       1.55948   1.14132    .97566   1.27554   2.53514   2.41686  1.246725  1.034567  -.050775  -.188397
     .4165    13        .91764    .84756   1.57416   1.85775   2.49179   2.70531   .845861   .683721  -.317928  -.435939
     .5091    14        .88460    .98709   2.11601   2.34198   3.00061   3.32907   .547737   .435695  -.540642  -.631373
     .6017    15       1.12194   1.26496   2.53170   2.68367   3.65364   3.94864   .344613   .271341  -.708229  -.771795
     .6942    16       1.39983   1.60939   2.79830   2.92350   4.19812   4.53289   .212881   .130007  -.822955  -.892324
     .8794    17       1.71826   1.73236   2.93051   2.84741   4.64877   4.57978   .078876   .047706  -.925213  -.930077
    1.0645    18       1.67246   1.56201   2.70118   2.51484   4.37363   4.07686   .028815   .017350  -.914228  -.883660
    1.2496    19       1.42182   1.26816   2.30670   2.09048   3.72852   3.35864   .010363   .006145  -.843122  -.796279
    1.4347    20       1.11278    .82509   1.87596   1.47614   2.98874   2.30123   .003624   .001244  -.745911  -.642298
    1.8050    21        .58932    .40965   1.13467    .85720   1.72399   1.26685   .000422   .000142  -.542827  -.452574
    2.1753    22        .27897    .18695    .63902    .47135    .91798    .65831   .000048   .000016  -.373474  -.305739
    2.5455    23        .12368    .08097    .34469    .25025    .46837    .33122   .000005   .000002  -.248681  -.201205
    2.9158    24        .05254    .02165    .18057    .09259    .23311    .11423   .000001   .000000  -.162073  -.104032
    3.6563    25        .00872    .00345    .04669    .02324    .05541    .02668   .000000   .000000  -.066019  -.041523
    4.3968    26        .00134    .00052    .01144    .00558    .01278    .00609   .000000   .000000  -.025925  -.016080
    5.1373    27        .00020    .00007    .00270    .00130    .00289    .00137   .000000   .000000  -.009903  -.006044
    5.8778    28        .00003    .00000    .00062    .00014    .00065    .00014   .000000   .000000  -.003660  -.001322
    7.3588    29        .00000    .00000    .00003    .00001    .00003    .00001   .000000   .000000  -.000472  -.000167
    8.8398    30        .00000    .00000    .00000    .00000    .00000    .00000   .000000   .000000  -.000059  -.000021
   10.3209    31        .00000    .00000    .00000    .00000    .00000    .00000   .000000   .000000  -.000007  -.000002
   11.8019    32        .00000    .00000    .00000    .00000    .00000    .00000   .000000   .000000  -.000001   .000000
   14.7639    33        .00000    .00000    .00000    .00000    .00000    .00000   .000000   .000000   .000000   .000000
   17.7260    34        .00000    .00000    .00000    .00000    .00000    .00000   .000000   .000000   .000000   .000000
   20.6880    35        .00000    .00000    .00000    .00000    .00000    .00000   .000000   .000000   .000000   .000000
   23.6501    36        .00000    .00000    .00000    .00000    .00000    .00000   .000000   .000000   .000000   .000000
     .0000     0       .000000   .000433
     .0116     1       .001697   .003740
     .0231     2       .006516   .009978
     .0347     3       .014083   .018791
     .0463     4       .024062   .036145
     .0694     5       .050056   .065545
     .0926     6       .082383   .100368
     .1157     7       .119313   .139051
     .1388     8       .159430   .201583
     .1851     9       .244834   .288422
     .2314    10       .331735   .374284
     .2777    11       .415680   .455621
     .3240    12       .493878   .564700
     .4165    13       .627327   .681496
     .5091    14       .727325   .765176
     .6017    15       .795566   .819096
     .6942    16       .836405   .854913
     .8794    17       .855937   .843714
    1.0645    18       .821763   .792913
    1.2496    19       .759392   .722924
    1.4347    20       .684829   .607482
    1.8050    21       .532604   .462926
    2.1753    22       .399693   .343276
    2.5455    23       .293551   .250125
    2.9158    24       .212469   .152142
    3.6563    25       .108043   .076215
    4.3968    26       .053468   .037336
    5.1373    27       .025967   .017997
    5.8778    28       .012435   .005890
    7.3588    29       .002765   .001289
    8.8398    30       .000598   .000276
   10.3209    31       .000127   .000058
   11.8019    32       .000026   .000005
   14.7639    33       .000001   .000000
   17.7260    34       .000000   .000000
   20.6880    35       .000000   .000000
   23.6501    36       .000000   .000000
