1
   O  I  2p4  2s2          nconf=  1    z=  8    ncores= 2    nvales= 1    ion= 0    r(i)/x(i)=0.44267069      ca1=0.700

 tolstb=1.000   tolk-2=0.20000   tolend= 0.5E-07   thresh= 0.1E-10   kut=-1    exf=0.650   corrf=0.000      ca0= 0.500

0rcn mod 36  ihf1= 2        mesh= 641   idb= 641   rdb=2901.042   emx=   0.00   r(mesh)=2901.042     irel= 0     ib= 641
0hf       energy = e(av)


0    t(run)=  0.07,     t(job)=   0.07 seconds
1O  I  2p4  2s2        nconf=  1      z=  8     ion= 0     kut=-1      exf=0.650     corrf=0.000   ca1=0.700   ca0=0.500



                           rscore(i)           rsvale(i)           rsatom(i)           pnl( 1s)            pnl( 2p) 
    r (a0)    nc          1         6         1         6         1         6         1         6         1         6


    0.0000     0       0.00000   0.10440   0.00000   0.00539   0.00000   0.10979  0.000000  0.228469  0.000000  0.000438
    0.0111     1       0.38229   0.78756   0.01972   0.04055   0.40201   0.82811  0.437194  0.627496  0.001712  0.003769
    0.0221     2       1.28215   1.83487   0.06584   0.09388   1.34799   1.92875  0.800617  0.957723  0.006556  0.010025
    0.0332     3       2.42040   3.01837   0.12327   0.15286   2.54366   3.17123  1.099908  1.228200  0.014129  0.018825
    0.0443     4       3.61263   4.74251   0.18175   0.23468   3.79438   4.97719  1.343560  1.539043  0.024070  0.036059
    0.0664     5       5.74187   6.57596   0.27811   0.31006   6.01998   6.88603  1.692919  1.810943  0.049808  0.065061
    0.0885     6       7.23268   7.71471   0.32995   0.33815   7.56263   8.05286  1.898164  1.958999  0.081591  0.099194
    0.1107     7       8.03395   8.20752   0.33567   0.32392   8.36962   8.53144  1.997317  2.016499  0.117689  0.136913
    0.1328     8       8.25500   8.05204   0.30452   0.24957   8.55953   8.30160  2.019499  1.986940  0.156722  0.197593
    0.1771     9       7.57554   6.94966   0.18389   0.11882   7.75944   7.06848  1.916540  1.821079  0.239424  0.281517
    0.2213    10       6.26740   5.59310   0.06314   0.02306   6.33054   5.61616  1.710157  1.590914  0.323315  0.364378
    0.2656    11       4.96758   4.41374   0.00242   0.00299   4.97000   4.41673  1.468597  1.346994  0.404359  0.442989
    0.3099    12       3.94160   3.24197   0.02496   0.12812   3.96656   3.37009  1.228771  1.009075  0.480064  0.548976
    0.3984    13       2.82570   2.62066   0.29517   0.50394   3.12087   3.12460  0.817178  0.654729  0.610356  0.663950
    0.4869    14       2.55672   2.57712   0.73238   0.96152   3.28909   3.53864  0.520209  0.410609  0.709838  0.748318
    0.5755    15       2.64043   2.71850   1.17671   1.36778   3.81714   4.08628  0.322411  0.252114  0.779828  0.804887
    0.6640    16       2.79348   2.89746   1.52856   1.75026   4.32204   4.64773  0.196508  0.118581  0.824052  0.846956
    0.8411    17       2.91974   2.86429   1.84481   1.83508   4.76455   4.69937  0.071194  0.042675  0.852878  0.845672
    1.0181    18       2.74757   2.58805   1.74990   1.61639   4.49747   4.20443  0.025571  0.015254  0.828592  0.804298
    1.1952    19       2.40215   2.20305   1.45675   1.28762   3.85890   3.49066  0.009023  0.005300  0.774917  0.742124
    1.3723    20       2.00066   1.61214   1.12048   0.81841   3.12114   2.43055  0.003096  0.001043  0.707220  0.634850
    1.7264    21       1.26897   0.98172   0.57677   0.39607   1.84575   1.37779  0.000347  0.000115  0.563244  0.495409
    2.0806    22       0.74949   0.56624   0.26671   0.17689   1.01621   0.74313  0.000038  0.000012  0.432867  0.376245
    2.4347    23       0.42417   0.31551   0.11590   0.07519   0.54007   0.39070  0.000004  0.000001  0.325642  0.280849
    2.7888    24       0.23328   0.12564   0.04838   0.01963   0.28165   0.14527  0.000000  0.000000  0.241493  0.177231
    3.4971    25       0.06659   0.03484   0.00780   0.00305   0.07439   0.03789  0.000000  0.000000  0.129028  0.093330
    4.2054    26       0.01804   0.00925   0.00118   0.00045   0.01921   0.00970  0.000000  0.000000  0.067150  0.048097
    4.9136    27       0.00471   0.00238   0.00017   0.00006   0.00488   0.00244  0.000000  0.000000  0.034316  0.024402
    5.6219    28       0.00120   0.00030   0.00002   0.00000   0.00122   0.00030  0.000000  0.000000  0.017300  0.008630
    7.0385    29       0.00007   0.00002   0.00000   0.00000   0.00007   0.00002  0.000000  0.000000  0.004268  0.002096
    8.4550    30       0.00000   0.00000   0.00000   0.00000   0.00000   0.00000  0.000000  0.000000  0.001023  0.000497
    9.8716    31       0.00000   0.00000   0.00000   0.00000   0.00000   0.00000  0.000000  0.000000  0.000241  0.000116
   11.2881    32       0.00000   0.00000   0.00000   0.00000   0.00000   0.00000  0.000000  0.000000  0.000056  0.000013
   14.1212    33       0.00000   0.00000   0.00000   0.00000   0.00000   0.00000  0.000000  0.000000  0.000003  0.000001
   16.9543    34       0.00000   0.00000   0.00000   0.00000   0.00000   0.00000  0.000000  0.000000  0.000000  0.000000
   19.7874    35       0.00000   0.00000   0.00000   0.00000   0.00000   0.00000  0.000000  0.000000  0.000000  0.000000
   22.6205    36       0.00000   0.00000   0.00000   0.00000   0.00000   0.00000  0.000000  0.000000  0.000000  0.000000
1O  I  2p4  2s2        nconf=  1      z=  8     ion= 0     kut=-1      exf=0.650     corrf=0.000   ca1=0.700   ca0=0.500



                           pnl( 2s) 
    r (a0)    nc          1         6         1         6         1         6         1         6         1         6


    0.0000     0      0.000000  0.051925
    0.0111     1      0.099308  0.142399
    0.0221     2      0.181438  0.216653
    0.0332     3      0.248260  0.276463
    0.0443     4      0.301457  0.342549
    0.0664     5      0.372900  0.393740
    0.0885     6      0.406172  0.411187
    0.1107     7      0.409678  0.402445
    0.1328     8      0.390208  0.353246
    0.1771     9      0.303227  0.243737
    0.2213    10      0.177677  0.107386
    0.2656    11      0.034750 -0.038685
    0.3099    12     -0.111716 -0.253101
    0.3984    13     -0.384167 -0.501967
    0.4869    14     -0.605136 -0.693367
    0.5755    15     -0.767043 -0.826977
    0.6640    16     -0.874232 -0.935485
    0.8411    17     -0.960418 -0.957884
    1.0181    18     -0.935389 -0.898995
    1.1952    19     -0.853449 -0.802376
    1.3723    20     -0.748491 -0.639692
    1.7264    21     -0.537016 -0.445010
    2.0806    22     -0.365180 -0.297399
    2.4347    23     -0.240731 -0.193895
    2.7888    24     -0.155526 -0.099069
    3.4971    25     -0.062449 -0.039048
    4.2054    26     -0.024252 -0.014966
    4.9136    27     -0.009161 -0.005546
    5.6219    28     -0.003329 -0.001180
    7.0385    29     -0.000413 -0.000143
    8.4550    30     -0.000049 -0.000017
    9.8716    31     -0.000006 -0.000002
   11.2881    32     -0.000001  0.000000
   14.1212    33      0.000000  0.000000
   16.9543    34      0.000000  0.000000
   19.7874    35      0.000000  0.000000
   22.6205    36      0.000000  0.000000
1O  I  2p4  2s2        nconf=  1      z=  8     ion= 0     kut=-1      exf=0.650     corrf=0.000   ca1=0.700   ca0=0.500






  nl   wnl         ee          az      (r-3)      (r-2)      (r-1)      (r+1)      (r+2)      (r+3)      (r+4)      (r+6)

  1s    2.     -41.36120     43.157  0.000E+00  1.184E+02  7.643E+00  1.986E-01  5.312E-02  1.794E-02  7.341E-03  1.968E-03
  2p    4.      -1.23230     14.608  4.949E+00  1.810E+00  1.107E+00  1.239E+00  2.002E+00  4.049E+00  9.932E+00  9.633E+01
  2s    2.      -2.50076      9.810  0.000E+00  6.615E+00  1.267E+00  1.141E+00  1.577E+00  2.579E+00  4.917E+00  2.694E+01

        8.                                      2.572E+02  2.225E+01  7.635E+00  1.127E+01  2.139E+01  4.958E+01  4.392E+02

        1.                                      3.216E+01  2.781E+00  9.544E-01  1.408E+00  2.674E+00  6.197E+00  5.490E+01



            --------------------zeta---------------------
  nl   wnl    ----blume-watson----     -----(r*vi)-----     i (ryd)      eps s       evel       edar   evel+edar    erel
                 (ryd)      (cm-1)     (ryd)      (cm-1)
  1s    2.      0.00000       0.000   0.00000       0.000  -63.84880   -40.10614   -0.24304    0.19511   -0.048   -40.15407
  2p    4.      0.00135     147.789   0.00169     185.896  -12.66319    -1.22566   -0.00125   -0.00010   -0.001    -1.22692
  2s    2.      0.00000       0.000   0.00000       0.000  -14.03652    -2.35205   -0.01538    0.01002   -0.005    -2.35741


0               without correlation                with correlation
              -----------------------           -----------------------
  nl   wnl       eps fg      eps fgr    corr       eps fg      eps fgr     n*r     n*rc     ect     ec-----------------

  1s    2.     -41.36130    -41.40922-0.08013    -41.44142    -41.48935  0.1554  0.1553  -0.07941   0.00000-0.0794
  2p    4.      -1.23230     -1.23355-0.07157     -1.30387     -1.30512  0.9004  0.8753  -0.36002  -0.06831-0.0699-0.0709-0.0716
  2s    2.      -2.50076     -2.50611-0.07286     -2.57362     -2.57898  0.6317  0.6227  -0.46036  -0.03281-0.0675

0                           ecorrt=  -0.59227 (old)              ect=  -0.46036 (new)     etotrl=     -0.11158 +  0.00000 +  0.00000

      etot=   -149.53834   -149.64992           -150.13061   -150.24219   -149.99870   -150.11028   -150.11028


 O  I  2p4  2s2         3   -150.1103 0   73.2789 1    0.1478 2


0    t(run)=  0.08,     t(job)=   0.08 seconds
