1
   Mg I  3p2               nconf=  1    z= 12    ncores= 3    nvales= 1    ion= 0    r(i)/x(i)=0.38670847      ca1=0.700

 tolstb=1.000   tolk-2=0.20000   tolend= 0.5E-07   thresh= 0.1E-10   kut=-1    exf=0.650   corrf=0.000      ca0= 0.500

0rcn mod 36  ihf1= 2        mesh= 641   idb= 641   rdb=2534.294   emx=   0.00   r(mesh)=2534.294     irel= 0     ib= 641
0hf       energy = e(av)


0    t(run)=  0.10,     t(job)=   0.10 seconds
1Mg I  3p2             nconf=  1      z= 12     ion= 0     kut=-1      exf=0.650     corrf=0.000   ca1=0.700   ca0=0.500



                           rscore(i)           rsvale(i)           rsatom(i)           pnl( 1s)            pnl( 2s) 
    r (a0)    nc          1         6         1         6         1         6         1         6         1         6


    0.0000     0       0.00000   0.28531   0.00000   0.00000   0.00000   0.28531  0.000000  0.366212  0.000000  0.092402
    0.0097     1       1.01644   2.03721   0.00000   0.00000   1.01644   2.03722  0.691230  0.978610  0.174229  0.246224
    0.0193     2       3.22670   4.49265   0.00001   0.00003   3.22672   4.49268  1.231630  1.453315  0.309087  0.363474
    0.0290     3       5.76595   6.99617   0.00006   0.00011   5.76602   6.99628  1.646448  1.813591  0.409998  0.449235
    0.0387     4       8.14771  10.12879   0.00018   0.00040   8.14789  10.12919  1.957101  2.181716  0.481725  0.528449
    0.0580     5      11.61746  12.61190   0.00074   0.00123  11.61820  12.61313  2.335606  2.431682  0.553832  0.561079
    0.0773     6      13.15981  13.33247   0.00189   0.00272  13.16170  13.33519  2.480814  2.492136  0.552995  0.532033
    0.0967     7      13.20854  12.86457   0.00373   0.00491  13.21227  12.86948  2.473306  2.430734  0.500338  0.459783
    0.1160     8      12.36972  11.15429   0.00627   0.00944  12.37599  11.16373  2.369771  2.209707  0.412007  0.300316
    0.1547     9       9.91345   8.85216   0.01313   0.01719   9.92658   8.86935  2.020272  1.819792  0.174622  0.041986
    0.1934    10       8.06546   7.57520   0.02146   0.02578   8.08692   7.60098  1.620300  1.429380 -0.092259 -0.224256
    0.2320    11       7.35970   7.37492   0.03002   0.03403   7.38971   7.40895  1.251501  1.088977 -0.351223 -0.471199
    0.2707    12       7.56850   8.28692   0.03772   0.04382   7.60622   8.33073  0.942668  0.697687 -0.582882 -0.778562
    0.3480    13       9.16788   9.98022   0.04791   0.04989   9.21579  10.03011  0.509908  0.369288 -0.935994 -1.056554
    0.4254    14      10.59763  10.96967   0.04986   0.04807  10.64749  11.01774  0.265708  0.190318 -1.143529 -1.201056
    0.5027    15      11.09394  10.99499   0.04484   0.04054  11.13879  11.03552  0.135923  0.096921 -1.233481 -1.245003
    0.5801    16      10.71000   9.74374   0.03550   0.02453  10.74550   9.76827  0.069072  0.035088 -1.239472 -1.190503
    0.7347    17       8.48881   7.16080   0.01417   0.00601   8.50298   7.16682  0.017700  0.008778 -1.108676 -1.009747
    0.8894    18       5.89388   4.75900   0.00113   0.00013   5.89501   4.75914  0.004296  0.002082 -0.904432 -0.799708
    1.0441    19       3.78448   2.97253   0.00325   0.01049   3.78773   2.98302  0.001002  0.000479 -0.699890 -0.607441
    1.1988    20       2.31114   1.36372   0.02169   0.05470   2.33282   1.41842  0.000228  0.000051 -0.523572 -0.382574
    1.5082    21       0.78506   0.44370   0.09907   0.15104   0.88413   0.59474  0.000011  0.000003 -0.274770 -0.194772
    1.8175    22       0.24727   0.13629   0.20686   0.26314   0.45413   0.39944  0.000001  0.000000 -0.136659 -0.095111
    2.1269    23       0.07448   0.04042   0.31707   0.36647   0.39155   0.40688  0.000000  0.000000 -0.065769 -0.045245
    2.4363    24       0.02181   0.00627   0.40977   0.47476   0.43158   0.48103  0.000000  0.000000 -0.030996 -0.014389
    3.0550    25       0.00178   0.00050   0.50977   0.51764   0.51155   0.51813  0.000000  0.000000 -0.006553 -0.002934
    3.6737    26       0.00014   0.00004   0.50368   0.47394   0.50382   0.47398  0.000000  0.000000 -0.001300 -0.000571
    4.2925    27       0.00001   0.00000   0.43409   0.38888   0.43410   0.38888  0.000000  0.000000 -0.000250 -0.000109
    4.9112    28       0.00000   0.00000   0.34198   0.25287   0.34198   0.25287  0.000000  0.000000 -0.000047 -0.000009
    6.1487    29       0.00000   0.00000   0.17835   0.12126   0.17835   0.12126  0.000000  0.000000 -0.000002  0.000000
    7.3861    30       0.00000   0.00000   0.08005   0.05157   0.08005   0.05157  0.000000  0.000000  0.000000  0.000000
    8.6236    31       0.00000   0.00000   0.03255   0.02019   0.03255   0.02019  0.000000  0.000000  0.000000  0.000000
    9.8611    32       0.00000   0.00000   0.01234   0.00443   0.01234   0.00443  0.000000  0.000000  0.000000  0.000000
   12.3360    33       0.00000   0.00000   0.00153   0.00051   0.00153   0.00051  0.000000  0.000000  0.000000  0.000000
   14.8109    34       0.00000   0.00000   0.00016   0.00005   0.00016   0.00005  0.000000  0.000000  0.000000  0.000000
   17.2859    35       0.00000   0.00000   0.00002   0.00000   0.00002   0.00000  0.000000  0.000000  0.000000  0.000000
   19.7608    36       0.00000   0.00000   0.00000   0.00000   0.00000   0.00000  0.000000  0.000000  0.000000  0.000000
   24.7107    37       0.00000   0.00000   0.00000   0.00000   0.00000   0.00000  0.000000  0.000000  0.000000  0.000000
   29.6605    38       0.00000   0.00000   0.00000   0.00000   0.00000   0.00000  0.000000  0.000000  0.000000  0.000000
   34.6104    39       0.00000   0.00000   0.00000   0.00000   0.00000   0.00000  0.000000  0.000000  0.000000  0.000000
   39.5603    40       0.00000   0.00000   0.00000   0.00000   0.00000   0.00000  0.000000  0.000000  0.000000  0.000000
   49.4600    41       0.00000   0.00000   0.00000   0.00000   0.00000   0.00000  0.000000  0.000000  0.000000  0.000000
   59.3597    42       0.00000   0.00000   0.00000   0.00000   0.00000   0.00000  0.000000  0.000000  0.000000  0.000000
   69.2595    43       0.00000   0.00000   0.00000   0.00000   0.00000   0.00000  0.000000  0.000000  0.000000  0.000000
   79.1592    44       0.00000   0.00000   0.00000   0.00000   0.00000   0.00000  0.000000  0.000000  0.000000  0.000000
1Mg I  3p2             nconf=  1      z= 12     ion= 0     kut=-1      exf=0.650     corrf=0.000   ca1=0.700   ca0=0.500



                           pnl( 2p)            pnl( 3p) 
    r (a0)    nc          1         6         1         6         1         6         1         6         1         6


    0.0000     0      0.000000  0.001182  0.000000  0.000182
    0.0097     1      0.004595  0.010046  0.000709  0.001550
    0.0193     2      0.017358  0.026365  0.002677  0.004066
    0.0290     3      0.036911  0.048852  0.005692  0.007533
    0.0387     4      0.062054  0.091748  0.009567  0.014141
    0.0580     5      0.125092  0.161307  0.019272  0.024840
    0.0773     6      0.199720  0.239747  0.030737  0.036874
    0.0967     7      0.280887  0.322704  0.043169  0.049554
    0.1160     8      0.364828  0.448758  0.055971  0.068699
    0.1547     9      0.530639  0.609009  0.081025  0.092710
    0.1934    10      0.682849  0.751483  0.103588  0.113543
    0.2320    11      0.814501  0.871696  0.122506  0.130438
    0.2707    12      0.923016  1.008387  0.137327  0.148015
    0.3480    13      1.072046  1.116158  0.154775  0.157939
    0.4254    14      1.143176  1.155578  0.157893  0.155033
    0.5027    15      1.155713  1.145727  0.149740  0.142367
    0.5801    16      1.127525  1.072899  0.133231  0.110758
    0.7347    17      1.002485  0.923893  0.084166  0.054837
    0.8894    18      0.842402  0.761570  0.023799 -0.008131
    1.0441    19      0.683713  0.610268 -0.040306 -0.072418
    1.1988    20      0.542045  0.422492 -0.104131 -0.165377
    1.5082    21      0.325080  0.247597 -0.222568 -0.274811
    1.8175    22      0.187045  0.140358 -0.321605 -0.362729
    2.1269    23      0.104743  0.077806 -0.398168 -0.428057
    2.4363    24      0.057576  0.031242 -0.452642 -0.487215
    3.0550    25      0.016796  0.008959 -0.504863 -0.508741
    3.6737    26      0.004742  0.002495 -0.501836 -0.486797
    4.2925    27      0.001306  0.000682 -0.465881 -0.440951
    4.9112    28      0.000355  0.000095 -0.413511 -0.355576
    6.1487    29      0.000025  0.000007 -0.298622 -0.246230
    7.3861    30      0.000002  0.000000 -0.200058 -0.160581
    8.6236    31      0.000000  0.000000 -0.127583 -0.100484
    9.8611    32      0.000000  0.000000 -0.078543 -0.047078
   12.3360    33      0.000000  0.000000 -0.027632 -0.015945
   14.8109    34      0.000000  0.000000 -0.009073 -0.005102
   17.2859    35      0.000000  0.000000 -0.002841 -0.001568
   19.7608    36      0.000000  0.000000 -0.000859 -0.000253
   24.7107    37      0.000000  0.000000 -0.000073 -0.000021
   29.6605    38      0.000000  0.000000 -0.000006 -0.000002
   34.6104    39      0.000000  0.000000  0.000000  0.000000
   39.5603    40      0.000000  0.000000  0.000000  0.000000
   49.4600    41      0.000000  0.000000  0.000000  0.000000
   59.3597    42      0.000000  0.000000  0.000000  0.000000
   69.2595    43      0.000000  0.000000  0.000000  0.000000
   79.1592    44      0.000000  0.000000  0.000000  0.000000
1Mg I  3p2             nconf=  1      z= 12     ion= 0     kut=-1      exf=0.650     corrf=0.000   ca1=0.700   ca0=0.500






  nl   wnl         ee          az      (r-3)      (r-2)      (r-1)      (r+1)      (r+2)      (r+3)      (r+4)      (r+6)

  1s    2.     -98.35431     80.281  0.000E+00  2.718E+02  1.160E+01  1.306E-01  2.295E-02  5.090E-03  1.368E-03  1.583E-04
  2s    2.      -7.80936     20.263  0.000E+00  1.834E+01  2.105E+00  6.913E-01  5.727E-01  5.530E-01  6.147E-01  1.108E+00
  2p    6.      -4.85768     52.080  2.502E+01  5.488E+00  1.956E+00  6.824E-01  5.916E-01  6.281E-01  7.939E-01  1.964E+00
  3p    2.      -0.33147      8.034  5.813E-01  1.965E-01  3.068E-01  4.171E+00  2.053E+01  1.169E+02  7.602E+02  4.563E+04

       12.                                      6.137E+02  3.975E+01  1.408E+01  4.579E+01  2.387E+02  1.526E+03  9.127E+04

        1.                                      5.114E+01  3.313E+00  1.173E+00  3.816E+00  1.989E+01  1.272E+02  7.606E+03



            --------------------zeta---------------------
  nl   wnl    ----blume-watson----     -----(r*vi)-----     i (ryd)      eps s       evel       edar   evel+edar    erel
                 (ryd)      (cm-1)     (ryd)      (cm-1)
  1s    2.      0.00000       0.000   0.00000       0.000 -143.80163   -96.39016   -1.26850    1.01736   -0.251   -96.64130
  2s    2.      0.00000       0.000   0.00000       0.000  -33.08109    -7.29356   -0.10005    0.06454   -0.036    -7.32906
  2p    6.      0.01195    1311.021   0.01370    1503.297  -31.38064    -4.89873   -0.01051   -0.00063   -0.011    -4.90924
  3p    2.      0.00027      30.108   0.00031      33.806   -6.64841    -0.33738   -0.00027   -0.00001    0.000    -0.33765


0               without correlation                with correlation
              -----------------------           -----------------------
  nl   wnl       eps fg      eps fgr    corr       eps fg      eps fgr     n*r     n*rc     ect     ec-----------------

  1s    2.     -98.35459    -98.60573-0.08134    -98.43592    -98.68707  0.1007  0.1007  -0.08068   0.00000-0.0807
  2s    2.      -7.80938     -7.84489-0.07722     -7.88660     -7.92211  0.3570  0.3553  -0.19537  -0.04189-0.0728
  2p    6.      -4.85768     -4.86819-0.07712     -4.93480     -4.94531  0.4532  0.4497  -0.65093  -0.07435-0.0753-0.0759-0.0770
  3p    2.      -0.33147     -0.33174-0.04753     -0.37900     -0.37927  1.7362  1.6238  -0.71486  -0.01639-0.0475

0                           ecorrt=  -0.87489 (old)              ect=  -0.71486 (new)     etotrl=     -0.63687 +  0.00000 +  0.00000

      etot=   -398.74152   -399.37838           -399.61640   -400.25327   -399.45637   -400.09324   -400.09324


 Mg I  3p2              3   -400.0932 0   24.1659 1    0.0301 2


0    t(run)=  0.17,     t(job)=   0.17 seconds
