    0.0000     0       0.00000   0.03549   0.00000   0.00000   0.00000   0.03549  0.000000  0.130567  0.000000  0.026433
    0.0129     1       0.13309   0.28075   0.00000   0.00000   0.13309   0.28075  0.252838  0.367228  0.051173  0.074292
    0.0259     2       0.46798   0.68568   0.00000   0.00001   0.46799   0.68569  0.474133  0.573930  0.095859  0.115941
    0.0388     3       0.92596   1.18206   0.00002   0.00004   0.92598   1.18210  0.666981  0.753629  0.134600  0.151899
    0.0518     4       1.44816   1.99135   0.00006   0.00014   1.44822   1.99149  0.834201  0.978355  0.167896  0.196207
    0.0777     5       2.52456   3.02632   0.00027   0.00047   2.52483   3.02679  1.101770  1.206557  0.219958  0.239541
    0.1036     6       3.48250   3.88456   0.00075   0.00114   3.48325   3.88569  1.294630  1.367723  0.255314  0.267607
    0.1294     7       4.22813   4.51198   0.00164   0.00226   4.22977   4.51425  1.427407  1.475105  0.276724  0.282944
    0.1553     8       4.73711   5.02255   0.00303   0.00502   4.74014   5.02758  1.512104  1.558554  0.286523  0.286682
    0.2071     9       5.11555   5.05362   0.00769   0.01108   5.12324   5.06471  1.574804  1.567435  0.278870  0.264499
    0.2589    10       4.87424   4.61146   0.01524   0.02016   4.88947   4.63163  1.541820  1.502341  0.244766  0.220689
    0.3107    11       4.29449   3.94723   0.02587   0.03233   4.32035   3.97956  1.452564  1.395383  0.193137  0.162847
    0.3624    12       3.58856   2.89053   0.03954   0.05602   3.62809   2.94655  1.333140  1.200622  0.130452  0.061426
    0.4660    13       2.27271   1.76542   0.07497   0.09597   2.34769   1.86139  1.065949  0.935892 -0.010473 -0.082554
    0.5695    14       1.37343   1.08767   0.11853   0.14219   1.49196   1.22986  0.814396  0.703516 -0.153205 -0.221134
    0.6731    15       0.89272   0.77132   0.16645   0.19089   1.05917   0.96221  0.604055  0.516013 -0.285441 -0.345528
    0.7766    16       0.70690   0.69262   0.21509   0.26137   0.92199   0.95399  0.438893  0.314139 -0.401026 -0.497619
    0.9837    17       0.76033   0.85400   0.30299   0.33842   1.06332   1.19242  0.222339  0.156032 -0.575091 -0.634551
    1.1908    18       0.94233   1.01012   0.36685   0.38805   1.30918   1.39817  0.108792  0.075483 -0.677739 -0.706657
    1.3979    19       1.05190   1.06766   0.40221   0.40982   1.45411   1.47748  0.052180  0.035973 -0.723345 -0.729750
    1.6050    20       1.06019   0.99192   0.41155   0.40050   1.47174   1.39242  0.024749  0.011639 -0.727656 -0.704148
    2.0192    21       0.87982   0.75035   0.37532   0.34161   1.25514   1.09196  0.005417  0.002501 -0.663233 -0.612509
    2.4334    22       0.62117   0.50245   0.30382   0.26518   0.92499   0.76763  0.001148  0.000524 -0.557302 -0.501223
    2.8476    23       0.39895   0.31202   0.22790   0.19334   0.62686   0.50536  0.000239  0.000108 -0.446629 -0.394981
    3.2618    24       0.24097   0.13942   0.16220   0.11108   0.40318   0.25050  0.000049  0.000010 -0.347112 -0.264026
    4.0902    25       0.07812   0.04270   0.07385   0.04796   0.15198   0.09067  0.000002  0.000000 -0.197641 -0.146122
    4.9186    26       0.02288   0.01206   0.03056   0.01916   0.05344   0.03122  0.000000  0.000000 -0.106962 -0.077659
    5.7470    27       0.00627   0.00322   0.01185   0.00725   0.01813   0.01047  0.000000  0.000000 -0.055999 -0.040144
    6.5754    28       0.00164   0.00041   0.00439   0.00157   0.00603   0.00198  0.000000  0.000000 -0.028633 -0.014379
    8.2322    29       0.00010   0.00002   0.00054   0.00019   0.00065   0.00021  0.000000  0.000000 -0.007109 -0.003459
    9.8890    30       0.00001   0.00000   0.00006   0.00002   0.00007   0.00002  0.000000  0.000000 -0.001662 -0.000792
   11.5458    31       0.00000   0.00000   0.00001   0.00000   0.00001   0.00000  0.000000  0.000000 -0.000375 -0.000176
   13.2026    32       0.00000   0.00000   0.00000   0.00000   0.00000   0.00000  0.000000  0.000000 -0.000083 -0.000018
   16.5162    33       0.00000   0.00000   0.00000   0.00000   0.00000   0.00000  0.000000  0.000000 -0.000004 -0.000001
   19.8299    34       0.00000   0.00000   0.00000   0.00000   0.00000   0.00000  0.000000  0.000000  0.000000  0.000000
   23.1435    35       0.00000   0.00000   0.00000   0.00000   0.00000   0.00000  0.000000  0.000000  0.000000  0.000000
   26.4571    36       0.00000   0.00000   0.00000   0.00000   0.00000   0.00000  0.000000  0.000000  0.000000  0.000000
   33.0843    37       0.00000   0.00000   0.00000   0.00000   0.00000   0.00000  0.000000  0.000000  0.000000  0.000000
   39.7115    38       0.00000   0.00000   0.00000   0.00000   0.00000   0.00000  0.000000  0.000000  0.000000  0.000000
   46.3387    39       0.00000   0.00000   0.00000   0.00000   0.00000   0.00000  0.000000  0.000000  0.000000  0.000000
   52.9659    40       0.00000   0.00000   0.00000   0.00000   0.00000   0.00000  0.000000  0.000000  0.000000  0.000000
    0.0000     0      0.000000  0.000135
    0.0129     1      0.000532  0.001177
    0.0259     2      0.002060  0.003168
    0.0388     3      0.004491  0.006018
    0.0518     4      0.007739  0.011726
    0.0777     5      0.016381  0.021637
    0.1036     6      0.027436  0.033722
    0.1294     7      0.040447  0.047564
    0.1553     8      0.055032  0.070872
    0.2071     9      0.087698  0.105284
    0.2589    10      0.123440  0.142002
    0.3107    11      0.160832  0.179811
    0.3624    12      0.198837  0.236689
    0.4660    13      0.273815  0.309787
    0.5695    14      0.344285  0.377075
    0.6731    15      0.407988  0.436914
    0.7766    16      0.463782  0.511248
    0.9837    17      0.550444  0.581737
    1.1908    18      0.605683  0.622938
    1.3979    19      0.634200  0.640171
    1.6050    20      0.641522  0.632852
    2.0192    21      0.612635  0.584475
    2.4334    22      0.551194  0.514958
    2.8476    23      0.477393  0.439700
    3.2618    24      0.402746  0.333286
    4.0902    25      0.271759  0.219004
    4.9186    26      0.174810  0.138427
    5.7470    27      0.108879  0.085144
    6.5754    28      0.066249  0.039600
    8.2322    29      0.023342  0.013603
    9.8890    30      0.007853  0.004497
   11.5458    31      0.002557  0.001446
   13.2026    32      0.000814  0.000254
   16.5162    33      0.000078  0.000024
   19.8299    34      0.000007  0.000002
   23.1435    35      0.000001  0.000000
   26.4571    36      0.000000  0.000000
   33.0843    37      0.000000  0.000000
   39.7115    38      0.000000  0.000000
   46.3387    39      0.000000  0.000000
   52.9659    40      0.000000  0.000000
