# q (inverse Anstrom)	f(q): 1s	f(q): 2s	f(q): 2p	f(q): 3s	f(q): 3p	f(q): 3d	f(q): 4s	f(q): total
1.000000000000000021e-02	2.030491213898165892e+00	2.032572068415009703e+00	6.101545114532745728e+00	2.034541652412030555e+00	6.103283398668461146e+00	1.017090679137847431e+01	2.034072636631827358e+00	3.050741287593671203e+01
1.355778894472361717e-01	2.030485832078626540e+00	2.032474452768572526e+00	6.101314005902215065e+00	2.033666501591645748e+00	6.100367782919767556e+00	1.016290910644936041e+01	2.018405180737694149e+00	3.047962286244788288e+01
2.611557788944723346e-01	2.030471134937117395e+00	2.032208445879373215e+00	6.100684216046670549e+00	2.031283386748331754e+00	6.092429622469963668e+00	1.014116576050103369e+01	1.976372742124063997e+00	3.040461530870655338e+01
3.867336683417085252e-01	2.030447133443992414e+00	2.031774119670615164e+00	6.099655903105889010e+00	2.027397517046575892e+00	6.079489935740739703e+00	1.010582094498486327e+01	1.909767305480576161e+00	3.028435285947324829e+01
5.123115577889446604e-01	2.030413828330535075e+00	2.031171587860874261e+00	6.098229314294360215e+00	2.022017374431080317e+00	6.061582919030263916e+00	1.005710728950228727e+01	1.821345904641181734e+00	3.012186821809058301e+01
6.378894472361807955e-01	2.030371220367195750e+00	2.030401008118992934e+00	6.096404792329059852e+00	2.015154680193460557e+00	6.038755769629137404e+00	9.995341872141640494e+00	1.714610668831587637e+00	2.992104001161107263e+01
7.634673366834170416e-01	2.030319310498180485e+00	2.029462582014773808e+00	6.094182775344900271e+00	2.006824347943028997e+00	6.011068439992242496e+00	9.920920874091240904e+00	1.593545818511001855e+00	2.968632414839537148e+01
8.890452261306531767e-01	2.030258099861936394e+00	2.028356554923369082e+00	6.091563796690117272e+00	1.997044423961814363e+00	5.978593327045245154e+00	9.834313056998146507e+00	1.462342673884197142e+00	2.942247193336482880e+01
1.014623115577889312e+00	2.030187589796374148e+00	2.027083215904722735e+00	6.088548484664801030e+00	1.985836015334893734e+00	5.941414899391187276e+00	9.736052270699753208e+00	1.325141452607455861e+00	2.913426392839918577e+01
1.140201005025125447e+00	2.030107781840598147e+00	2.025642897560684830e+00	6.085137562210281459e+00	1.973223206317512801e+00	5.899629265685903512e+00	9.626729219786883007e+00	1.185812384810052800e+00	2.882628231821191989e+01
1.265778894472361582e+00	2.030018677735551336e+00	2.024035975870448034e+00	6.081331846551184306e+00	1.959232963471750688e+00	5.853343687924309258e+00	9.506982727101400243e+00	1.047790286416465211e+00	2.850273616507110575e+01
1.391356783919597717e+00	2.029920279424261231e+00	2.022262870004581270e+00	6.077132248790895197e+00	1.943895030172257288e+00	5.802676043803877803e+00	9.377490731100904142e+00	9.139680648920412986e-01	2.816734526818882145e+01
1.516934673366834074e+00	2.029812589051909644e+00	2.020324042117861207e+00	6.072539773460926327e+00	1.927241811141897188e+00	5.747754242700861660e+00	9.238961243113436694e+00	7.866471320299003311e-01	2.782328083361679560e+01
1.642512562814070209e+00	2.029695608965813136e+00	2.018219997121096565e+00	6.067555518024625449e+00	1.909308247733349395e+00	5.688715600105115122e+00	9.092123471459522932e+00	6.675371946575483495e-01	2.747315563806707317e+01
1.768090452261306345e+00	2.029569341715359521e+00	2.015951282432132619e+00	6.062180672335683695e+00	1.890131684721463978e+00	5.625706175608065962e+00	8.937719294174835127e+00	5.577946189411555622e-01	2.711905306992869313e+01
1.893668341708542480e+00	2.029433790051908826e+00	2.013518487706252635e+00	6.056416518051906728e+00	1.869751729413061225e+00	5.558880079723957479e+00	8.776495232696747806e+00	4.580873190756557523e-01	2.676258315671949006e+01
2.019246231155778393e+00	2.029288956928674281e+00	2.010922244546186732e+00	6.050264428004764383e+00	1.848210103915663538e+00	5.488398754946467228e+00	8.609195047408261914e+00	3.686744789703090830e-01	2.640495401472032810e+01
2.144824120603014528e+00	2.029134845500587758e+00	2.008163226191977735e+00	6.043725865525259699e+00	1.825550491434175582e+00	5.414430236502035143e+00	8.436553044193869866e+00	2.894908837350978481e-01	2.604704859308300513e+01
2.270402010050250663e+00	2.028971459124148335e+00	2.005242147190949620e+00	6.036802383726678656e+00	1.801818377484701195e+00	5.337148398259214943e+00	8.259288150683921970e+00	2.202277596618092137e-01	2.568949867613142146e+01
2.395979899497486798e+00	2.028798801357257542e+00	2.002159763048044550e+00	6.029495624744842353e+00	1.777060886927506855e+00	5.256732189192911520e+00	8.078098792817968388e+00	1.604044202290405285e-01	2.533275047831756766e+01
2.521557788944722933e+00	2.028616875959047938e+00	1.998916869856823597e+00	6.021807318936510001e+00	1.751326617726689072e+00	5.173364865686815861e+00	7.893658577541429189e+00	1.094274037933153365e-01	2.497711852950063260e+01
2.647135678391959068e+00	2.028425686889694379e+00	1.995514303911411158e+00	6.013739284036582866e+00	1.724665472342536532e+00	5.087233224791025243e+00	7.706612766312135321e+00	6.663595867819817331e-02	2.462282669696158166e+01
2.772713567839195203e+00	2.028225238310215506e+00	1.991952941299714341e+00	6.005293424274849023e+00	1.697128487654120166e+00	4.998526843339396564e+00	7.517575506781368766e+00	3.133453906959328406e-02	2.427003698072925886e+01
2.898291457286431339e+00	2.028015534582269908e+00	1.988233697478229089e+00	5.996471729452989230e+00	1.668767664294627862e+00	4.907437327578014319e+00	7.327127776441137996e+00	2.814321097339782338e-03	2.391886805092460833e+01
3.023869346733667918e+00	2.027796580267934967e+00	1.984357526828784524e+00	5.987276273982619301e+00	1.639635796260684453e+00	4.814157577667821819e+00	7.135815981943284037e+00	-1.963343230117445271e-02	2.356940630464995579e+01
3.149447236180904053e+00	2.027568380129478598e+00	1.980325422197570351e+00	5.977709215885173677e+00	1.609786301629844374e+00	4.718881071106685532e+00	6.944151150845494058e+00	-3.670906350185566824e-02	2.322171247829239249e+01
3.275025125628140188e+00	2.027330939129121656e+00	1.976138414416820144e+00	5.967772795754454407e+00	1.579273055188012975e+00	4.621801168774974045e+00	6.752608648329124996e+00	-4.909843556077621296e-02	2.287582658603173513e+01
3.400603015075376323e+00	2.027084262428788364e+00	1.971797571809527749e+00	5.957469335682703537e+00	1.548150223731277197e+00	4.523110446949801577e+00	6.561628349566118956e+00	-5.746692697357311252e-02	2.253177326319464768e+01
3.526180904522612458e+00	2.026828355389847847e+00	1.967303999677587401e+00	5.946801238151081748e+00	1.516472104765011597e+00	4.423000058262185341e+00	6.371615198512349032e+00	-6.245231737825854279e-02	2.218956863737980356e+01
3.651758793969848593e+00	2.026563223572844574e+00	1.962658839773757657e+00	5.935770984885465396e+00	1.484292969277730689e+00	4.321659124193896417e+00	6.182940085633812366e+00	-6.465639177763464474e-02	2.184922883555987028e+01
3.777336683417084728e+00	2.026288872737219915e+00	1.957863269757872393e+00	5.924381135678490118e+00	1.451666909218524815e+00	4.219274161331771467e+00	5.995940980129751630e+00	-6.463596324560166861e-02	2.151077936560802684e+01
3.902914572864320863e+00	2.026005308841024366e+00	1.952918502637708054e+00	5.912634327178799332e+00	1.418647690255652405e+00	4.116028543221466052e+00	5.810924256336940985e+00	-6.289457973641980615e-02	2.117426404873517143e+01
4.028492462311556999e+00	2.025712538040615573e+00	1.947825786194955722e+00	5.900533271648468414e+00	1.385288610340458693e+00	4.012101999294201526e+00	5.628166158943757047e+00	-5.987634460716554502e-02	2.083975201985528969e+01
4.154070351758793578e+00	2.025410566690354575e+00	1.942586402396734746e+00	5.888080755689620638e+00	1.351642364545895036e+00	3.907670151982773454e+00	5.447914357195066337e+00	-5.596302810287902968e-02	2.050734157039756766e+01
4.279648241206029269e+00	2.025099401342283834e+00	1.937201666793099797e+00	5.875279638941232285e+00	1.317760916592992881e+00	3.802904092800112323e+00	5.270389544231356638e+00	-5.147504586829829143e-02	2.017716021483277800e+01
4.405226130653265848e+00	2.024779048745799059e+00	1.931672927901007641e+00	5.862132852747169665e+00	1.283695377422257033e+00	3.697969997827731614e+00	5.095787043898167390e+00	-4.667607379946973195e-02	1.984936117474266126e+01
4.530804020100501539e+00	2.024449515847313474e+00	1.926001566575208823e+00	5.848643398796518511e+00	1.249495891110594448e+00	3.593028782754661421e+00	4.924278393624254235e+00	-4.178025547715964738e-02	1.952411729323138800e+01
4.656381909547738118e+00	2.024110809789909204e+00	1.920188995366544304e+00	5.834814347737265372e+00	1.215211528378509209e+00	3.488235797321484366e+00	4.756012878160147395e+00	-3.696035619603332129e-02	1.920161400055782508e+01
4.781959798994973809e+00	2.023762937912979343e+00	1.914236657868126024e+00	5.820648837764414552e+00	1.180890187877375652e+00	3.383740558760290895e+00	4.591118994977104073e+00	-3.235500840614264489e-02	1.888204316675414773e+01
4.907537688442210388e+00	2.023405907751860688e+00	1.908146028049899634e+00	5.806150073183640181e+00	1.146578505392975345e+00	3.279686523580248814e+00	4.429705837854618800e+00	-2.807347087668107810e-02	1.856559940493656313e+01
5.033115577889446079e+00	2.023039727037459823e+00	1.901918609582075481e+00	5.791321322951575645e+00	1.112321771049583186e+00	3.176210896830626407e+00	4.271864390554600099e+00	-2.419705735189241896e-02	1.825247966065402849e+01
5.158693467336682659e+00	2.022664403695862312e+00	1.895555935147936522e+00	5.776165919193865683e+00	1.078163854548981115e+00	3.073444477778360273e+00	4.117668727423271946e+00	-2.077741988741800203e-02	1.794288589790085808e+01
5.284271356783918350e+00	2.022279945847941462e+00	1.889059565746525005e+00	5.760687255702099385e+00	1.044147138431201771e+00	2.971511540765459536e+00	3.967177122211545282e+00	-1.783293758855178032e-02	1.763702963111622068e+01
5.409849246231154929e+00	2.021886361808951094e+00	1.882431089985721284e+00	5.744888786410762727e+00	1.010312459298748022e+00	2.870529749862010149e+00	3.820433070290863320e+00	-1.534526203294082208e-02	1.733513625562411420e+01
5.535427135678390620e+00	2.021483660088109424e+00	1.875672123366223687e+00	5.728774023855362607e+00	9.766990569037761194e-01	2.770610105802667977e+00	3.677466232688658465e+00	-1.325834122364019131e-02	1.703744686148115761e+01
5.661005025125627199e+00	2.021071849388177633e+00	1.868784307556950575e+00	5.712346537612840613e+00	9.433445309583546878e-01	2.671856923587232480e+00	3.538293312896652498e+00	-1.148183686050896490e-02	1.674421562513969874e+01
5.786582914572862890e+00	2.020650938605024205e+00	1.861769309662381744e+00	5.695609952725464886e+00	9.102848054916387044e-01	2.574367839038294026e+00	3.402918879143729480e+00	-9.899799897958614509e-03	1.645570192476857230e+01
5.912160804020099469e+00	2.020220936827183067e+00	1.854628821482358747e+00	5.678567948109320973e+00	8.775541005446430010e-01	2.478233842539776521e+00	3.271336145717883781e+00	-8.384017817326599314e-03	1.617215777740383942e+01
6.037738693467336049e+00	2.019781853335400612e+00	1.847364558764869491e+00	5.661224254948576728e+00	8.451849109633888801e-01	2.383539338128383811e+00	3.143527726946518719e+00	-6.810000936906213283e-03	1.589381264215023393e+01
6.163316582914571740e+00	2.019333697602175626e+00	1.839978260452340919e+00	5.643582655076666121e+00	8.132079920245188775e-01	2.290362226074223351e+00	3.019466376622186310e+00	-5.072597937213057032e-03	1.562085860991489916e+01
6.288894472361808319e+00	2.018876479291284998e+00	1.832471687921956471e+00	5.625646979345551912e+00	7.816523516040577713e-01	2.198774007066130576e+00	2.899115724064523558e+00	-3.098086329414984769e-03	1.535343914296409018e+01
6.414472361809044010e+00	2.018410208257308103e+00	1.824846624220533453e+00	5.607421105984214726e+00	7.505452485797963202e-01	2.108839906110131945e+00	2.782431015761365867e+00	-8.503866582699897998e-04	1.509164372225508188e+01
6.540050251256280589e+00	2.017934894545134306e+00	1.817104873294469680e+00	5.588908958947517824e+00	7.199121971407539400e-01	2.020619014255069068e+00	2.669359868798792501e+00	1.669409876791441922e-03	1.483550921685853119e+01
6.665628140703516280e+00	2.017450548389466469e+00	1.809248259215294086e+00	5.570114506256594211e+00	6.897769766632627642e-01	1.934164446276476879e+00	2.559843039264676712e+00	4.429220143280400770e-03	1.458502699620904863e+01
6.791206030150752859e+00	2.016957180214312473e+00	1.801278625401329769e+00	5.551041758331890286e+00	6.601616468023039364e-01	1.849523512477305509e+00	2.453815205696768142e+00	7.375433733469145478e-03	1.434015336265738050e+01
6.916783919597988550e+00	2.016454800632470068e+00	1.793197833835993737e+00	5.531694766320000234e+00	6.310865674387361457e-01	1.766737902801082560e+00	2.351205764639488827e+00	1.044263817864336114e-02	1.410082027384641457e+01
7.042361809045225129e+00	2.015943420445000189e+00	1.785007764283246257e+00	5.512077620415412937e+00	6.025704231178287129e-01	1.685843881498586994e+00	2.251939632645146627e+00	1.356098831783997261e-02	1.386694373072306163e+01
7.167939698492460820e+00	2.015423050640692715e+00	1.776710313500700078e+00	5.492194448178283395e+00	5.746302516119511372e-01	1.606872490642240692e+00	2.155938046744359404e+00	1.665983153125118882e-02	1.363842843284947826e+01
7.293517587939697400e+00	2.014893702395525121e+00	1.768307394450898906e+00	5.472049412849337102e+00	5.472814762401888578e-01	1.529849760842286077e+00	2.063119353620541663e+00	1.966776626434366820e-02	1.341516886666312125e+01
7.419095477386933091e+00	2.014355387072107373e+00	1.759800935511266928e+00	5.451646711662996303e+00	5.205379415799443743e-01	1.454796927584730559e+00	1.973399776524625393e+00	2.251064567956861939e-02	1.319704832561523844e+01
7.544673366834169670e+00	2.013808116219124145e+00	1.751192879683233006e+00	5.430990574159809015e+00	4.944119522100297037e-01	1.381730651682080868e+00	1.886694148400450022e+00	2.510970469123544740e-02	1.298393802704596034e+01
7.670251256281405361e+00	2.013251901570763280e+00	1.742485183801014026e+00	5.410085260499252868e+00	4.689143141312540619e-01	1.310663242403524942e+00	1.802916599777361961e+00	2.738182853828743588e-02	1.277569833072145755e+01
7.795829145728641940e+00	2.012686755046137588e+00	1.733679817740560347e+00	5.388935059773959146e+00	4.440543785188288961e-01	1.241602881930587765e+00	1.721981190722721378e+00	2.924313584995076945e-02	1.257218321958274565e+01
7.921407035175877631e+00	2.012112688748699529e+00	1.724778763629128520e+00	5.367544288326403290e+00	4.198400874709399266e-01	1.174553849866881272e+00	1.643802477511018045e+00	3.061586813213768021e-02	1.237324802368520871e+01
8.046984924623114210e+00	2.011529714965642590e+00	1.715784015055973999e+00	5.345917288069079731e+00	3.962780214293481484e-01	1.109516746615659244e+00	1.568296006610996329e+00	3.143746755925704017e-02	1.217875926030595757e+01
8.172562814070349901e+00	2.010937846167300869e+00	1.706697576284623930e+00	5.324058424809170909e+00	3.733734479607541124e-01	1.046488714525964037e+00	1.495378731040969189e+00	3.167000906729091486e-02	1.198860474985607283e+01
8.298140703517587369e+00	2.010337095006534902e+00	1.697521461467193182e+00	5.301972086578695453e+00	3.511303716016823118e-01	9.854636557965673616e-01	1.424969346984262586e+00	3.130798639139998479e-02	1.180270200382633661e+01
8.423718592964823060e+00	2.009727474318108609e+00	1.688257693861203723e+00	5.279662681971102778e+00	3.295515844846884090e-01	9.264324462162251139e-01	1.356988551645423646e+00	3.038280961980176220e-02	1.162100324211655433e+01
8.549296482412058751e+00	2.009108997118064455e+00	1.678908305049352068e+00	5.257134638485281286e+00	3.086387174795558463e-01	8.693831439083484769e-01	1.291359226485585543e+00	2.896309176156057139e-02	1.144349612028774921e+01
8.674874371859294442e+00	2.008481676603080857e+00	1.669475334162660696e+00	5.234392400877891482e+00	2.883922915997214065e-01	8.143011923377235783e-01	1.228006553002887191e+00	2.715065574616222152e-02	1.127020010433012587e+01
8.800452261306531909e+00	2.007845526149830473e+00	1.659960827107454406e+00	5.211440429524945905e+00	2.688117694412372471e-01	7.611696169257395894e-01	1.166858070913389556e+00	2.507295900719976045e-02	1.110115919906979798e+01
8.926030150753767600e+00	2.007200559314322064e+00	1.650366835796571729e+00	5.188283198793536499e+00	2.498956064390538134e-01	7.099692147084819549e-01	1.107843690741886933e+00	2.287314786438361669e-02	1.093643225365823746e+01
9.051608040201003291e+00	2.006546789831241462e+00	1.640695417385235944e+00	5.164925195424554971e+00	2.316413017430935528e-01	6.606787365584393390e-01	1.050895674279230807e+00	2.069914404003211222e-02	1.077608225926182861e+01
9.177185929648238982e+00	2.005884231613279667e+00	1.630948633511982049e+00	5.141370916927269441e+00	2.140454485343930846e-01	6.132750615752269319e-01	9.959485969754281465e-01	1.869304739670749754e-02	1.062016593653428487e+01
9.302763819095476450e+00	2.005212898750454276e+00	1.621128549545040487e+00	5.117624869986593161e+00	1.971037836193422488e-01	5.677333633331618223e-01	9.429393060423267858e-01	1.698180033600487499e-02	1.046872457161292225e+01
9.428341708542712141e+00	2.004532805509422033e+00	1.611237233834559079e+00	5.093691568883821574e+00	1.808112361576607596e-01	5.240272677535139367e-01	8.918068868243325120e-01	1.566962564764675520e-02	1.032177662461095480e+01
9.553919597989947832e+00	2.003843966332787829e+00	1.601276756971038440e+00	5.069575533931624634e+00	1.651619753970821614e-01	4.821290024464005008e-01	8.424926479113329369e-01	1.483234575247654140e-02	1.017931222874274155e+01
9.679497487437183523e+00	2.003146395838398153e+00	1.591249191050349232e+00	5.045281289924072432e+00	1.501494573046676939e-01	4.420095374413594014e-01	7.949401326258815903e-01	1.451341054262732418e-02	1.004128941472735548e+01
9.805075376884420990e+00	2.002440108818633657e+00	1.581156608945683884e+00	5.020813364602389584e+00	1.357664700011340653e-01	4.036387172962671577e-01	7.490951610807627947e-01	1.472134877142783002e-02	9.907631779516298920e+00
9.930653266331656681e+00	2.001725120239690625e+00	1.571001083586786029e+00	4.996176287137172878e+00	1.220051779204704839e-01	3.669853846412542420e-01	7.049059031814584042e-01	1.542841059507998880e-02	9.778227367301912665e+00
1.005623115577889237e+01	2.001001445240855325e+00	1.560784687246792979e+00	4.971374586627731240e+00	1.088571646323404224e-01	3.320174952772899646e-01	6.623229789818964042e-01	1.657034337159659851e-02	9.652928701378501231e+00
1.018180904522612984e+01	2.000269099133771267e+00	1.550509490837016724e+00	4.946412790619234556e+00	9.631347427925365801e-02	2.987022250079516827e-01	6.212995789537869573e-01	1.804747078525012136e-02	9.531554129616266025e+00
1.030738693467336553e+01	1.999528097401697790e+00	1.540177563209969458e+00	4.921295423638270883e+00	8.436465159416670079e-02	2.670060684372482229e-01	5.817915932707525828e-01	1.972744843279153684e-02	9.413890845984896671e+00
1.043296482412060122e+01	1.998778455698762002e+00	1.529790970470940703e+00	4.896027005747437322e+00	7.300078047697136641e-02	2.368949300160446414e-01	5.437577364038506111e-01	2.145017492683439289e-02	9.299700053740838968e+00
1.055854271356783691e+01	1.998020189849204264e+00	1.519351775298411811e+00	4.870612051119552532e+00	6.221152112022884650e-02	2.083342076644020269e-01	5.071596514192282523e-01	2.303529591218057490e-02	9.188724692383207326e+00
1.068412060301507438e+01	1.997253315846613475e+00	1.508862036273590501e+00	4.845055066632022900e+00	5.198614568542028053e-02	1.812888693367374904e-01	4.719619775673573048e-01	2.429253236701168356e-02	9.080699943708754773e+00
1.080969849246231007e+01	1.996477849853158126e+00	1.498323807219329673e+00	4.819360550481918359e+00	4.231357254092123904e-02	1.557235229310154900e-01	4.381323652058518037e-01	2.503471443705057586e-02	8.975366382669246690e+00
1.093527638190954576e+01	1.995693808198807373e+00	1.487739136548688057e+00	4.793532990822244599e+00	3.318239908181465359e-02	1.316024799719595906e-01	4.056414238784312731e-01	2.509295858425088233e-02	8.872485197086197317e+00
1.106085427135678145e+01	1.994901207380547659e+00	1.477110066623378293e+00	4.767576864419904581e+00	2.458093315953588376e-02	1.088898135214590029e-01	3.744625924640027637e-01	2.433295717368892663e-02	8.771854434742516915e+00
1.118643216080401892e+01	1.994100064061590460e+00	1.466438633122336466e+00	4.741496635335791687e+00	1.649722315617937335e-02	8.754941078678470101e-02	3.445719245913484441e-01	2.267092791259136056e-02	8.673324818966621663e+00
1.131201005025125461e+01	1.993290395070572929e+00	1.455726864420633149e+00	4.715296753627453263e+00	8.919086744099320035e-03	6.754502090893325927e-02	3.159477877570365800e-01	2.008746290875586607e-02	8.576813371437483013e+00
1.143758793969849030e+01	1.992472217400751866e+00	1.444976780978938669e+00	4.688981654074720673e+00	1.834138376212617614e-03	4.884029841934239835e-02	2.885704804527389200e-01	1.663738152443956439e-02	8.482312951227145348e+00
1.156316582914572599e+01	1.991645548209191707e+00	1.434190394743743546e+00	4.662555754928689566e+00	-4.770184443809455561e-03	3.139884285348178150e-02	2.624217776797466706e-01	1.245377459786497186e-02	8.389895908568909988e+00
1.168874371859296346e+01	1.990810404815945178e+00	1.423369708558519076e+00	4.636023456684397637e+00	-1.090659605947783169e-02	1.518423500448211859e-02	2.374844210174328341e-01	7.744762909215635593e-03	8.299710392930514047e+00
1.181432160804019915e+01	1.989966804703225733e+00	1.412516715585997895e+00	4.609389140877541813e+00	-1.658793867369742422e-02	1.600702892856986713e-04	2.137415744093769387e-01	2.782093311507720032e-03	8.211968460503239697e+00
1.193989949748743484e+01	1.989114765514574446e+00	1.401633398741739533e+00	4.582657168905511114e+00	-2.182715942043357213e-02	-1.371001031603867430e-02	1.911762705491610592e-01	-2.118452862173605348e-03	8.126925981112339770e+00
1.206547738693467231e+01	1.988254305054022009e+00	1.390721730139136136e+00	4.555831880873055795e+00	-2.663728844087253494e-02	-2.646229133578040932e-02	1.697708747749836489e-01	-6.623815629614362294e-03	8.044855395434929335e+00
1.219105527638190800e+01	1.987385441285240972e+00	1.379783670546002483e+00	4.528917594462808616e+00	-3.103141790977041042e-02	-3.813295543790502784e-02	1.495065934294088628e-01	-1.041540851178222871e-02	7.966013517864003468e+00
1.231663316582914369e+01	1.986508192330692868e+00	1.368821168852880410e+00	4.501918603830912247e+00	-3.502268195904553044e-02	-4.875805727926778299e-02	1.303630515850134064e-01	-1.322261685164620448e-02	7.890607660509539656e+00
1.244221105527637938e+01	1.985622576470770007e+00	1.357836161553185983e+00	4.474839178527960648e+00	-3.862423744768430506e-02	-5.837349820332816963e-02	1.123179609495732756e-01	-1.485397922980256739e-02	7.818764162620674973e+00
1.256778894472361685e+01	1.984728612142929283e+00	1.346830572235302226e+00	4.447683562445431171e+00	-4.184924552962052818e-02	-6.701500147650328587e-02	9.534689291937496758e-02	-1.522167336645201610e-02	7.750503719370462008e+00
1.269336683417085254e+01	1.983826317940819761e+00	1.335806311086727316e+00	4.420455972787775245e+00	-4.471085397433278291e-02	-7.471808778722653643e-02	7.942316460804646483e-02	-1.435530395703999741e-02	7.685727520704769944e+00
1.281894472361808823e+01	1.982915712613406489e+00	1.324765274410360183e+00	4.393160599070306205e+00	-4.722218019840941639e-02	-8.151805077156056012e-02	6.451783785281077488e-02	-1.240214558892258415e-02	7.624217047387991109e+00
1.294452261306532392e+01	1.981996815064084316e+00	1.313709344153008551e+00	4.365801602143008608e+00	-4.939629497017367782e-02	-8.744993237023969412e-02	5.059982339372683102e-02	-9.612845170851791118e-03	7.565648512242562518e+00
1.307010050251256139e+01	1.981069644349788827e+00	1.302640387446190262e+00	4.338383113240353417e+00	-5.124620675355739952e-02	-9.254849786369498399e-02	3.763607535581818542e-02	-6.313852313774809093e-03	7.509620663461124224e+00
1.319567839195979708e+01	1.980134219680100172e+00	1.291560256159280717e+00	4.310909233057209633e+00	-5.278484666168111600e-02	-9.684821047335494260e-02	2.559185549933492773e-02	-2.870079829350652163e-03	7.455692427431538150e+00
1.332125628140703277e+01	1.979190560416340228e+00	1.280470786465066624e+00	4.283384030850893254e+00	-5.402505399496296962e-02	-1.003832054587809330e-01	1.443104296374369579e-02	3.569968019849331566e-04	7.403425158044284693e+00
1.344683417085426846e+01	1.978238686070664443e+00	1.269373798417735344e+00	4.255811543569399724e+00	-5.497956234295361261e-02	-1.031872636804030269e-01	4.116463743654804296e-03	3.049818612207176160e-03	7.352423484390304687e+00
1.357241206030150593e+01	1.977278616305150116e+00	1.258271095543341156e+00	4.228195775005826995e+00	-5.566098623340656748e-02	-1.052937846363077579e-01	-5.389785007466518958e-03	4.968164350752377403e-03	7.302369095327890136e+00
1.369798994974874162e+01	1.976310370930874249e+00	1.247164464442762410e+00	4.200540694978993628e+00	-5.608180831627576635e-02	-1.067357590182088645e-01	-1.412603769789306206e-02	5.971246921672288335e-03	7.253043172241924630e+00
1.382356783919597731e+01	1.975333969906990061e+00	1.236055674407164462e+00	4.172850238540212864e+00	-5.625436707430489514e-02	-1.075457408659764441e-01	-2.213080702167389072e-02	6.026268432291105245e-03	7.204335236324702407e+00
1.394914572864321300e+01	1.974349433339796178e+00	1.224946477045973259e+00	4.145128305206204011e+00	-5.619084505558563647e-02	-1.077558194315506590e-01	-2.944258552071554041e-02	5.203468166957014342e-03	7.156238433751078709e+00
1.407472361809045047e+01	1.973356781481801159e+00	1.213838605927354264e+00	4.117378758218064760e+00	-5.590325762685011829e-02	-1.073975908913778199e-01	-3.609970606152210215e-02	3.659679588919071812e-03	7.108833270636388590e+00
1.420030150753768616e+01	1.972356034730780250e+00	1.202733776231178942e+00	4.089605423826228936e+00	-5.540344224928033662e-02	-1.065021300714018571e-01	-4.214025862174329562e-02	1.613787357140760749e-03	7.062263191202904800e+00
1.432587939698492185e+01	1.971347213628830364e+00	1.191633684414463934e+00	4.061812090601332415e+00	-5.470304828121703294e-02	-1.050999623698834623e-01	-4.760205482170180857e-02	-6.819013600458480101e-04	7.016706021811778271e+00
1.445145728643215932e+01	1.970330338861417729e+00	1.180540007889247622e+00	4.034002508770855755e+00	-5.381352731430057851e-02	-1.032210360807195582e-01	-5.252262693085163470e-02	-2.970444979644862663e-03	6.972345220216004336e+00
1.457703517587939501e+01	1.969305431256419769e+00	1.169454404712866991e+00	4.006180389581438739e+00	-5.274612405124743525e-02	-1.008946953333329788e-01	-5.693924500121331361e-02	-5.015919723617466922e-03	6.929344241441314445e+00
1.470261306532663070e+01	1.968272511783164536e+00	1.158378513290593270e+00	3.978349404686713164e+00	-5.151186773463536234e-02	-9.814965387451264622e-02	-6.088893451445637900e-02	-6.623592205015324356e-03	6.887826381431850997e+00
1.482819095477386639e+01	1.967231601551461484e+00	1.147313952090567080e+00	3.950513185560505569e+00	-5.012156413673254235e-02	-9.501396992272669040e-02	-6.440847747102051990e-02	-7.653326379714531745e-03	6.847861401292339778e+00
1.495376884422110386e+01	1.966182721810630918e+00	1.136262319370979990e+00	3.922675322935242015e+00	-4.858578812055048407e-02	-9.151502232639692480e-02	-6.753438202052372552e-02	-8.025934158430458182e-03	6.809459237490951722e+00
1.507934673366833955e+01	1.965125893948526103e+00	1.125225192919432793e+00	3.894839366265373304e+00	-4.691487678193950739e-02	-8.767948825442425931e-02	-7.030280921692927398e-02	-7.723001152677186169e-03	6.772570277727362864e+00
1.520492462311557524e+01	1.964061139490552055e+00	1.114204129804393206e+00	3.867008823215618563e+00	-4.511892318168506111e-02	-8.353332263995480456e-02	-7.274944987143022734e-02	-6.781311291590702041e-03	6.737091085525903189e+00
1.533050251256281094e+01	1.962988480098678101e+00	1.103200666138681063e+00	3.839187159173831798e+00	-4.320777067523305648e-02	-7.910173958708137387e-02	-7.490934931971066080e-02	-5.283341926818935393e-03	6.702874103902347613e+00
1.545608040201004840e+01	1.961907937570447347e+00	1.092216316854887959e+00	3.811377796788262273e+00	-4.119100784589138642e-02	-7.440919593502801077e-02	-7.681668277155022373e-02	-3.345419802587769331e-03	6.669739744858540043e+00
1.558165829145728409e+01	1.960819533837981021e+00	1.081252575492642976e+00	3.783584115528985325e+00	-3.907796404516864636e-02	-6.947937715556044835e-02	-7.850448836796064533e-02	-1.105052074009362905e-03	6.637489343216909532e+00
1.570723618090451978e+01	1.959723290966978615e+00	1.070310913997623903e+00	3.755809451273258492e+00	-3.687770554135627599e-02	-6.433518573713983835e-02	-8.000436880763336922e-02	1.291279612569242287e-03	6.605917675764299446e+00
1.583281407035175548e+01	1.958619231155712459e+00	1.059392782532214472e+00	3.728057095914554253e+00	-3.459903227458990815e-02	-5.899873218398751784e-02	-8.134617518756985521e-02	3.698899486739382590e-03	6.574824069443073071e+00
1.595839195979899294e+01	1.957507376734019866e+00	1.048499609297694368e+00	3.700330296995003820e+00	-3.225047521348935881e-02	-5.349132873006143957e-02	-8.255768840014611476e-02	5.983701503211213274e-03	6.544021492186232969e+00
1.608396984924623041e+01	1.956387750162289052e+00	1.037632800367852104e+00	3.672632257360993524e+00	-2.984029430514053768e-02	-4.783348583737564996e-02	-8.366431400568333232e-02	8.028669642833849082e-03	6.513343383385769236e+00
1.620954773869346610e+01	1.955260374030443060e+00	1.026793739533898853e+00	3.644966134841618910e+00	-2.737647700670274922e-02	-4.204491151552314232e-02	-8.468880600720159191e-02	9.738234487470614348e-03	6.482648288364003974e+00
1.633512562814070179e+01	1.954125271056917690e+00	1.015983788160564227e+00	3.617335041949721663e+00	-2.486673738337126169e-02	-3.614451346516373703e-02	-8.565103351357293560e-02	1.104075728103530961e-02	6.451822574086131468e+00
1.646070351758793748e+01	1.952982464087636316e+00	1.005204285053241664e+00	3.589742045605212262e+00	-2.231851575386305242e-02	-3.015040401312179402e-02	-8.656780206066312655e-02	1.188952915953508764e-02	6.420781602077977546e+00
1.658628140703517673e+01	1.951831976094981380e+00	9.944565463360560686e-01	3.562190166880373265e+00	-1.973897886109564695e-02	-2.407990777114312961e-02	-8.745273857074951918e-02	1.226265907091098235e-02	6.389469723179334260e+00
1.671185929648241242e+01	1.950673830176760104e+00	9.837418653407173919e-01	3.534682380766844823e+00	-1.713502054235683039e-02	-1.794957191483772391e-02	-8.831624578564677142e-02	1.216212602298612742e-02	6.357859364064466057e+00
1.683743718592964811e+01	1.949508049555169320e+00	9.730615125060159132e-01	3.507221615963957539e+00	-1.451326287008999211e-02	-1.177517894448443410e-02	-8.916552872417782272e-02	1.161213223003437593e-02	6.325949339716425257e+00
1.696301507537688380e+01	1.948334657575754081e+00	9.624167352878253423e-01	3.479810754688121399e+00	-1.188005773150965262e-02	-5.571761755767045896e-03	-9.000469249144937844e-02	1.065676153462255353e-02	6.293762397107597550e+00
1.708859296482411949e+01	1.947153677706362496e+00	9.518087580794607483e-01	3.452452632502918117e+00	-9.241488812668492356e-03	6.463791832622633148e-04	-9.083490778397862453e-02	9.356865662306305953e-03	6.261341916537662478e+00
1.721417085427135518e+01	1.945965133536101677e+00	9.412387821422442125e-01	3.425150038169588740e+00	-6.603373950391172933e-03	6.865656782042990625e-03	-9.165463783870056447e-02	7.786099756753339131e-03	6.228747698597640436e+00
1.733974874371859087e+01	1.944769048774283249e+00	9.307079855461286577e-01	3.397905713517564763e+00	-3.971267813706816883e-03	1.307317666365525807e-02	-9.245991847750101300e-02	6.026118403177981031e-03	6.196050856613601887e+00
1.746532663316582656e+01	1.943565447249370193e+00	9.202175231202216477e-01	3.370722353334717702e+00	-1.350464875109652499e-03	1.925671516963300967e-02	-9.324468137607266893e-02	4.161109240660086118e-03	6.163328001863421335e+00
1.759090452261306581e+01	1.942354352907920134e+00	9.097685264130553895e-01	3.343602605276978945e+00	1.253997368816967169e-03	2.540469633480979886e-02	-9.400110977045605942e-02	2.272043424705801409e-03	6.130655111955831238e+00
1.771648241206030150e+01	1.941135789813523971e+00	8.993621036624428466e-01	3.316549069796983940e+00	3.837334968126940565e-03	3.150616814817270434e-02	-9.472001550125400127e-02	4.312023788722424943e-04	6.098101653266868816e+00
1.784206030150753719e+01	1.939909782145741168e+00	8.889993397747563142e-01	3.289564300091396554e+00	6.395013921993936666e-03	3.755077842561496682e-02	-9.539122654170235915e-02	-1.302364176061870027e-03	6.065725623641738729e+00
1.796763819095477288e+01	1.938676354199034391e+00	8.786812963134696952e-01	3.262650802066565880e+00	8.922746452468455561e-03	4.352875062537675532e-02	-9.600397488695325277e-02	-2.885831907087733211e-03	6.033570142862874519e+00
1.809321608040200857e+01	1.937435530381698801e+00	8.684090114967976115e-01	3.235811034322155777e+00	1.141648718757379104e-02	4.943085993667735434e-02	-9.654727579817466709e-02	-4.293620078539204382e-03	6.001662027448189107e+00
1.821879396984924426e+01	1.936187335214788252e+00	8.581835002042632610e-01	3.209047408152404746e+00	1.387242928977847067e-02	5.524840996641696561e-02	-9.701029078017736618e-02	-5.516326268136031823e-03	5.970012465779337418e+00
1.834437185929647995e+01	1.934931793331042149e+00	8.480057539920311527e-01	3.182362287564649339e+00	1.628700056331581006e-02	6.097321033784627170e-02	-9.738266820282279190e-02	-6.557854758971720655e-03	5.938619522827091046e+00
1.846994974874371920e+01	1.933668929473805642e+00	8.378767411168327461e-01	3.155757989314768697e+00	1.865685957073100892e-02	6.659755549879491088e-02	-9.765485703603747625e-02	-7.431374072119214386e-03	5.907471843866776595e+00
1.859552763819095489e+01	1.932398768495948937e+00	8.277974065683180172e-01	3.129236782959183838e+00	2.097889178547146516e-02	7.211420501557642970e-02	-9.781839065065139893e-02	-8.154969738234593007e-03	5.876552694435611457e+00
1.872110552763819058e+01	1.931121335358784163e+00	8.177686721096595335e-01	3.102800890923061328e+00	2.325020580333666750e-02	7.751636560224038630e-02	-9.786613895749719794e-02	-8.747881604528225108e-03	5.845843449235056610e+00
1.884668341708542627e+01	1.929836655130978684e+00	8.077914363262398423e-01	3.076452488584362044e+00	2.546812963123222875e-02	8.279767510375456163e-02	-9.779252825443988939e-02	-9.228001410973123153e-03	5.815325855111153963e+00
1.897226130653266196e+01	1.928544752987468192e+00	7.978665746822497518e-01	3.050193704373384218e+00	2.763020706699172158e-02	8.795218861634647445e-02	-9.759372898949397745e-02	-9.610897331915104966e-03	5.784982801405030628e+00
1.909783919597989765e+01	1.927245654208365577e+00	7.879949395850266436e-01	3.024026619887441036e+00	2.973419417911035353e-02	9.297436688908231051e-02	-9.726781221523678189e-02	-9.910139572395658750e-03	5.754797822961393194e+00
1.922341708542713334e+01	1.925939384177867142e+00	7.781773604569567349e-01	2.997953270020316197e+00	3.177805589015661458e-02	9.785906710834603450e-02	-9.681487581173765788e-02	-1.013828064560112763e-02	5.724753981196303521e+00
1.934899497487436903e+01	1.924625968383159025e+00	7.684146438147729796e-01	2.971975643106155474e+00	3.375996266247641847e-02	1.026015361218224620e-01	-9.623714161313948190e-02	-1.030764479937085198e-02	5.694832967675877100e+00
1.947457286432160828e+01	1.923305432413319638e+00	7.587075733560736390e-01	2.946095681077427919e+00	3.567828727965931257e-02	1.071974061115138072e-01	-9.553902441803090173e-02	-1.043018767685005392e-02	5.665015168143113122e+00
1.960015075376884397e+01	1.921977801958219878e+00	7.490569100528914337e-01	2.920315279636619632e+00	3.753160171219535601e-02	1.116426926769786415e-01	-9.472717353422385744e-02	-1.051607781882883154e-02	5.635281034683851331e+00
1.972572864321607966e+01	1.920643102807424230e+00	7.394633922521348657e-01	2.894636288441301719e+00	3.931867405090231499e-02	1.159337952411172712e-01	-9.381048704862493537e-02	-1.057119485549593181e-02	5.605613570888759334e+00
1.985130653266331535e+01	1.919301360849084759e+00	7.299277357827410606e-01	2.869060511302230498e+00	4.103846548712359460e-02	1.200674996422005786e-01	-9.280009847195198891e-02	-1.059423794863628351e-02	5.576001236642792236e+00
1.997688442211055104e+01	1.917952602068840662e+00	7.204506340693577204e-01	2.843589706394142436e+00	4.269012731450026743e-02	1.240409827283337069e-01	-9.170933484062214480e-02	-1.057440424718220084e-02	5.546440313487369878e+00
2.010246231155778673e+01	1.916596852548708041e+00	7.110327582523902068e-01	2.818225586478883216e+00	4.427299792335646911e-02	1.278518187248955662e-01	-9.055364482338577881e-02	-1.049052772368662227e-02	5.516935841381161332e+00
2.022804020100502242e+01	1.915234138465975233e+00	7.016747573142412264e-01	2.792969819140555643e+00	4.578659975551142847e-02	1.314979871026171754e-01	-8.935049493965545320e-02	-1.031218719840883841e-02	5.487500619640837130e+00
2.035361809045226167e+01	1.913864486092091255e+00	6.923772582115745866e-01	2.767824027032330214e+00	4.723063618469713898e-02	1.349778816346123844e-01	-8.811923171025279333e-02	-1.000273709946284013e-02	5.458152320345590169e+00
2.047919597989949736e+01	1.912487921791556911e+00	6.831408660134354882e-01	2.742789788134597284e+00	4.860498828578728447e-02	1.382903202956824729e-01	-8.688090748324103774e-02	-9.523680780077922042e-03	5.428909296257740991e+00
2.060477386934673305e+01	1.911104472020811240e+00	6.739661640450573810e-01	2.717868636024120654e+00	4.990971145477836324e-02	1.414345556273214899e-01	-8.565806784931477569e-02	-8.839468778810047334e-03	5.399786002543963015e+00
2.073035175879396874e+01	1.909714163327119074e+00	6.648537140371920673e-01	2.693062060153870618e+00	5.114503184095513938e-02	1.444102851677807053e-01	-8.447449900736589412e-02	-7.921755588899150741e-03	5.370788999930651286e+00
2.085592964824120443e+01	1.908317022347455927e+00	6.558040562807967433e-01	2.668371506143216276e+00	5.231134255293862223e-02	1.472176615289167989e-01	-8.335493416536479683e-02	-6.752374966682297801e-03	5.341914279721277303e+00
2.098150753768844012e+01	1.906913075807392222e+00	6.468177097869125536e-01	2.643798376078143608e+00	5.340919960138217765e-02	1.498573016909473532e-01	-8.232471904717399147e-02	-5.324695518355430576e-03	5.313146248399249316e+00
2.110708542713567581e+01	1.905502350519976851e+00	6.378951724515734556e-01	2.619344028821190218e+00	5.443931754294505099e-02	1.523302950831103009e-01	-8.140943778550015220e-02	-3.643455001542417106e-03	5.284458271631752524e+00
2.123266331658291151e+01	1.904084873384619625e+00	6.290369212255851883e-01	2.595009780330784999e+00	5.540256479281903401e-02	1.546382100229201917e-01	-8.063450186277676401e-02	-1.723514459713561698e-03	5.255814333434238428e+00
2.135824120603015075e+01	1.902660671385972169e+00	6.202434122890095880e-01	2.570796903989672533e+00	5.629995857649400942e-02	1.567830980994917023e-01	-8.002470625342344990e-02	4.118584451289412202e-04	5.227171196532345299e+00
2.148381909547738644e+01	1.901229771592809037e+00	6.115150812302023731e-01	2.546706630942126459e+00	5.713265949557548573e-02	1.587674961073306801e-01	-7.960375845702341580e-02	2.732591334055997200e-03	5.198480472245076811e+00
2.160939698492462213e+01	1.899792201156906390e+00	6.028523432292391959e-01	2.522740150439635620e+00	5.790196568725108905e-02	1.605944251660118838e-01	-7.939378762812196455e-02	5.202886648651020365e-03	5.169690184699573976e+00
2.173497487437185782e+01	1.898347987311922447e+00	5.942555932455829693e-01	2.498898610194779213e+00	5.860930656239148745e-02	1.622673866981025892e-01	-7.941484244497989953e-02	7.781630916545007742e-03	5.140745672484343665e+00
2.186055276381909351e+01	1.896897157372275933e+00	5.857252062098307066e-01	2.475183116742976086e+00	5.925623611316385014e-02	1.637903549821233262e-01	-7.968438766387798966e-02	1.042224547357764076e-02	5.111589929230070162e+00
2.198613065326632920e+01	1.895439738732023205e+00	5.772615372193935501e-01	2.451594735811841286e+00	5.984442578735302276e-02	1.651677660487622379e-01	-8.021681043117334653e-02	1.307228121110481228e-02	5.082163674379304830e+00
2.211170854271356490e+01	1.893975758863736925e+00	5.688649217379544432e-01	2.428134492697831437e+00	6.037565693322296395e-02	1.664045027462601190e-01	-8.102294833178265432e-02	1.567314139388469030e-02	5.052405526041107819e+00
2.223728643216080414e+01	1.892505245317382512e+00	5.605356757985575644e-01	2.404803372649922721e+00	6.085181282558992100e-02	1.675058758639824952e-01	-8.210965180391339990e-02	1.816028226532914042e-02	5.022252612916851433e+00
2.236286432160803983e+01	1.891028225719196154e+00	5.522740962101815310e-01	2.381602321260025246e+00	6.127487029071490565e-02	1.684776012706915294e-01	-8.347939391265103704e-02	2.046411537501040961e-02	4.991641836213167593e+00
2.248844221105527552e+01	1.889544727770560373e+00	5.440804607676485993e-01	2.358532244859859350e+00	6.164689095452315776e-02	1.693257730947560769e-01	-8.512994051913552740e-02	2.251166273197249129e-02	4.960511819660184507e+00
2.261402010050251121e+01	1.888054779246881809e+00	5.359550284647299767e-01	2.335594010924026520e+00	6.197001214540458908e-02	1.700568330462046696e-01	-8.705409358037252687e-02	2.422884607748414937e-02	4.928805416324358646e+00
2.273959798994974690e+01	1.886558407996467013e+00	5.278980397103011368e-01	2.312788448479006664e+00	6.224643748932029430e-02	1.706775360537764186e-01	-8.923951964418852523e-02	2.554316714307342320e-02	4.896472517227756782e+00
2.286517587939698259e+01	1.885055641939399784e+00	5.199097165474099169e-01	2.290116348517808209e+00	6.247842724100630823e-02	1.711949124624644603e-01	-9.166867454721654151e-02	2.638648261514301221e-02	4.863472854776015986e+00
2.299075376884421829e+01	1.883546509066417407e+00	5.119902628751178408e-01	2.267578464420020090e+00	6.266828840062439732e-02	1.716162271070167944e-01	-9.431883387078593417e-02	2.669760208595740175e-02	4.829778520084368587e+00
2.311633165829145398e+01	1.882031037437787324e+00	5.041398646729779998e-01	2.245175512377007188e+00	6.281836467013758585e-02	1.719489356429033666e-01	-9.716223685822640566e-02	2.642452792880395362e-02	4.795376005871391456e+00
2.324190954773869322e+01	1.880509255182185147e+00	4.963586902280147095e-01	2.222908171821992074e+00	6.293102630790056717e-02	1.722006385769190573e-01	-1.001663492542005374e-01	2.552628718555267212e-02	4.760267720048364737e+00
2.336748743718592891e+01	1.878981190495571552e+00	4.886468903640744932e-01	2.200777085864781490e+00	6.300865994335567988e-02	1.723790334934151292e-01	-1.032942479084828225e-01	2.397444313873506663e-02	4.724473055391451126e+00
2.349306532663316460e+01	1.877446871640069403e+00	4.810045986734125534e-01	2.178782861730883091e+00	6.305365841624374634e-02	1.724918660178045293e-01	-1.065051270190827543e-01	2.175448268097072285e-02	4.688029212140301105e+00
2.361864321608040029e+01	1.875906326942843760e+00	4.734319317503909996e-01	2.156926071204781081e+00	6.306841070632272783e-02	1.725468800952781045e-01	-1.097549226094996361e-01	1.886732554117052929e-02	4.650992023631287609e+00
2.374422110552763598e+01	1.874359584794978995e+00	4.659289894271593790e-01	2.135207251077126944e+00	6.305529202018822499e-02	1.725517681885536947e-01	-1.129970482915856611e-01	1.533117643932768552e-02	4.613437013655749652e+00
2.386979899497487168e+01	1.872806673650359244e+00	4.584958550111908337e-01	2.113626903595616113e+00	6.301665410139171974e-02	1.725141220131336806e-01	-1.161832316237455809e-01	1.118384105035886630e-02	4.575460817798305158e+00
2.399537688442210737e+01	1.871247622024548196e+00	4.511325955245545360e-01	2.092185496919318322e+00	6.295481582865192216e-02	1.724413844313756328e-01	-1.192644365180501598e-01	6.485465935722962809e-03	4.537182944146120889e+00
2.412095477386934661e+01	1.869682458493669763e+00	4.438392619447985021e-01	2.070883465576232485e+00	6.287205416456319307e-02	1.723408031173348232e-01	-1.221918532865575724e-01	1.321466462887448947e-03	4.498747656472928291e+00
2.424653266331658230e+01	1.868111211693289864e+00	4.366158894473273766e-01	2.049721210923856507e+00	6.277059551386474090e-02	1.722193865827565951e-01	-1.249179341807896415e-01	-4.194794443541206320e-03	4.460325565536764181e+00
2.437211055276381799e+01	1.866533910317299316e+00	4.294624976491533963e-01	2.028699101612534861e+00	6.265260754609310034e-02	1.720838631209936354e-01	-1.273974488314277564e-01	-9.920188203014615458e-03	4.422114343211632992e+00
2.449768844221105368e+01	1.864950583116796734e+00	4.223790908539087896e-01	2.007817474051383222e+00	6.252019153237597937e-02	1.719406431805142743e-01	-1.295885310274741686e-01	-1.568159070035966135e-02	4.384337861007145065e+00
2.462326633165828937e+01	1.863361258898973416e+00	4.153656582980043144e-01	1.987076632876576099e+00	6.237537524032011477e-02	1.717957856238336578e-01	-1.314536859963897908e-01	-2.127799645221658056e-02	4.347243028489101491e+00
2.474884422110552507e+01	1.861765966525998461e+00	4.084221743978204699e-01	1.966476851421784300e+00	6.222010642450923751e-02	1.716549682622287298e-01	-1.329607259807206732e-01	-2.648564729960818306e-02	4.311093693752012790e+00
2.487442211055276076e+01	1.860164734913907214e+00	4.015485989978231918e-01	1.946018372190563728e+00	6.205624694317359719e-02	1.715234629827927793e-01	-1.340836016688308208e-01	-3.106662865201334153e-02	4.276161185707416656e+00
2.500000000000000000e+01	1.858557593031486377e+00	3.947448776194960041e-01	1.925701407330489889e+00	6.188556752424467094e-02	1.714061157038090644e-01	-1.348030981181001231e-01	-3.478103065289769869e-02	4.242711432438528441e+00
